test/net/g2lab/icchange/view/profile/olddata/change-2010-03-b5.txt
ncols         452
nrows         411
xllcorner     527595,50307841
yllcorner     5934256,8476051
cellsize      5
NODATA_value  -9999
[rows 108 to 143 of 411, columns 240 to 319 of 452]
-9999 -9999 -9999 4498 4615 4461 4472 4575 4755 4848 4802 4846 4895 4883 4838 4724 4736 4648 4494 4665 4829 4643 4467 -9999 -9999 -9999 -9999 -9999 -9999 -9999 -9999 -9999 -9999 -9999 -9999 -9999 4635 5001 5073 5236 5329 5415 5690 5680 5501 5631 5764 5734 5748 5806 5858 5915 5887 5987 5921 5567 5415 5363 5320 5400 -9999 -9999 -9999 -9999 -9999 -9999 -9999 -9999 -9999 -9999 -9999 -9999 -9999 -9999 -9999 -9999 -9999 -9999 -9999 -9999
4741 4876 4707 4625 4716 4675 4559 4593 4725 4779 4707 4715 4741 4726 4664 4579 4514 4534 4457 4613 4887 4831 4823 4610 -9999 -9999 -9999 -9999 -9999 -9999 -9999 -9999 -9999 -9999 -9999 -9999 -9999 4331 4452 4767 5165 5371 5526 5537 5493 5629 5830 5722 5678 5870 5848 5837 5866 5948 5681 5283 5212 5200 5251 5277 -9999 -9999 -9999 -9999 -9999 -9999 -9999 -9999 -9999 -9999 -9999 -9999 -9999 -9999 -9999 -9999 -9999 -9999 -9999 -9999
4995 5040 4769 4494 4574 4732 4654 4568 4624 4600 4564 4609 4656 4649 4571 4519 4439 4456 4492 4587 4866 5018 5052 4869 4367 -9999 -9999 -9999 -9999 -9999 -9999 -9999 -9999 -9999 -9999 -9999 -9999 -9999 3913 4388 4998 5185 5225 5462 5582 5717 5866 5595 5592 5863 5807 5794 5795 5729 5490 5157 5102 5195 5251 -9999 -9999 -9999 -9999 -9999 -9999 -9999 -9999 -9999 -9999 -9999 -9999 -9999 -9999 -9999 -9999 -9999 -9999 -9999 -9999 -9999
4930 4915 4821 4568 4581 4854 4770 4638 4657 4628 4667 4721 4725 4703 4651 4588 4465 4516 4651 4686 4953 5039 4943 4957 4380 -9999 -9999 -9999 -9999 -9999 -9999 -9999 -9999 -9999 -9999 -9999 -9999 -9999 -9999 3934 4502 4769 5045 5502 5685 5780 5762 5558 5584 5782 5744 5737 5657 5496 5317 5023 5035 5247 5270 -9999 -9999 -9999 -9999 -9999 -9999 -9999 -9999 -9999 -9999 -9999 -9999 -9999 -9999 -9999 -9999 -9999 -9999 -9999 -9999 -9999
4933 4975 5007 4848 4763 4839 4733 4709 4772 4793 4835 4856 4802 4738 4716 4631 4509 4610 4828 4922 5035 4946 4871 4939 4378 3849 -9999 -9999 -9999 -9999 -9999 -9999 -9999 -9999 -9999 -9999 -9999 -9999 -9999 -9999 3994 4509 4915 5387 5617 5674 5681 5621 5567 5723 5800 5716 5578 5385 5191 4985 5071 5176 5078 -9999 -9999 -9999 -9999 -9999 -9999 -9999 -9999 -9999 -9999 -9999 -9999 -9999 -9999 -9999 -9999 -9999 -9999 -9999 -9999 -9999
4907 4962 4988 4870 4773 4716 4687 4737 4765 4796 4845 4841 4766 4687 4653 4671 4670 4704 4889 5030 5015 4842 4790 4735 4382 4189 4037 3922 4050 4409 4462 -9999 -9999 -9999 -9999 -9999 -9999 -9999 -9999 -9999 3771 4625 4614 4950 5434 5564 5683 5683 5631 5808 5915 5772 5602 5448 5255 5099 5176 -9999 -9999 -9999 -9999 -9999 -9999 -9999 -9999 -9999 -9999 -9999 -9999 -9999 -9999 -9999 -9999 -9999 -9999 -9999 -9999 -9999 -9999 -9999
4849 4749 4783 4824 4733 4691 4736 4777 4749 4741 4767 4768 4760 4775 4808 4856 4822 4708 4765 4809 4674 4516 4453 4368 4199 4233 4103 4010 4200 4632 4834 4619 -9999 -9999 -9999 -9999 -9999 -9999 -9999 -9999 -9999 4227 4170 4699 5356 5618 5666 5801 5827 5874 5969 5898 5704 5537 5312 5230 5306 -9999 -9999 -9999 -9999 -9999 -9999 -9999 -9999 -9999 -9999 -9999 -9999 -9999 -9999 5207 4979 -9999 -9999 4138 4169 -9999 -9999 -9999
4919 4776 4689 4720 4727 4771 4856 4883 -9999 4727 4766 4842 4898 5069 5055 4894 4867 4704 4526 4416 4060 -9999 -9999 -9999 -9999 -9999 -9999 -9999 4110 4584 4776 4767 4640 -9999 -9999 -9999 -9999 -9999 -9999 -9999 -9999 3792 4290 4789 5308 5505 5543 5846 5845 5777 5957 6005 5717 5384 5183 5155 5174 -9999 -9999 -9999 -9999 -9999 -9999 -9999 -9999 -9999 -9999 -9999 -9999 -9999 -9999 -9999 -9999 -9999 -9999 -9999 -9999 -9999 -9999 -9999
5114 4903 4721 4698 4767 4794 4841 4764 4689 4744 4802 4867 4906 5072 4993 4713 4778 4629 4205 3887 -9999 -9999 -9999 -9999 -9999 -9999 -9999 -9999 -9999 -9999 4187 4567 4566 -9999 -9999 -9999 -9999 -9999 -9999 -9999 -9999 3906 4461 4569 5132 5424 5470 5690 5700 5671 5798 5854 5562 5128 4981 4983 -9999 -9999 -9999 -9999 -9999 -9999 -9999 -9999 -9999 -9999 -9999 -9999 5116 -9999 -9999 -9999 -9999 -9999 -9999 -9999 -9999 4994 5270 -9999
5061 4956 4824 4833 4898 4869 4774 4542 4520 4717 4743 4768 4738 4752 4836 4692 4511 4376 -9999 -9999 -9999 -9999 -9999 -9999 -9999 -9999 -9999 -9999 -9999 -9999 -9999 -9999 -9999 -9999 -9999 -9999 -9999 -9999 -9999 -9999 -9999 3966 4573 4725 5154 5406 5448 5452 5541 5556 5574 5579 5430 5113 4918 4907 -9999 -9999 -9999 -9999 -9999 -9999 -9999 -9999 -9999 -9999 -9999 -9999 -9999 -9999 -9999 -9999 -9999 -9999 -9999 4979 5039 5427 -9999 -9999
4917 4913 4832 4823 4859 4788 4704 4639 4593 4653 4631 4687 4707 4620 4596 4486 -9999 -9999 -9999 -9999 -9999 -9999 -9999 -9999 -9999 -9999 -9999 -9999 -9999 -9999 -9999 -9999 -9999 -9999 -9999 -9999 -9999 -9999 -9999 -9999 -9999 3960 4520 4852 4950 5131 5323 5325 5352 5403 5551 5534 5355 5199 4941 -9999 -9999 -9999 -9999 -9999 -9999 -9999 -9999 -9999 -9999 -9999 -9999 -9999 -9999 -9999 -9999 5467 -9999 -9999 -9999 -9999 -9999 -9999 -9999 -9999
4875 4810 4683 4620 4640 4519 4502 4610 4622 4646 4642 4635 4673 4672 4565 4399 -9999 -9999 -9999 -9999 -9999 -9999 -9999 -9999 -9999 -9999 -9999 -9999 -9999 -9999 -9999 -9999 -9999 -9999 -9999 -9999 -9999 -9999 -9999 -9999 -9999 -9999 4231 4566 4655 4792 5157 5136 5029 5102 5227 5117 4934 5008 4808 -9999 -9999 -9999 -9999 -9999 -9999 -9999 -9999 -9999 -9999 -9999 -9999 -9999 -9999 -9999 -9999 5222 5553 -9999 -9999 -9999 -9999 -9999 -9999 -9999
4581 4599 4580 4532 4514 4420 4500 4677 4690 4760 4772 4764 4852 4824 4728 4503 4116 -9999 -9999 -9999 -9999 -9999 -9999 -9999 -9999 -9999 -9999 -9999 -9999 -9999 -9999 -9999 -9999 -9999 -9999 -9999 -9999 -9999 -9999 -9999 -9999 -9999 4437 4630 4632 4737 4937 4762 4641 4636 4662 4456 -9999 -9999 -9999 -9999 -9999 -9999 -9999 -9999 -9999 -9999 -9999 -9999 -9999 -9999 -9999 -9999 -9999 -9999 -9999 -9999 -9999 -9999 -9999 5582 5549 -9999 -9999 -9999
4615 4719 4670 4624 4588 4562 4601 4716 4774 4817 4756 4739 4829 4672 4636 4501 4102 -9999 -9999 -9999 -9999 -9999 -9999 -9999 -9999 -9999 -9999 -9999 -9999 -9999 -9999 -9999 -9999 -9999 -9999 -9999 -9999 -9999 -9999 -9999 -9999 4142 4671 4631 4722 4850 4844 4590 4545 4467 4341 4184 -9999 -9999 -9999 -9999 -9999 -9999 -9999 -9999 -9999 -9999 -9999 -9999 -9999 -9999 -9999 -9999 -9999 -9999 -9999 -9999 -9999 -9999 -9999 -9999 -9999 -9999 -9999 -9999
4896 4914 4708 4653 4695 4670 4560 4573 4578 4583 4590 4527 4549 4557 4640 4544 4106 -9999 -9999 -9999 -9999 -9999 -9999 -9999 4199 4388 4428 4187 -9999 -9999 -9999 -9999 -9999 -9999 -9999 -9999 -9999 -9999 -9999 -9999 -9999 4263 4464 4499 4687 4782 4771 4682 4706 4564 4353 -9999 4174 -9999 -9999 -9999 -9999 4512 -9999 -9999 -9999 -9999 -9999 -9999 -9999 -9999 -9999 -9999 -9999 -9999 -9999 -9999 -9999 -9999 -9999 -9999 -9999 -9999 -9999 -9999
4937 4913 4668 4646 4721 4660 4511 4524 4424 4442 4563 4543 4551 4601 4617 4509 4096 -9999 -9999 -9999 -9999 -9999 -9999 4299 4228 4232 4237 4174 4165 4060 -9999 -9999 -9999 -9999 -9999 -9999 -9999 -9999 -9999 -9999 -9999 4220 4338 4575 4694 4647 4628 4678 4703 4586 4481 4388 4341 4468 -9999 -9999 4564 4860 -9999 -9999 -9999 -9999 -9999 -9999 -9999 -9999 -9999 -9999 -9999 -9999 -9999 -9999 -9999 -9999 -9999 -9999 -9999 -9999 -9999 -9999
4725 4832 4710 4650 4755 4807 4767 4697 4528 4546 4655 4615 4550 4570 4586 4535 4279 -9999 -9999 -9999 -9999 -9999 -9999 4288 4122 4050 4135 4260 4384 4319 4376 -9999 -9999 -9999 -9999 -9999 -9999 -9999 -9999 -9999 4234 4347 4322 4412 4405 4405 4468 4460 4553 4596 4662 4528 -9999 4681 4665 -9999 4877 -9999 -9999 -9999 -9999 -9999 -9999 -9999 -9999 -9999 -9999 -9999 -9999 -9999 -9999 -9999 -9999 -9999 -9999 -9999 -9999 -9999 -9999 -9999
4756 4941 4780 4614 4691 4877 4852 4732 4613 -9999 -9999 4444 4490 -9999 4617 4626 4469 -9999 -9999 -9999 -9999 -9999 -9999 4129 4328 4448 4622 4514 4468 4528 4581 4617 4415 4197 4046 4130 4269 4458 4379 -9999 4152 4241 4272 4271 4173 4354 4576 -9999 -9999 4582 4691 -9999 -9999 4817 4761 -9999 -9999 -9999 -9999 -9999 -9999 -9999 -9999 -9999 -9999 -9999 -9999 -9999 -9999 -9999 -9999 -9999 -9999 -9999 -9999 -9999 -9999 -9999 -9999 -9999
4961 4959 4786 4651 4599 4672 4566 4483 4516 -9999 -9999 4451 4596 4534 4556 4540 4371 -9999 -9999 -9999 -9999 -9999 -9999 4289 4806 5060 5031 4729 4695 4900 4884 4942 5023 4938 4740 4796 4910 4837 4470 4094 4060 4196 4287 4244 4213 4274 -9999 -9999 -9999 -9999 4547 -9999 4605 4768 4786 -9999 -9999 -9999 5035 -9999 -9999 -9999 -9999 -9999 -9999 -9999 -9999 -9999 -9999 -9999 -9999 -9999 -9999 -9999 -9999 -9999 -9999 -9999 -9999 -9999
4876 4695 4615 4699 4563 4494 4541 -9999 -9999 4627 4731 4728 4681 4582 4471 4278 4098 -9999 -9999 -9999 -9999 -9999 -9999 4298 4681 5017 4924 4662 4573 4928 5144 5090 5204 5299 5274 5219 5001 4702 4423 4126 4084 4207 4240 -9999 -9999 4203 -9999 -9999 -9999 4669 4517 4436 4554 4766 4943 -9999 -9999 -9999 -9999 -9999 -9999 -9999 4073 -9999 -9999 -9999 -9999 -9999 -9999 -9999 -9999 -9999 -9999 -9999 -9999 -9999 -9999 -9999 -9999 -9999
4769 4698 4651 4728 4675 4505 4571 4715 4552 4454 4470 4564 4679 4640 4447 4152 3881 3710 -9999 -9999 -9999 -9999 -9999 4138 4309 4683 4883 4729 4569 4871 5171 5140 5356 5339 5184 5098 4815 4540 4403 4327 4175 4114 4115 -9999 3958 4297 -9999 -9999 -9999 4602 4456 4451 4672 4824 4991 -9999 5228 5199 -9999 -9999 -9999 -9999 4185 -9999 -9999 -9999 -9999 -9999 -9999 -9999 -9999 -9999 -9999 -9999 -9999 -9999 -9999 -9999 -9999 -9999
4561 4783 4718 4639 4651 4459 4611 4759 4343 -9999 4381 4441 4618 4632 4407 4203 3970 -9999 -9999 -9999 -9999 -9999 -9999 -9999 4354 4684 4797 4779 4663 4713 4895 4909 4968 4888 4857 4915 4749 4553 4463 4399 4149 3984 -9999 -9999 -9999 -9999 -9999 -9999 -9999 4538 4424 -9999 -9999 -9999 -9999 5016 5058 5019 5006 -9999 -9999 -9999 -9999 -9999 -9999 -9999 -9999 -9999 -9999 -9999 -9999 -9999 -9999 -9999 -9999 -9999 -9999 -9999 -9999 -9999
4428 4677 4658 4607 4624 4526 4545 4511 4235 4330 4398 4409 4529 4570 4417 4259 4141 3774 -9999 -9999 -9999 -9999 -9999 -9999 4298 4373 4441 4643 4598 4465 4673 4675 4564 4628 4705 4646 4483 4445 4381 4241 4024 3876 -9999 4155 -9999 -9999 -9999 -9999 -9999 -9999 4458 -9999 -9999 -9999 -9999 5032 5063 4987 -9999 -9999 -9999 -9999 -9999 -9999 -9999 -9999 -9999 -9999 -9999 -9999 -9999 -9999 -9999 -9999 -9999 -9999 -9999 -9999 -9999 -9999
4466 4673 4793 4651 4660 4650 4481 4382 4308 4345 4369 4321 4365 4438 4413 4188 3965 3753 -9999 -9999 -9999 -9999 -9999 -9999 -9999 3961 4152 4401 4560 4540 4622 4617 4589 4550 4444 4179 4059 4173 4231 4075 -9999 3882 3950 4096 -9999 -9999 -9999 -9999 -9999 -9999 4401 -9999 -9999 -9999 -9999 -9999 -9999 -9999 -9999 4963 -9999 -9999 -9999 -9999 -9999 -9999 -9999 -9999 -9999 -9999 -9999 -9999 -9999 -9999 -9999 -9999 -9999 -9999 -9999 -9999
4363 4528 4633 4537 4593 4693 4545 4378 4321 4325 4409 4296 4278 4412 4461 4185 -9999 3810 -9999 -9999 -9999 -9999 -9999 -9999 -9999 -9999 4181 4372 4416 4480 4446 4475 4479 4377 4163 -9999 -9999 -9999 4085 3982 -9999 -9999 -9999 -9999 4194 4327 4528 4686 -9999 -9999 4289 -9999 -9999 -9999 4675 -9999 4777 4914 5019 4969 4789 -9999 -9999 -9999 -9999 5061 5190 -9999 -9999 -9999 -9999 -9999 -9999 -9999 -9999 -9999 -9999 -9999 -9999 -9999
4293 4201 4270 4313 -9999 4443 4450 -9999 -9999 4428 4396 4299 4340 4536 4582 4358 -9999 3940 3733 -9999 -9999 -9999 -9999 -9999 -9999 -9999 4016 4208 4161 4237 4217 4147 4145 4213 4118 -9999 -9999 -9999 4026 4001 4070 4090 4009 4064 4273 4430 4515 4647 4625 4478 4362 4398 4543 4619 4698 4700 4716 4813 4897 4867 4792 -9999 -9999 -9999 4484 4916 -9999 -9999 -9999 -9999 -9999 -9999 -9999 -9999 -9999 -9999 -9999 -9999 -9999 -9999
4262 4119 4338 4438 -9999 4314 4300 4167 -9999 4313 4313 4378 4407 4608 4713 4584 4371 4085 3718 -9999 -9999 -9999 -9999 -9999 -9999 -9999 -9999 4135 4274 4234 3979 -9999 -9999 4156 4134 -9999 -9999 -9999 -9999 -9999 4329 4278 4160 4241 4403 4554 4615 4728 4782 4699 4593 4613 4716 4753 4791 -9999 -9999 4646 4681 4742 4718 -9999 -9999 -9999 4364 -9999 -9999 -9999 -9999 -9999 -9999 -9999 -9999 -9999 -9999 -9999 -9999 -9999 -9999 -9999
4247 4332 4371 4420 4426 4494 4525 4422 4336 4259 4361 4478 4485 4590 4710 4642 4477 4192 3774 -9999 -9999 -9999 -9999 -9999 -9999 -9999 3951 4194 4377 4317 4139 4094 4211 -9999 -9999 -9999 -9999 -9999 -9999 -9999 -9999 -9999 -9999 4462 4589 4723 4827 4906 4946 4925 4896 4912 4867 4776 -9999 4669 4562 4533 4597 -9999 -9999 -9999 -9999 -9999 4314 -9999 -9999 -9999 -9999 -9999 -9999 -9999 -9999 -9999 -9999 -9999 -9999 -9999 -9999 -9999
-9999 4278 4307 4334 4427 4537 4566 4507 4426 4424 4485 4565 4559 4571 4638 4646 4511 4319 3943 -9999 -9999 -9999 -9999 -9999 -9999 4104 4217 4333 4419 4493 4485 4292 4138 4094 4119 -9999 -9999 -9999 -9999 -9999 -9999 4528 4471 4650 4915 4817 4865 5001 5031 5090 5103 5047 4901 4718 4628 4626 4573 4604 4691 4779 4800 4662 4478 -9999 -9999 -9999 -9999 -9999 -9999 -9999 -9999 -9999 -9999 -9999 -9999 -9999 -9999 -9999 -9999 -9999
4059 4211 4465 4535 4506 4569 4579 4500 4509 4507 4451 4495 4578 -9999 4663 4710 4646 4465 4116 -9999 -9999 -9999 -9999 -9999 -9999 3988 4357 4481 4489 4480 4496 4386 4159 4042 4069 4027 4154 4276 -9999 -9999 -9999 4456 4498 4788 5001 4730 -9999 4933 5123 5061 5115 5048 4909 4782 4713 4749 4706 4770 4902 4958 4935 -9999 4512 4283 -9999 -9999 -9999 -9999 -9999 -9999 -9999 -9999 -9999 -9999 -9999 -9999 -9999 -9999 -9999 -9999
4249 4234 4438 4556 4479 4587 4695 4619 4550 4490 4385 4386 4541 4626 4607 4658 4745 4619 4332 -9999 -9999 -9999 -9999 -9999 -9999 -9999 4287 4519 4575 4449 4406 4355 4200 4089 4077 4059 4168 4212 4222 -9999 4390 4448 4551 4640 4895 4908 4791 4883 4982 4887 5115 5096 4944 4978 5005 4900 4902 4993 5052 5015 -9999 -9999 4578 4353 -9999 -9999 -9999 -9999 -9999 -9999 -9999 -9999 -9999 -9999 -9999 -9999 -9999 -9999 -9999 -9999
4247 4237 4403 4552 4519 4529 4553 4538 4501 4507 4418 4328 4429 4544 4553 4571 4721 4723 4450 -9999 -9999 -9999 -9999 -9999 -9999 -9999 4081 4332 4318 4121 4131 4159 4085 4032 4062 4092 4103 4110 4158 -9999 4291 4382 4439 4442 4704 4896 4788 4681 4690 4768 4952 5020 5073 5218 5432 5203 4936 -9999 5040 4926 -9999 -9999 4700 -9999 -9999 -9999 -9999 -9999 -9999 -9999 -9999 -9999 -9999 -9999 -9999 -9999 -9999 -9999 -9999 -9999
4240 4184 4319 4556 4677 4654 4614 4501 4456 4489 4478 4405 4414 4495 4520 4574 4690 4732 4538 4209 -9999 -9999 -9999 -9999 -9999 -9999 -9999 4218 4202 -9999 -9999 -9999 -9999 3914 4080 4119 4074 4104 4153 -9999 4219 4266 4309 4275 4360 4620 4618 4496 4534 4598 4737 4945 5221 5332 5342 5175 4911 -9999 5101 4966 4841 4875 4776 -9999 -9999 -9999 -9999 -9999 -9999 -9999 -9999 -9999 -9999 4634 -9999 -9999 -9999 -9999 -9999 -9999
4347 4145 4199 4456 4661 4654 4591 4474 4371 4406 4467 4418 4387 4428 4292 -9999 -9999 4464 4381 -9999 -9999 -9999 -9999 -9999 -9999 -9999 -9999 -9999 -9999 -9999 -9999 -9999 -9999 -9999 -9999 4192 4228 4345 4331 4365 4330 4278 4388 4337 4259 4506 4543 4415 4473 4519 4646 4875 5086 5119 5033 5121 5039 4940 4952 4933 4919 4881 4743 4530 -9999 -9999 -9999 -9999 -9999 -9999 -9999 -9999 -9999 -9999 -9999 -9999 -9999 -9999 -9999 -9999
4494 4194 -9999 4320 4508 4539 4466 4467 4420 4419 4442 4333 4358 4368 -9999 -9999 -9999 -9999 -9999 -9999 -9999 -9999 -9999 -9999 -9999 -9999 -9999 -9999 -9999 -9999 -9999 -9999 -9999 -9999 -9999 -9999 -9999 4601 4561 4633 4612 -9999 4692 4627 4522 4612 4550 4486 4541 4600 4640 4716 4819 4956 5023 5022 4904 4767 4785 4914 4917 4750 4548 4499 4316 -9999 -9999 -9999 -9999 -9999 -9999 -9999 -9999 -9999 -9999 -9999 -9999 -9999 -9999 -9999
4533 4256 -9999 -9999 4349 4520 4481 4439 4464 4465 4430 4350 4369 -9999 -9999 -9999 -9999 -9999 -9999 -9999 -9999 -9999 -9999 -9999 -9999 -9999 -9999 -9999 -9999 -9999 -9999 -9999 -9999 -9999 -9999 -9999 -9999 -9999 -9999 4712 -9999 -9999 -9999 4874 4781 4703 4637 4640 4658 4721 4766 4808 4886 5027 5039 4914 4781 4748 4814 4852 4713 4602 4437 4429 4430 -9999 -9999 -9999 -9999 -9999 -9999 -9999 -9999 -9999 -9999 -9999 -9999 -9999 -9999 -9999
