test/net/g2lab/icchange/view/profile/olddata/change-2010-03-b5.txt
ncols         452
nrows         411
xllcorner     527595,50307841
yllcorner     5934256,8476051
cellsize      5
NODATA_value  -9999
[rows 180 to 215 of 411, columns 160 to 239 of 452]
6665 6601 6664 6633 6550 6680 6720 6780 6810 6673 6692 6779 6708 6644 6588 6351 6228 6518 6387 6242 6364 6581 6432 6218 6180 5711 5491 5516 -9999 -9999 -9999 -9999 -9999 -9999 -9999 -9999 -9999 -9999 -9999 -9999 -9999 -9999 -9999 -9999 -9999 -9999 -9999 -9999 -9999 -9999 -9999 -9999 -9999 -9999 -9999 -9999 -9999 -9999 -9999 4425 4712 4932 4985 5182 5285 5286 5248 5147 5025 4893 4863 4939 4963 4875 4727 4811 4908 4848 4651 4517
6632 6586 6679 6703 6442 6563 6769 6650 6639 6623 6676 6900 6845 6587 6429 6307 6262 6377 6299 6191 6274 6430 6193 6076 6103 5856 5963 6082 5767 5450 -9999 -9999 -9999 -9999 -9999 -9999 -9999 -9999 -9999 -9999 -9999 -9999 -9999 -9999 -9999 -9999 -9999 -9999 -9999 -9999 -9999 -9999 -9999 -9999 -9999 -9999 4699 -9999 4549 4736 4920 4996 5147 5441 5435 5332 5263 5122 5080 4956 4801 4826 4900 4867 4788 4759 4888 4844 4600 4482
6436 6541 6546 6181 5850 6137 6528 6616 6624 6612 6547 6541 6504 6200 6050 6186 6135 6035 5997 6012 6076 6118 5969 5982 5900 5809 6184 6354 6086 5942 5874 6000 5903 5719 5614 5589 5658 5830 5970 5913 5872 5734 5671 5557 5494 5499 5356 -9999 -9999 -9999 -9999 -9999 -9999 -9999 -9999 -9999 4850 4585 4667 4901 4997 4920 5028 5190 5120 5110 4907 4696 4874 4777 4563 4586 4508 4527 4617 4462 4354 4378 4339 4341
5993 5929 5723 5038 4952 5690 6265 6476 6442 6527 6396 6237 6142 6024 5912 6021 6166 6173 5978 5823 5816 5825 5823 5940 5671 5717 6235 6558 6516 6275 5979 5974 5957 5792 5808 5983 6089 6059 6211 6274 6177 5859 5661 5724 5737 5628 5521 5485 5373 5169 5039 5062 4824 4443 -9999 -9999 4649 -9999 4556 4731 4813 4728 4711 4760 4744 4843 4677 4548 4693 4488 4365 4468 4400 4394 4409 4399 4322 4332 4314 4121
5335 5257 4938 -9999 -9999 5066 5689 5884 5980 6176 5985 5961 6030 6056 6106 6102 6093 6003 5813 5737 5957 5886 5793 5831 5649 5872 6468 6724 6635 6394 6342 6472 6341 6037 6047 6257 6348 6277 6359 6312 6152 6047 5929 5851 5739 5606 5474 5529 5632 5563 5233 4970 4835 4813 -9999 -9999 4502 4490 4682 4517 4579 4678 4617 4696 4812 4891 4836 4891 4971 4734 4634 4685 4708 4855 4782 4605 4620 4654 4456 4174
5536 5422 5073 4649 4680 5165 5484 5363 5415 5521 5481 5779 5843 5600 5630 5540 5455 5416 5431 5396 5532 5680 5602 5650 5789 6149 6418 6449 6456 6274 6274 6460 6468 6295 6210 6302 6318 6291 6378 6270 6071 5967 5964 5810 5770 5852 5816 5776 5806 5809 5539 4970 4681 4835 4969 4871 4644 4751 4878 4600 4644 4813 4845 4930 5056 5054 4969 4942 4930 4863 4867 4760 4574 4568 4665 4689 4727 4682 4406 4197
6192 6026 5698 5527 5637 5773 5888 5778 5701 5724 5667 5624 5580 5437 5413 5300 5257 5262 5281 5282 5296 5451 5422 5421 5696 5979 5975 6069 6346 6196 5785 5791 6159 6378 6422 6408 6279 6234 6249 6144 6061 5958 5870 5683 5731 5916 5949 5862 5724 5664 5631 4835 -9999 4681 4928 4848 4717 4823 5000 4940 4878 4796 4863 4993 5083 5032 4960 5005 4993 4873 4776 4734 4315 3959 4161 4420 4547 4485 4305 -9999
6053 6029 5956 5967 6062 6044 6131 6241 6277 6363 6294 6105 6096 5989 5974 5992 5981 5891 5782 5794 5610 5501 5538 5350 5465 5686 5745 5753 5725 5547 5029 5116 5751 6027 6095 6095 6153 6168 6040 5860 5906 5821 5674 5535 5466 5537 5636 5752 5714 5544 5405 4529 -9999 4692 4947 4912 4754 4769 4939 5030 4950 4809 4704 4856 4991 5019 4912 4944 5091 4989 4652 4380 4025 -9999 -9999 3854 4045 4162 -9999 -9999
6149 6099 6000 5931 6001 6075 6169 6264 6291 6273 6462 6580 6635 6550 6453 6488 6482 6423 6323 6295 6073 6078 6144 5828 5713 5744 5628 5600 5542 5228 4698 4722 5247 5530 5594 5670 5677 5616 5409 5334 5454 5295 5035 5000 5147 5156 5317 5543 5569 5336 -9999 -9999 -9999 4476 4753 4824 4827 4840 4910 4969 4948 4894 4672 4712 4885 4870 4867 4802 4840 4683 4498 4371 4285 4054 3940 4005 4262 4435 4424 4452
6419 6463 6424 6350 6431 6395 6236 6180 6211 6265 6448 6601 6623 6613 6493 6482 6501 6481 6407 6304 6232 6320 6566 6538 6301 6207 6154 6126 6187 5811 5280 5291 5528 5742 5714 5841 5675 5317 5078 5083 5242 5270 5278 5313 5339 5176 5145 5249 5304 5305 5102 4841 4575 4678 4879 4805 4899 5014 5048 5051 5023 4928 4829 4871 5005 4985 5114 5206 5206 5130 4991 4987 4946 4844 4797 4937 5143 5139 5123 5192
6514 6606 6608 6537 6638 6652 6487 6453 6590 6516 6372 6525 6738 6844 6702 6607 6581 6520 6593 6569 6456 6360 6434 6501 6396 6563 6679 6617 6506 6204 5976 6096 6195 6272 6314 6423 6150 5680 5481 5585 5681 5743 5932 5997 5701 5365 5330 5270 5363 5648 5546 5256 5059 5198 5341 5336 5443 5389 5283 5287 5346 5172 5075 5210 5367 5372 5298 5540 5717 5758 5525 5390 5508 5586 5565 5517 5494 5425 5462 5609
6298 6355 6364 6300 6332 6500 6485 6411 6613 6546 6419 6661 6732 6850 6927 6944 7028 7039 7011 6953 6938 6932 6803 6752 6608 6583 6664 6787 6773 6518 6165 6079 6189 6321 6507 6617 6439 6120 5975 6116 6129 5994 5885 5832 5767 5685 5771 5590 5485 5619 5536 5329 5222 5270 5247 5322 5488 5469 5269 5146 5187 5182 5223 5427 5357 5363 5302 5394 5475 5527 5613 5571 5600 5694 5685 5654 5531 5365 5291 5358
6235 6159 6197 6236 6227 6190 6213 6222 6253 6284 6356 6509 6518 6566 6604 6589 6810 6930 6940 6983 6918 6854 6798 6997 6851 6656 6813 6916 6860 6614 6202 6070 6209 6265 6305 6320 6252 6222 6265 6337 6343 6339 6258 6118 6047 6022 5922 5728 5658 5640 5528 5388 5381 5466 5418 5254 5279 5321 5252 5220 5238 5301 5295 5336 5356 5323 5217 5036 5175 5260 5384 5443 5440 5516 5594 5577 5430 5228 5146 5175
6373 6251 6336 6325 6314 6241 6233 6468 6623 6514 6585 6516 6436 6400 6486 6511 6507 6482 6549 6712 6645 6663 6720 6825 6655 6589 6780 6703 6719 6537 6210 6109 6248 6344 6322 6326 6404 6488 6464 6459 6458 6534 6564 6471 6354 6237 6086 5964 5996 5997 5850 5647 5637 5743 5784 5645 5675 5741 5552 5569 5631 5591 5611 5613 5611 5479 5504 5476 5393 5387 5390 5494 5506 5571 5628 5570 5474 5283 5186 5190
6341 6240 6213 6126 6162 6326 6338 6326 6384 6443 6655 6610 6514 6569 6585 6597 6592 6702 6684 6768 6774 6799 6890 6893 6812 6727 6606 6412 6544 6423 6135 6099 6232 6350 6298 6319 6542 6729 6612 6555 6610 6654 6637 6554 6453 6438 6324 6294 6348 6204 6089 6028 6034 5941 5963 6050 6083 6054 5865 5796 5758 5798 5837 5887 5932 5887 5747 5784 5811 5849 5683 5677 5808 5793 5798 5720 5595 5421 5324 5348
5921 5812 5727 5742 5735 5844 5920 5817 5881 5975 6120 6256 6201 6182 6210 6395 6479 6509 6446 6598 6802 6724 6740 6766 6787 6709 6600 6526 6579 6331 6006 6003 6247 6494 6505 6414 6420 6630 6758 6766 6751 6730 6694 6721 6816 6852 6686 6613 6548 6368 6292 6322 6329 6177 6192 6273 6158 6069 6060 6047 5866 5934 6018 6009 5976 5946 5865 5896 5922 5931 5943 5915 5906 5848 5861 5716 5516 5382 5371 5414
5823 5639 5704 5919 6033 6044 5987 5852 5835 5710 5723 5898 5821 5629 5666 5963 6027 5912 5857 5885 5964 6001 6147 6186 6231 6329 6309 6236 6175 6028 5825 5838 6073 6335 6439 6448 6565 6614 6675 6685 6711 6742 6801 6912 7128 7132 6942 6927 6799 6553 6433 6378 6330 6242 6289 6297 6166 6042 6041 6066 5955 6193 6303 6122 6028 5890 5703 5651 5813 5925 5907 5768 5627 5717 5800 5619 5318 5232 5349 5442
6221 6120 6299 6369 6406 6481 6530 6413 6225 6069 6037 6117 6048 5948 5993 6084 5908 5691 5655 5718 5664 5643 5675 5636 5646 5643 5632 5633 5530 5464 5429 5465 5600 5750 5823 5908 6051 6125 6142 6256 6417 6421 6436 6598 6855 6959 6859 6866 6722 6501 6445 6497 6437 6327 6327 6355 6388 6382 6393 6223 6145 6338 6455 6255 5950 5613 5185 5011 5054 5069 5058 5204 5366 5574 5715 5531 5258 5240 5441 5518
6597 6434 6595 6691 6743 6805 6799 6790 6742 6711 6624 6552 6476 6415 6527 6526 6265 5958 5840 5885 5846 5805 5708 5563 5491 5387 5321 5404 5296 5085 5058 5137 5214 5218 5083 5123 5281 5441 5600 5740 5825 5852 5817 5901 6154 6172 6077 6106 6161 6113 6028 6047 6054 6085 6180 6258 6194 6192 6322 6244 6197 6331 6343 6183 5607 5034 4340 3857 -9999 3952 3945 4361 5078 5599 5725 5500 5317 5414 5571 5496
6728 6575 6594 6780 6911 6956 6944 7000 6886 6776 6740 6720 6714 6709 6771 6727 6444 6187 6015 5943 5898 5898 5753 5628 5645 5615 5496 5422 5308 5149 5075 5069 5008 4826 -9999 -9999 4907 4949 4913 5086 5413 5584 5571 5441 5323 5224 5304 5395 5455 5424 5340 5322 5393 5465 5580 5634 5518 5422 5530 5665 5616 5582 5654 5801 5419 4547 -9999 -9999 -9999 -9999 -9999 4191 5029 5443 5603 5381 5248 5340 5365 5236
6428 6507 6490 6532 6570 6477 6495 6672 6569 6473 6511 6489 6565 6645 6775 6855 6639 6267 6028 5768 5714 5773 5694 5608 5644 5717 5620 5493 5479 5409 5346 5367 5361 5194 5003 4876 4894 4950 4936 5022 5480 5747 5618 5379 5075 5011 5163 5210 5129 5065 5086 5141 5123 4999 4959 4979 4992 5120 5157 5088 4934 4825 4975 5195 5062 -9999 -9999 -9999 -9999 -9999 -9999 4315 4743 5021 5090 4979 4899 4960 5005 4943
6397 6547 6400 6197 6160 6142 6158 6307 6310 6343 6308 6229 6390 6369 6309 6444 6429 6237 6006 5727 5614 5630 5557 5511 5470 5472 5452 5451 5491 5453 5356 5599 5872 5715 5514 5433 5426 5582 5605 5481 5737 6107 6018 5711 5384 5279 5442 5463 5448 5390 5314 5187 4980 4797 4855 4836 4736 4756 4837 4873 4843 4797 -9999 -9999 -9999 -9999 4518 4446 4485 -9999 -9999 -9999 -9999 4759 4720 -9999 -9999 4737 4761 4662
6692 6621 6489 6345 6404 6513 6407 6464 6502 6390 6366 6312 6335 6357 6297 6266 6207 6151 5989 5801 5716 5630 5503 5439 5348 5302 5330 5352 5539 5605 5432 5737 6000 5778 5790 5814 5872 6011 6153 6180 6293 6468 6394 6015 5720 5585 5776 5913 5946 5884 5797 5639 5262 5120 5224 5152 5085 5060 5060 5052 4992 4950 4885 4808 4725 4608 4492 4461 4494 4400 -9999 -9999 -9999 -9999 4524 -9999 -9999 4426 4334 -9999
6794 6756 6688 6670 6749 6813 6665 6831 6771 6469 6529 6619 6600 6582 6676 6628 6477 6404 6223 5985 5872 5713 5660 5633 5461 5448 5417 5307 5521 5571 5454 5889 6111 5921 5901 5903 5862 5983 6315 6640 6704 6652 6618 6451 6296 6125 6037 6163 6235 6219 6186 6079 5748 5602 5745 5694 5639 5649 5599 5466 5417 5388 5282 5194 5134 5084 4946 4608 4451 4636 4690 4648 4548 4536 4349 4163 4236 -9999 -9999 -9999
6607 6650 6570 6538 6513 6585 6648 6823 6750 6545 6633 6681 6650 6587 6740 6817 6738 6637 6407 6113 5869 5700 5704 5718 5538 5557 5425 5263 5469 5334 5291 5705 5904 5823 5794 5980 6043 6095 6350 6661 6838 6834 6916 6881 6751 6625 6287 6174 6315 6243 6291 6284 6071 5949 5954 5923 5837 5798 5828 5759 5785 5725 5597 5547 5635 5692 5571 5327 5075 5140 5163 5182 5085 4910 4600 4453 4529 4470 4403 4423
6592 6509 6395 6303 6230 6427 6534 6488 6494 6400 6386 6397 6487 6528 6570 6622 6587 6505 6386 6293 6087 5831 5709 5613 5538 5598 5455 5360 5486 5268 5318 5709 5888 5802 5578 5652 5881 5993 6189 6508 6790 6916 6985 6903 6825 6827 6846 6757 6591 6402 6413 6430 6361 6242 6053 6011 6012 5986 6074 6038 5948 5855 5823 5894 5929 5830 5687 5615 5558 5515 5486 5506 5399 5232 5053 4998 5050 4984 4980 4923
6824 6639 6430 6287 6337 6594 6671 6574 6549 6355 6251 6317 6374 6384 6356 6358 6313 6248 6229 6277 6221 6023 5893 5749 5645 5591 5497 5485 5478 5301 5385 5800 6118 6074 5759 5684 5944 5886 6033 6405 6696 6889 6858 6765 6817 6820 6867 6957 6872 6753 6767 6652 6536 6487 6388 6384 6384 6247 6344 6253 6015 6014 6003 5983 5911 5701 5640 5748 5733 5635 5575 5589 5462 5303 5220 5165 5136 5093 5083 4957
6755 6555 6477 6466 6512 6580 6555 6514 6542 6485 6415 6505 6582 6449 6400 6455 6453 6370 6226 6127 6092 6028 5938 5886 5666 5512 5436 5400 5301 5282 5425 5710 5896 5864 5915 5982 6135 6013 6166 6512 6714 6797 6852 6803 6793 6637 6505 6573 6557 6689 6805 6681 6537 6401 6334 6343 6409 6360 6358 6197 6050 6123 6035 5940 5890 5797 5682 5671 5636 5569 5678 5700 5430 5217 5116 5117 5188 5059 4847 4790
6688 6565 6519 6513 6571 6540 6451 6370 6429 6507 6536 6619 6673 6535 6423 6363 6348 6334 6200 5999 5875 5798 5664 5592 5502 5450 5400 5260 5208 5312 5580 5821 5931 5938 6075 6033 5987 6020 6300 6558 6639 6625 6690 6730 6717 6692 6746 6809 6753 6843 6760 6574 6584 6565 6447 6297 6291 6315 6248 6125 6132 6152 6027 5923 5833 5793 5720 5595 5541 5525 5597 5611 5400 5284 5102 5094 5216 5130 4860 4716
6541 6572 6549 6538 6643 6546 6451 6482 6599 6736 6732 6686 6579 6529 6536 6543 6436 6243 6026 5817 5682 5630 5331 5239 5347 5251 5155 5156 5323 5386 5631 5898 6120 6181 6177 6096 6283 6515 6554 6460 6419 6446 6598 6742 6716 6685 6767 6791 6808 6948 6799 6499 6431 6421 6465 6481 6430 6329 6196 6124 6172 6164 6051 5977 5789 5735 5780 5669 5594 5542 5425 5422 5412 5365 5052 5068 5238 5091 4951 4871
6283 6286 6171 6172 6396 6392 6449 6590 6617 6694 6811 6934 6876 6741 6706 6732 6764 6623 6387 6081 5855 5706 5402 5278 5358 5263 5104 5177 5291 5147 5471 5900 6083 6123 6229 6419 6623 6937 6905 6636 6661 6744 6760 6828 6737 6613 6712 6596 6494 6511 6337 6140 6066 6039 5989 6022 6100 6123 6133 6070 6010 5889 5869 5923 5786 5791 5802 5639 5608 5540 5453 5497 5466 5259 4913 5098 5254 5059 5097 5063
6179 6100 5997 5885 6009 6093 6287 6477 6457 6513 6544 6611 6680 6660 6542 6473 6498 6500 6401 6251 6021 5828 5679 5545 5620 5581 5307 5371 5426 5239 5547 5844 5890 6009 6262 6496 6479 6649 6759 6699 6816 6923 6757 6534 6562 6623 6661 6572 6620 6527 6253 6080 6048 6129 6162 6037 5956 5953 6014 6032 5927 5778 5846 5859 5697 5709 5751 5631 5573 5417 5368 5476 5348 5040 4856 5066 5066 4995 5112 5060
6231 6034 6045 5983 6074 6250 6197 6340 6519 6618 6609 6556 6533 6491 6352 6222 6188 6178 6110 5988 5901 5680 5619 5688 5722 5640 5406 5491 5573 5558 5709 5949 6024 6097 6177 6395 6642 6812 6878 6748 6552 6525 6562 6492 6559 6627 6468 6259 6343 6378 6305 6262 6147 6171 6272 6198 6107 6112 6144 6222 6135 6002 6113 6077 5896 5854 5880 5784 5588 5425 5394 5383 5180 4972 4935 5088 5110 5022 5001 4918
6107 5821 5850 6075 6203 6245 6140 6323 6622 6752 6746 6745 6748 6679 6493 6280 6158 6113 6023 5822 5661 5555 5544 5556 5362 5415 5464 5488 5518 5421 5517 5893 6034 6032 6160 6385 6771 6994 6960 6910 6819 6748 6759 6714 6549 6501 6297 6085 6071 6044 6031 6028 5938 5994 6091 6116 6138 6105 6151 6304 6225 6082 6127 6038 5955 5974 6001 5880 5743 5688 5589 5371 5059 4904 4879 5076 5253 5023 4812 4761
5815 5682 5908 6267 6204 6080 6045 6177 6491 6695 6714 6747 6831 6835 6695 6510 6281 6135 6010 5773 5670 5801 5769 5594 5332 5482 5561 5491 5445 5374 5532 5853 5813 5738 5815 6020 6382 6642 6707 6822 6885 6862 6799 6716 6711 6625 6279 6039 6048 6057 5894 5929 5981 5955 5940 6019 6208 6163 6133 6157 6008 5956 5982 5912 5797 5752 5764 5670 5749 5836 5711 5549 5223 4954 4757 4877 5084 5002 4871 4767
5632 5573 5864 6197 6195 6163 6044 6068 6269 6457 6633 6778 6809 6858 6742 6542 6289 6090 6026 5915 5840 5789 5611 5623 5637 5669 5616 5552 5485 5403 5635 5947 5917 5834 5727 5725 5869 6050 6157 6316 6466 6510 6473 6449 6503 6411 6109 5881 5944 6056 5883 6006 6182 6040 5907 5957 6212 6277 6351 6313 6098 6090 6134 6034 5895 5804 5673 5528 5646 5632 5487 5520 5327 4922 -9999 -9999 -9999 -9999 -9999 -9999
