test/net/g2lab/icchange/view/profile/olddata/change-2010-03-b5.txt
ncols         452
nrows         411
xllcorner     527595,50307841
yllcorner     5934256,8476051
cellsize      5
NODATA_value  -9999
[rows 72 to 107 of 411, columns 160 to 239 of 452]
-9999 -9999 -9999 -9999 -9999 -9999 -9999 -9999 -9999 -9999 -9999 -9999 -9999 -9999 -9999 -9999 -9999 -9999 -9999 -9999 -9999 -9999 -9999 -9999 -9999 -9999 -9999 -9999 -9999 -9999 -9999 -9999 -9999 -9999 5517 -9999 -9999 -9999 -9999 -9999 -9999 -9999 -9999 -9999 -9999 -9999 -9999 4348 4476 -9999 4629 4658 4619 4618 4579 4662 4794 4720 4736 4771 4772 4792 4841 4936 5117 5115 5077 5199 5298 5443 5337 5298 5226 5196 5241 5295 5228 5119 5126 5188
-9999 -9999 -9999 -9999 -9999 -9999 -9999 -9999 -9999 -9999 -9999 -9999 -9999 -9999 -9999 -9999 -9999 -9999 -9999 -9999 -9999 -9999 -9999 -9999 -9999 -9999 -9999 -9999 -9999 -9999 -9999 -9999 -9999 5277 5375 -9999 -9999 -9999 -9999 -9999 -9999 -9999 -9999 -9999 -9999 4317 4602 4775 4730 4451 4493 4573 4597 4573 4484 4507 4630 4620 4770 4749 4637 4678 4831 4908 4925 4874 4906 5056 5009 5160 5310 5297 5189 5129 5173 5279 5188 5152 5298 5300
-9999 -9999 -9999 -9999 -9999 -9999 -9999 -9999 -9999 -9999 -9999 -9999 -9999 -9999 -9999 -9999 -9999 -9999 -9999 -9999 -9999 -9999 -9999 -9999 -9999 -9999 -9999 -9999 -9999 -9999 -9999 5536 5329 -9999 -9999 -9999 -9999 -9999 -9999 -9999 4501 4677 4624 4563 4755 4601 4600 4656 4516 4206 4050 4126 4210 4250 4258 4334 4506 4668 4841 4710 4519 4570 4744 4818 4758 4784 4824 4880 4825 4839 5073 5155 5069 5159 5174 5076 4946 4984 5137 5057
-9999 -9999 -9999 -9999 -9999 -9999 -9999 -9999 -9999 -9999 -9999 -9999 -9999 -9999 -9999 -9999 -9999 -9999 -9999 -9999 -9999 -9999 -9999 -9999 -9999 -9999 -9999 -9999 -9999 5799 -9999 5633 5506 -9999 -9999 4868 5316 5428 5212 5120 5231 5408 5183 4870 4772 4402 4109 4064 4008 4020 3983 3936 3876 3895 3836 -9999 4083 4526 4780 4732 4679 4663 4679 4835 4863 4846 4854 4861 4750 4584 4792 4977 4910 5026 5019 4929 4903 4824 4847 4842
-9999 -9999 -9999 -9999 -9999 -9999 -9999 -9999 -9999 -9999 -9999 -9999 -9999 -9999 -9999 -9999 -9999 -9999 -9999 -9999 -9999 -9999 -9999 -9999 -9999 -9999 -9999 -9999 -9999 5956 -9999 5743 5650 -9999 -9999 5455 5979 5913 5392 5351 5426 5581 5498 5239 4719 4169 3799 3695 3616 -9999 -9999 3786 3865 4002 3940 -9999 3946 4244 4492 4518 4651 4701 4720 4947 4957 4935 4981 4858 4744 4604 4686 4740 4720 4670 4582 4532 4566 4529 4736 4863
-9999 -9999 -9999 -9999 -9999 -9999 -9999 -9999 -9999 -9999 -9999 -9999 -9999 -9999 -9999 -9999 -9999 -9999 -9999 -9999 -9999 -9999 -9999 -9999 -9999 -9999 -9999 6041 -9999 6017 -9999 -9999 -9999 -9999 -9999 5208 5679 5775 5331 5257 5044 5253 5501 5410 4931 4272 3848 3724 -9999 -9999 -9999 -9999 -9999 3732 3947 4053 4174 4326 4475 4500 4519 4722 4825 4931 4929 4970 5005 4826 4931 4857 4660 4637 4723 4762 4612 4454 4377 4401 4626 4775
-9999 -9999 -9999 -9999 -9999 -9999 -9999 -9999 -9999 -9999 -9999 -9999 -9999 -9999 -9999 -9999 -9999 -9999 -9999 -9999 -9999 -9999 -9999 -9999 -9999 -9999 -9999 -9999 -9999 -9999 -9999 -9999 -9999 -9999 -9999 -9999 -9999 4980 5280 5225 4881 4848 5152 5236 5096 4647 4146 3885 3627 -9999 -9999 -9999 -9999 -9999 3541 3711 3862 4077 4325 4476 4546 4811 4686 4698 4919 4910 5024 5111 5183 4973 4744 4743 4665 4668 4635 4564 4537 4499 4513 4611
-9999 -9999 -9999 -9999 -9999 -9999 -9999 -9999 -9999 -9999 -9999 -9999 -9999 -9999 -9999 -9999 -9999 -9999 -9999 -9999 -9999 -9999 -9999 -9999 -9999 -9999 -9999 -9999 -9999 -9999 -9999 -9999 -9999 -9999 4648 -9999 -9999 -9999 -9999 4934 4620 -9999 4595 4901 4962 4948 4491 3977 3791 -9999 -9999 -9999 -9999 -9999 -9999 -9999 -9999 3826 4043 4320 4457 4550 4446 4655 4995 4949 4914 4985 5007 4924 4924 4984 4828 4661 4583 4527 4550 4469 4431 4573
-9999 -9999 -9999 -9999 -9999 -9999 -9999 -9999 -9999 -9999 -9999 -9999 -9999 -9999 -9999 -9999 -9999 -9999 -9999 -9999 -9999 -9999 -9999 -9999 -9999 -9999 -9999 -9999 -9999 -9999 -9999 -9999 -9999 -9999 -9999 -9999 -9999 -9999 -9999 -9999 -9999 -9999 4230 4408 4450 4569 4453 4389 4496 4084 3841 3764 -9999 -9999 -9999 -9999 -9999 3922 3989 4082 4175 4294 4502 4792 4988 4917 4828 4796 4856 4858 4901 5012 4955 4794 4751 4686 4547 4504 4556 4683
-9999 -9999 -9999 -9999 -9999 -9999 -9999 -9999 -9999 -9999 -9999 5814 -9999 -9999 -9999 -9999 -9999 -9999 -9999 -9999 -9999 -9999 -9999 -9999 -9999 -9999 -9999 -9999 -9999 -9999 -9999 -9999 -9999 -9999 -9999 -9999 -9999 -9999 -9999 -9999 -9999 -9999 4072 4087 3993 3916 3928 4026 4370 4434 4386 4335 4176 4138 4170 4153 4122 4196 4291 4317 4362 4403 4477 4598 4760 4974 5134 5121 5178 5153 5011 4987 4863 4643 4558 4489 4471 4613 4664 4747
-9999 -9999 -9999 -9999 -9999 -9999 -9999 -9999 -9999 -9999 -9999 5396 5238 -9999 -9999 -9999 -9999 -9999 -9999 -9999 -9999 -9999 -9999 -9999 -9999 -9999 -9999 4820 4950 4765 5075 5241 5092 4964 4964 4992 4781 -9999 -9999 -9999 4770 4262 -9999 4175 4061 4015 4083 3986 4110 4324 4242 4339 4498 4609 4746 4752 4742 4814 4874 4888 4869 4744 4686 4763 4920 5245 5296 5193 5344 5443 5345 5222 4980 4717 4543 4417 4417 4507 4548 4674
-9999 -9999 -9999 -9999 -9999 5602 -9999 -9999 -9999 -9999 -9999 -9999 5049 -9999 -9999 -9999 4931 4843 -9999 -9999 4759 4978 4987 4911 4816 -9999 5150 5206 5459 5594 5777 5680 5443 5598 5558 5400 4989 -9999 -9999 -9999 4885 4500 4148 4249 4083 -9999 4222 4296 4303 4233 4188 -9999 -9999 4594 4845 5113 5303 5354 5198 5068 5039 5036 5165 5374 5549 5816 5810 5576 5561 5587 5503 5393 5318 5030 4844 4683 4537 4473 4478 4566
-9999 -9999 -9999 5024 -9999 -9999 -9999 -9999 5098 5168 5099 5282 5440 5309 5462 5514 5235 5250 5221 5170 5301 5474 5479 5365 5299 5386 5519 5419 5663 5759 5529 5474 5394 5479 5349 5086 4592 -9999 -9999 -9999 -9999 4735 4269 4072 4060 -9999 -9999 4128 4250 -9999 -9999 -9999 -9999 -9999 -9999 5135 5447 5449 5262 5320 5293 5369 5651 5773 6007 6300 6330 6097 5962 5968 5903 5660 5496 5084 4840 4919 4847 4607 4559 4637
-9999 -9999 4907 5040 5114 5112 5116 5295 5529 5550 5452 5692 5932 5803 5672 5645 5636 5720 5654 5620 5801 5942 5839 5514 5330 5228 5208 5198 5406 5365 5242 5295 5147 5013 5037 5004 4386 -9999 -9999 -9999 -9999 4548 4165 3895 4022 4110 4051 4216 4402 -9999 -9999 -9999 -9999 -9999 -9999 5213 5314 5361 5389 5587 5517 5624 5950 6001 6125 6271 6317 6235 6164 6193 6186 5841 5364 5162 4965 5000 5008 4767 4771 5070
4965 5101 5170 5216 5338 5387 5419 5562 5888 5919 5774 5864 5913 5850 5721 5671 5621 5615 5634 5651 5750 5839 5765 5507 5265 5068 4882 5063 5359 5241 5166 5230 5154 5009 4881 4803 4536 -9999 -9999 -9999 -9999 4541 4129 -9999 -9999 4238 4241 4416 4572 -9999 -9999 -9999 -9999 -9999 5257 5480 5348 -9999 5386 5612 5608 5699 5896 5872 5897 5805 5811 5815 5840 6045 6226 6113 5693 5382 5202 5060 5037 4978 4921 5204
5386 5367 5469 5444 5430 5435 5396 5449 5666 5702 5782 5919 5882 5622 5470 5545 5447 5430 5458 5381 5412 5503 5466 5298 5192 5197 5101 5144 5280 5143 5374 5523 5363 5215 5316 5354 5191 4672 4350 -9999 -9999 4649 4067 -9999 3894 4149 4230 4384 -9999 -9999 -9999 -9999 -9999 5360 5375 5410 5338 5357 -9999 -9999 5809 5785 5700 5626 5624 5221 4833 4870 5104 5818 6233 6055 5969 5721 5561 5406 5233 5216 5201 5382
5468 5361 5518 5423 5251 5195 5093 -9999 5142 5299 5685 5791 5569 5412 5343 5373 5210 5335 5462 5374 5405 5532 5581 5470 5509 5636 5670 5658 5741 5720 5838 6043 6003 5944 6080 6036 5617 5214 -9999 -9999 -9999 4562 3999 -9999 3945 4017 -9999 -9999 -9999 -9999 -9999 -9999 5721 5516 5458 5481 5501 5593 5578 5598 5759 5741 5631 5639 5441 -9999 -9999 -9999 4661 5598 6279 6208 6215 5990 5628 5569 5571 5586 5750 5839
5312 5224 5243 5170 5037 5012 5008 -9999 5008 5245 5688 5728 5522 5645 5722 5672 5522 5637 5734 5707 5760 5803 5892 5961 6114 6195 6296 6357 6485 6364 6147 6516 6496 6261 6219 6069 5727 5353 4777 -9999 -9999 4404 3941 -9999 4050 4171 -9999 -9999 -9999 -9999 -9999 5949 5965 5761 5665 5782 5609 5743 5994 5759 5673 5705 5572 5533 5326 -9999 -9999 -9999 -9999 5244 6129 6448 6282 6213 6049 5942 5940 5825 5861 6151
5342 5198 5111 5215 5224 5249 5292 5261 5192 5363 5679 5768 5696 5741 5858 5918 5881 5886 5891 5933 6002 5965 5938 6043 6272 6475 6590 6627 6521 6529 6516 6636 6329 5937 5999 6053 5735 5108 4627 -9999 4659 4616 4184 4000 4054 4134 4531 -9999 -9999 -9999 -9999 6063 6011 5864 5800 5916 5832 5861 5998 5815 5789 5760 5650 5559 5486 5260 4861 -9999 -9999 4858 5732 6376 6468 6572 6490 6200 6030 6112 6127 6171
5447 5343 5365 5514 5500 5436 5408 5401 5277 5211 5432 5633 5695 5673 5683 5704 5742 5793 5844 5766 5775 5894 5972 6016 6138 6366 6400 6374 6316 6376 6275 6085 6011 5657 5471 5556 5472 5001 4391 -9999 -9999 4777 4544 4481 4408 -9999 4602 -9999 -9999 -9999 -9999 6046 5996 5827 5662 5707 5766 5627 5610 5695 5800 5824 5802 5767 5701 5612 5316 4854 -9999 4515 5519 6265 6542 6556 6504 6233 6233 6509 6392 6152
5464 5542 5544 5499 5412 5353 5373 5265 5038 4850 5078 5331 5311 5409 5424 5374 5391 5410 5414 5336 5398 5483 5526 5641 5881 6026 5902 5842 5876 5912 5721 5410 5192 5028 5035 5174 5160 4960 4402 -9999 -9999 4568 4506 4501 4406 -9999 4401 -9999 -9999 -9999 -9999 6111 6133 5908 5690 5627 5607 5467 5576 5661 5652 5629 5766 5825 5769 5769 5559 5064 4484 4132 4723 5485 6182 6349 6357 6299 6514 6729 6589 6356
5557 5563 5441 5345 5311 5315 5352 5125 -9999 4538 4826 5085 5040 5267 5315 5250 5285 5200 5130 5115 5209 5317 5367 5481 5780 5921 5791 5870 5949 5862 5648 5435 5170 5074 5258 5421 5409 5385 4987 4474 -9999 4798 4770 4446 4322 -9999 -9999 -9999 -9999 -9999 -9999 6124 6027 5799 5737 5708 5605 5482 5543 5514 5358 5314 5558 5655 5585 5588 5563 5042 4411 -9999 -9999 5109 6146 6423 6284 6332 6556 6668 6505 6364
5567 5562 5527 5479 5335 5269 5292 5115 -9999 4334 4733 5159 5346 5536 5517 5538 5553 5363 5282 5350 5488 5665 5754 5748 5848 5961 6151 6411 6448 6171 5904 5938 5748 5565 5623 5707 5837 5842 5568 4917 -9999 -9999 4781 4709 4668 4581 -9999 4906 5197 -9999 -9999 6203 5802 5668 -9999 -9999 5476 5321 5317 5363 5263 5253 5444 5469 5434 5488 5650 5215 4496 4071 4321 5590 6618 6571 6406 6355 6454 6544 6493 6322
5522 5495 -9999 -9999 5168 4986 -9999 -9999 -9999 -9999 -9999 5404 5868 5887 5716 5729 5741 5648 5754 5806 5815 5907 6090 6079 6010 6067 6320 6575 6603 6421 6251 6231 5893 5750 5898 5954 5956 5890 5674 5323 4682 -9999 -9999 4888 4795 4764 -9999 4953 5293 -9999 -9999 6247 5752 5684 -9999 -9999 5403 5170 -9999 -9999 5452 5433 5461 5462 5515 5554 5637 5509 5038 4844 5084 5895 6690 6687 6618 6499 6490 6498 6457 6154
-9999 -9999 -9999 -9999 -9999 -9999 -9999 -9999 -9999 -9999 -9999 5263 5612 5603 5461 5527 5529 5607 5798 5750 5622 5713 5969 5916 5841 6043 6336 6551 6518 6400 6334 6340 6160 5893 5851 5912 5905 5992 5864 5533 4931 -9999 4885 4993 5031 5019 5057 5121 5310 -9999 -9999 6203 5890 5799 -9999 -9999 -9999 -9999 -9999 -9999 5284 5322 5415 5536 5647 5476 5484 5748 5511 5312 5559 5723 6327 6696 6620 6490 6399 6351 6228 6038
-9999 -9999 -9999 -9999 -9999 -9999 -9999 -9999 -9999 -9999 -9999 -9999 4724 4996 5066 5030 4947 4898 5094 5303 5280 5154 5187 5179 5413 5775 5926 5964 5958 6023 6084 6008 5829 5589 5520 5655 5687 5845 5710 5207 4700 -9999 -9999 4924 5165 5120 5018 -9999 -9999 -9999 -9999 -9999 -9999 -9999 -9999 -9999 -9999 -9999 -9999 -9999 4619 4973 5283 5562 5710 5425 5382 5657 5570 5453 -9999 -9999 6079 6688 6660 6490 6319 6131 5955 5960
-9999 -9999 -9999 -9999 -9999 -9999 -9999 -9999 -9999 -9999 -9999 -9999 -9999 -9999 -9999 -9999 -9999 -9999 -9999 -9999 -9999 -9999 -9999 -9999 4598 4683 4733 4902 5159 5182 5048 4935 4891 4982 5098 5015 4954 5098 5060 4681 -9999 -9999 -9999 -9999 4970 5047 5091 5256 -9999 5561 -9999 6105 5950 -9999 -9999 5797 5431 -9999 -9999 -9999 -9999 4939 5278 5526 5640 5554 5453 5558 5575 5451 5334 -9999 5745 6439 6720 6496 6326 6177 5959 5877
-9999 -9999 -9999 -9999 -9999 -9999 -9999 -9999 -9999 -9999 -9999 -9999 -9999 -9999 -9999 -9999 -9999 -9999 -9999 -9999 -9999 -9999 -9999 -9999 -9999 -9999 -9999 -9999 -9999 -9999 -9999 -9999 -9999 -9999 -9999 -9999 -9999 -9999 -9999 -9999 -9999 -9999 -9999 -9999 -9999 4817 5106 5404 5533 5534 -9999 5744 5832 5857 5832 5732 5480 -9999 -9999 -9999 -9999 4727 5084 5330 5516 5555 5447 5452 5568 5566 -9999 -9999 -9999 6335 6726 6440 6151 6117 6014 5833
4903 5080 5102 4882 -9999 -9999 -9999 -9999 -9999 -9999 -9999 -9999 -9999 -9999 -9999 -9999 -9999 -9999 -9999 -9999 -9999 -9999 -9999 -9999 -9999 -9999 -9999 -9999 -9999 -9999 -9999 -9999 -9999 -9999 -9999 -9999 -9999 -9999 -9999 -9999 -9999 -9999 -9999 -9999 -9999 -9999 -9999 5066 5219 -9999 -9999 5146 -9999 -9999 5533 5504 -9999 -9999 -9999 -9999 -9999 -9999 5010 5277 5576 5648 5485 5425 5440 5525 5547 5622 -9999 6434 6727 6429 6095 6182 6182 6065
5949 6028 5841 5542 5365 5256 5242 5159 4975 4832 4701 4546 -9999 4419 4451 4453 -9999 4586 4672 4745 4717 4593 4462 4385 4225 -9999 -9999 4421 4616 4642 -9999 -9999 -9999 -9999 -9999 -9999 -9999 -9999 -9999 -9999 -9999 -9999 -9999 -9999 -9999 -9999 5011 -9999 -9999 5386 5348 -9999 -9999 5589 5748 5697 -9999 -9999 -9999 -9999 -9999 -9999 -9999 5354 5441 5543 5512 5459 5306 5442 5642 5756 5963 6339 6673 6515 6278 6366 6463 6175
6151 6048 5822 5803 5902 5880 5876 5803 5712 5567 5485 5406 5223 5212 5377 5440 5344 5200 5177 5235 5141 4933 4842 4794 4811 4788 4774 5066 5187 5130 5160 5121 5050 5025 5063 4809 4502 4628 4743 4760 -9999 -9999 -9999 -9999 -9999 -9999 -9999 5230 5457 5709 5720 5659 -9999 6253 6423 6299 6100 5899 5564 5526 5648 5611 5658 5448 5247 5353 5461 5428 5262 5464 5631 5603 5952 6091 6210 6285 6239 6125 6009 5723
6003 5917 5713 5737 5874 5973 6066 6026 5946 5910 5912 5891 5867 5864 5892 5826 5634 5435 5261 5225 5232 5103 4970 4980 5111 5224 5291 5447 5446 5408 5577 5635 5432 5148 5023 4869 4750 4914 4847 4742 4810 4959 4903 4438 -9999 -9999 5157 5600 5823 5924 6051 6178 6302 6564 6688 6581 6690 6594 6191 5965 5909 5871 5904 5555 5293 5424 5432 5321 5247 5387 5484 5601 5860 5703 5484 5664 5787 5572 5318 5263
5725 -9999 -9999 5620 5730 5958 6111 6042 5875 5865 5958 6052 6025 5910 5816 5699 5573 5424 5145 5043 5084 5039 4967 4999 5106 5075 5240 5470 5460 5398 5373 5361 5303 4974 4687 4692 4667 4682 4710 4653 4773 5051 5162 4819 -9999 -9999 4800 5526 5925 5948 6131 6420 6562 6898 6887 6624 6752 6720 6455 6362 6091 5967 5930 5568 5294 5324 5255 5178 5149 5263 5362 5456 5523 5476 -9999 -9999 4943 4973 4987 4980
5369 -9999 -9999 5618 5736 5824 5964 -9999 -9999 -9999 5893 5924 5922 5877 5841 5770 5630 5447 5247 5222 5255 5167 5056 5156 5282 5185 5219 5342 5383 5421 5380 5318 5351 5086 4732 4704 4851 4947 4899 4764 4734 4943 5158 5241 4909 4603 4620 -9999 6008 6012 6138 6416 6692 7007 6864 6609 6720 6786 6746 6534 6154 6087 6201 6030 5536 5218 5174 5198 5216 5284 5335 5238 5315 5234 -9999 -9999 -9999 -9999 -9999 -9999
5491 5684 5597 5556 -9999 -9999 -9999 -9999 -9999 -9999 5821 5853 5933 5984 5952 5873 5716 5501 5359 5441 5438 5274 5147 5251 5331 5212 5193 5230 5251 5241 5254 5371 5495 5345 4944 4821 5035 5160 5065 4890 4821 4802 5048 5392 5426 4812 4522 5180 5892 6195 6298 6549 6726 6815 6789 6702 6794 6882 6914 6546 6073 6011 6316 6350 5839 5408 5332 5377 5278 5278 5311 5206 5292 5171 -9999 -9999 -9999 -9999 -9999 -9999
5879 5752 5534 -9999 -9999 -9999 -9999 -9999 -9999 5706 5788 5800 5835 5856 5778 5674 5581 5354 5227 -9999 5320 5129 4963 5004 4986 5005 5113 5196 5204 5201 5308 5351 5343 5229 4933 4833 4939 4841 4736 4677 4749 4871 4956 5197 5473 5136 4629 4923 5548 6031 6305 6505 6605 6643 6806 6882 6878 6884 6911 6632 6170 6047 6237 6420 6106 5732 5511 5379 5162 5116 5267 5291 5265 4990 -9999 -9999 -9999 -9999 -9999 -9999
