test/net/g2lab/icchange/view/profile/olddata/change-2010-03-b5.txt
ncols         452
nrows         411
xllcorner     527595,50307841
yllcorner     5934256,8476051
cellsize      5
NODATA_value  -9999
[rows 216 to 251 of 411, columns 160 to 239 of 452]
5101 5232 5531 5854 6010 6073 6006 5957 6061 6230 6409 6538 6557 6749 6727 6496 6400 6160 6037 6004 5929 5776 5601 5788 5723 5577 5585 5715 5548 5330 5544 5934 6108 6068 5935 5833 5860 5860 5900 5972 6038 6136 6036 5927 5944 5981 5926 5880 5852 5898 5827 5791 5864 5841 5774 5758 6017 6310 6449 6369 6239 6314 6378 6192 5915 5852 5760 5686 5760 5578 5349 5328 5258 -9999 -9999 -9999 -9999 -9999 -9999 -9999
-9999 4597 5182 5481 5595 5625 5636 5746 5913 6001 6052 6140 6292 6555 6521 6358 6382 6166 6026 5996 5823 5868 5861 5860 5701 5599 5684 5787 5558 5352 5633 5872 6042 6004 5964 5892 5905 5960 6026 6042 6084 6160 6027 5821 5740 5761 5826 5781 5615 5670 5705 5630 5579 5517 5501 5573 5765 5978 6037 6007 6021 6147 6193 6016 5715 5676 5694 5762 5761 5532 5267 5253 5248 -9999 -9999 -9999 -9999 -9999 -9999 -9999
-9999 -9999 -9999 -9999 4602 4763 4970 5166 5059 5103 5418 5774 6095 6221 6141 6128 6168 6054 5933 5940 5917 6082 5920 5707 5714 5807 5806 5695 5637 5548 5664 5767 5734 5775 5836 5846 5893 5978 6041 5957 6031 6231 6219 6152 6042 5894 5827 5730 5563 5664 5664 5513 5417 5430 5387 5410 5501 5570 5545 5528 5599 5654 5632 5611 5498 5370 5397 5503 5520 5367 5161 5250 5139 -9999 -9999 -9999 -9999 -9999 -9999 -9999
-9999 -9999 -9999 -9999 -9999 -9999 3784 -9999 -9999 -9999 -9999 -9999 -9999 5620 5803 5971 6172 6275 6273 6360 6283 6140 5964 5797 5869 5927 5929 5815 5767 5571 5592 5742 5592 5600 5721 5743 5754 5882 5931 5813 5879 6057 6096 6124 6075 5942 5851 5844 5921 6009 5795 5621 5622 5802 5817 5715 5679 5631 5509 5375 5365 5394 5427 5413 5434 5387 5278 5264 5261 5249 5216 5344 4921 -9999 -9999 -9999 -9999 -9999 -9999 -9999
-9999 -9999 -9999 -9999 -9999 -9999 -9999 -9999 -9999 -9999 -9999 -9999 -9999 -9999 5734 5924 6202 6584 6779 6824 6439 6044 6020 6049 5930 5772 5745 5714 5601 5418 5480 5503 5367 5427 5561 5636 5625 5727 5752 5660 5732 5871 5861 5792 5847 5862 5825 5846 6015 6059 5840 5898 5991 6033 6011 5980 5999 5943 5813 5671 5632 5630 5779 5754 5566 5558 5466 5302 5120 5009 5074 5225 4788 -9999 -9999 -9999 -9999 -9999 -9999 -9999
-9999 -9999 -9999 -9999 -9999 -9999 -9999 -9999 -9999 -9999 -9999 -9999 -9999 -9999 5841 6131 6252 6561 6804 6845 6440 6048 6090 6185 6100 5918 5820 5639 5411 5360 5507 5451 5318 5314 5297 5265 5298 5499 5526 5482 5552 5625 5536 5420 5586 5808 5798 5700 5725 5756 5743 5950 6041 5933 5869 5843 5942 6078 6154 6110 5975 5900 6105 6145 5859 5804 5653 5472 5306 5079 5075 5081 4671 -9999 -9999 -9999 -9999 -9999 -9999 -9999
-9999 -9999 -9999 -9999 -9999 -9999 -9999 -9999 -9999 -9999 -9999 -9999 -9999 -9999 5937 6366 6340 6500 6689 6666 6445 6219 6167 6151 5941 5879 5874 5676 5185 5218 5615 5538 5435 5455 5421 5306 5311 5409 5306 5208 5155 5151 5210 5181 5203 5291 5438 5419 5411 5587 5734 5800 5710 5701 5805 5880 5959 6092 6187 6228 6124 6093 6268 6242 6094 6010 5785 5577 5464 5329 5417 5269 4825 -9999 -9999 -9999 -9999 -9999 -9999 -9999
-9999 -9999 -9999 -9999 -9999 -9999 -9999 -9999 -9999 -9999 -9999 -9999 -9999 4972 5826 6417 6535 6622 6589 6611 6497 6260 6251 6164 5838 5657 5672 5625 5356 5382 5631 5502 5416 5518 5646 5605 5580 5545 5387 5293 5160 4983 4984 5064 4975 4878 5089 5197 5116 5213 5407 5431 5316 5382 5618 5807 5885 5924 5980 6033 5957 5938 6020 5940 5878 5732 5492 5358 5247 5241 5470 5372 4752 -9999 -9999 -9999 -9999 -9999 -9999 -9999
-9999 -9999 -9999 -9999 -9999 -9999 -9999 -9999 -9999 -9999 -9999 -9999 -9999 4620 5705 6236 6504 6568 6505 6664 6649 6381 6398 6317 6030 5835 5710 5587 5473 5446 5476 5377 5248 5409 5644 5660 5666 5655 5634 5641 5603 5386 5109 5097 5038 4883 4921 4950 4837 4800 4931 5126 5197 5165 5294 5516 5638 5748 5815 5802 5706 5644 5681 5659 5625 5362 5084 5087 5005 5124 5366 5281 4457 -9999 -9999 -9999 -9999 -9999 -9999 -9999
-9999 -9999 -9999 -9999 -9999 -9999 -9999 -9999 -9999 -9999 -9999 -9999 -9999 4420 5791 6198 6405 6347 6328 6441 6370 6281 6381 6275 5968 5756 5739 5493 5213 5258 5360 5254 5126 5296 5522 5604 5601 5640 5705 5698 5494 5486 5434 5327 5207 5019 4906 4849 4727 4551 4568 4565 4664 4758 4852 5086 5343 5458 5578 5544 5461 5530 5581 5480 5324 5080 4989 5038 4876 4976 5154 5060 4368 -9999 -9999 -9999 -9999 -9999 -9999 -9999
-9999 -9999 -9999 -9999 -9999 -9999 -9999 -9999 -9999 -9999 -9999 -9999 -9999 -9999 5643 6317 6359 6222 6076 6131 6105 6160 6283 6274 6019 5686 5603 5529 5239 5149 5349 5294 5198 5332 5446 5506 5494 5536 5568 5615 5578 5735 5729 5493 5342 5038 4531 4305 4398 4483 4287 -9999 -9999 -9999 -9999 4625 4669 4715 4948 5042 4969 4892 4869 4768 4667 4710 4663 4515 4351 4517 4800 4701 -9999 -9999 -9999 -9999 -9999 -9999 -9999 -9999
-9999 -9999 -9999 -9999 -9999 -9999 -9999 -9999 -9999 -9999 -9999 -9999 -9999 -9999 5325 6142 6168 6080 5772 5792 6058 6285 6193 5937 5776 5470 5188 5058 4583 4645 5184 5323 5312 5279 5263 5303 5392 5499 5513 5582 5648 5693 5593 5336 5073 4807 3919 -9999 -9999 -9999 -9999 -9999 -9999 -9999 -9999 -9999 -9999 -9999 4084 -9999 -9999 -9999 -9999 -9999 -9999 -9999 -9999 -9999 -9999 3802 3991 -9999 -9999 -9999 -9999 -9999 -9999 -9999 -9999 -9999
-9999 4622 4515 -9999 -9999 -9999 -9999 4700 -9999 -9999 -9999 -9999 -9999 -9999 5053 5454 5532 5556 5439 5311 5447 5663 5603 5395 5284 5090 4779 4479 -9999 4297 4792 4972 5055 5045 5027 5056 5052 5086 5161 5361 5293 5097 5013 4908 -9999 -9999 -9999 -9999 -9999 -9999 -9999 -9999 -9999 -9999 -9999 -9999 -9999 -9999 -9999 -9999 -9999 -9999 -9999 -9999 -9999 -9999 -9999 -9999 -9999 -9999 -9999 -9999 -9999 -9999 -9999 -9999 -9999 -9999 -9999 -9999
5546 5139 5157 5357 5395 5440 5509 5525 5434 5529 5508 5209 5096 5126 5228 5221 5189 5290 5434 5455 5378 5306 5227 5301 5242 4967 4976 4886 4681 4669 4899 4976 4912 4960 5066 5093 4999 4967 5027 5150 5107 4936 4853 4808 -9999 -9999 -9999 -9999 -9999 -9999 -9999 -9999 -9999 -9999 -9999 -9999 -9999 -9999 -9999 -9999 -9999 -9999 -9999 -9999 -9999 -9999 -9999 -9999 -9999 -9999 -9999 -9999 -9999 -9999 -9999 -9999 -9999 -9999 -9999 -9999
5929 5571 5785 6179 6324 6362 6242 6188 6178 6190 6043 5767 5723 5654 5584 5564 5518 5661 5855 5859 5775 5574 5412 5397 5377 5331 5584 5595 5278 5066 5064 5137 5115 5113 5228 5261 5178 5303 5368 5350 5353 5278 5174 5031 4606 -9999 -9999 -9999 -9999 -9999 -9999 -9999 -9999 -9999 -9999 -9999 -9999 -9999 -9999 -9999 -9999 -9999 -9999 -9999 -9999 -9999 -9999 -9999 -9999 -9999 -9999 -9999 -9999 -9999 -9999 -9999 -9999 -9999 -9999 -9999
5965 5926 5956 6195 6361 6424 6446 6458 6342 6161 6010 5874 5854 5808 5825 5781 5762 6016 6180 6091 6017 5872 5701 5589 5672 5651 5579 5522 5372 5234 5220 5184 5281 5330 5341 5308 5262 5402 5572 5668 5684 5510 5204 5074 5012 -9999 -9999 -9999 -9999 -9999 -9999 -9999 -9999 -9999 -9999 -9999 -9999 -9999 -9999 -9999 -9999 -9999 -9999 -9999 -9999 -9999 -9999 -9999 -9999 -9999 -9999 -9999 -9999 -9999 -9999 -9999 -9999 -9999 -9999 -9999
5908 5927 5854 6161 6363 6378 6350 6355 6221 6058 6009 5869 5756 5771 6021 5914 5816 6144 6206 6089 6062 6050 5853 5737 5900 5774 5613 5559 5514 5534 5481 5235 5219 5393 5416 5388 5309 5438 5758 5876 5752 5574 5317 5246 5212 4791 -9999 -9999 -9999 -9999 -9999 -9999 -9999 -9999 -9999 -9999 -9999 -9999 -9999 -9999 -9999 -9999 -9999 -9999 -9999 -9999 -9999 -9999 -9999 -9999 -9999 -9999 -9999 -9999 -9999 -9999 -9999 -9999 -9999 -9999
5784 5795 5795 5982 6130 6115 6069 6086 5918 5721 5794 5954 5885 5878 6093 5961 5890 6143 6172 6083 5946 5870 5801 5838 5997 5842 5715 5823 5882 5689 5450 5226 5190 5467 5710 5616 5503 5659 5961 5961 5859 5698 5542 5424 5037 -9999 -9999 -9999 -9999 -9999 -9999 -9999 -9999 -9999 -9999 -9999 -9999 -9999 -9999 -9999 -9999 -9999 -9999 -9999 -9999 -9999 -9999 -9999 -9999 -9999 -9999 -9999 -9999 -9999 -9999 -9999 -9999 -9999 -9999 -9999
5721 5733 5759 5837 5918 5847 5694 5700 5681 5474 5678 6069 6021 6014 6106 6096 6033 6052 6018 5960 5709 5621 5787 5920 5956 5840 5825 5923 6007 5753 5599 5522 5451 5450 5776 5918 5844 5871 6010 5929 5859 5862 5777 5570 5150 -9999 -9999 -9999 -9999 -9999 -9999 -9999 -9999 -9999 -9999 -9999 -9999 -9999 -9999 -9999 -9999 -9999 -9999 -9999 -9999 -9999 -9999 -9999 -9999 -9999 -9999 -9999 -9999 4662 4738 -9999 -9999 -9999 -9999 -9999
5977 5931 5844 5754 5907 6045 5706 5511 5621 5509 5801 6099 5879 5960 6072 6056 5911 5751 5743 5791 5638 5628 5851 5836 5845 5904 5985 5961 5980 5888 5812 5874 5813 5639 5883 6027 5868 5717 5808 5929 5904 5963 5957 5733 5454 4947 -9999 -9999 -9999 -9999 -9999 -9999 -9999 -9999 -9999 -9999 -9999 -9999 -9999 -9999 -9999 -9999 -9999 -9999 -9999 -9999 -9999 -9999 -9999 -9999 -9999 -9999 -9999 5090 5119 -9999 -9999 -9999 -9999 -9999
5849 5831 5747 5563 5644 5887 5704 5543 5598 5653 5943 6008 5779 5882 5910 5870 5808 5732 5689 5731 5671 5729 5829 5773 5888 6050 6145 6024 6122 5972 5592 5613 5863 5902 5931 5764 5613 5678 5795 6017 5974 5824 5716 5645 5549 5058 -9999 -9999 -9999 -9999 -9999 -9999 -9999 -9999 -9999 -9999 -9999 -9999 -9999 -9999 -9999 -9999 -9999 -9999 -9999 -9999 -9999 -9999 -9999 -9999 -9999 4306 4856 5073 5134 -9999 4986 4751 -9999 -9999
5576 5563 5619 5752 5772 5786 5725 5723 5811 5975 6092 6087 5973 5985 5975 6004 6033 6008 5871 5792 5804 5782 5810 5883 6054 6164 6208 6174 6236 6119 5817 5818 6067 6100 5864 5754 5763 5915 5899 6059 6046 5849 5705 5690 5457 4908 -9999 -9999 -9999 -9999 -9999 -9999 -9999 -9999 -9999 -9999 -9999 -9999 -9999 -9999 -9999 -9999 -9999 -9999 -9999 -9999 -9999 -9999 -9999 -9999 -9999 4574 5075 5003 -9999 -9999 4876 4892 -9999 -9999
5624 5744 5763 5810 5828 5775 5694 5666 5745 5908 6073 6161 6121 6077 6093 6152 6118 6034 5948 5825 5757 5735 5874 6023 6077 6014 6136 6117 5968 5973 6026 6103 6181 6185 6101 6199 6162 6106 6042 6159 6055 5924 5962 5925 5440 -9999 -9999 -9999 -9999 -9999 -9999 -9999 -9999 -9999 -9999 -9999 -9999 -9999 -9999 -9999 -9999 -9999 -9999 -9999 -9999 -9999 -9999 -9999 -9999 -9999 -9999 4723 5035 4837 -9999 -9999 -9999 4974 4916 4742
5574 5627 5605 5546 5589 5549 5561 5597 5635 5615 5763 5938 5908 6013 6033 5979 5892 5829 5808 5723 5579 5539 5622 5749 5815 5839 6010 6082 5906 5855 5953 5893 5832 6061 6405 6532 6342 6311 6332 6278 5902 5850 5993 5926 5504 4752 -9999 -9999 -9999 -9999 -9999 -9999 -9999 -9999 -9999 -9999 -9999 -9999 -9999 -9999 -9999 -9999 -9999 -9999 -9999 -9999 -9999 -9999 -9999 -9999 4560 4883 4943 -9999 -9999 -9999 -9999 4772 4857 4901
5488 5398 5376 5525 5520 5403 5527 5715 5762 5698 5736 5809 5758 5952 6059 5805 5582 5500 5583 5627 5523 5379 5377 5483 5713 5943 6091 6161 6064 5899 5926 5860 5770 6002 6317 6450 6291 6259 6195 6029 5758 5759 5953 5894 5634 4861 -9999 -9999 -9999 -9999 -9999 -9999 -9999 -9999 -9999 -9999 -9999 -9999 -9999 -9999 -9999 -9999 -9999 -9999 -9999 -9999 -9999 -9999 -9999 4343 4841 4949 4916 -9999 -9999 -9999 -9999 -9999 4674 4812
5420 5315 5199 5376 5296 5232 5514 5725 5757 5654 5604 5776 5847 5757 5815 5674 5459 5358 5402 5472 5460 5420 5473 5600 5743 5951 6106 6161 6231 6087 5983 6034 5982 5946 6042 6202 6260 6185 5869 5826 5837 5846 5911 5901 5616 4867 -9999 -9999 -9999 -9999 -9999 -9999 -9999 -9999 -9999 -9999 -9999 -9999 -9999 -9999 -9999 -9999 -9999 -9999 -9999 -9999 -9999 -9999 -9999 4441 4862 4888 -9999 -9999 -9999 -9999 -9999 -9999 -9999 -9999
5355 5259 5169 5278 5122 5109 5339 5409 5451 5381 5347 5645 5791 5696 5775 5726 5561 5497 5510 5583 5598 5568 5640 5776 5842 5944 6044 6180 6392 6360 6197 6238 6142 6055 6097 6267 6401 6291 5951 5991 6050 5954 5967 5837 5460 4990 -9999 -9999 -9999 -9999 -9999 -9999 -9999 -9999 -9999 -9999 5212 -9999 -9999 -9999 -9999 -9999 -9999 -9999 -9999 -9999 -9999 -9999 -9999 4593 4844 -9999 -9999 -9999 -9999 -9999 -9999 -9999 -9999 -9999
5416 5329 5248 5247 5199 5249 5270 5160 5174 5190 5356 5760 5777 5734 5822 5725 5518 5446 5530 5686 5733 5650 5636 5682 5822 6000 6083 6158 6303 6299 6254 6208 6094 6116 6300 6466 6392 6253 6146 6251 6154 6092 6180 6018 5502 4965 -9999 -9999 -9999 -9999 -9999 -9999 5401 5374 -9999 -9999 5325 -9999 -9999 -9999 -9999 -9999 -9999 -9999 -9999 -9999 -9999 -9999 4502 4867 -9999 -9999 4857 -9999 -9999 -9999 -9999 4647 -9999 -9999
5369 5388 5215 5198 5243 5263 5176 5125 5181 5201 5328 5606 5650 5673 5733 5664 5553 5426 5434 5563 5704 5723 5688 5605 5716 5955 6041 6048 6015 6004 6118 6189 6187 6291 6394 6456 6448 6418 6378 6306 6179 6158 6204 6071 5586 -9999 -9999 -9999 -9999 -9999 -9999 5450 5452 -9999 -9999 -9999 -9999 -9999 -9999 -9999 -9999 -9999 -9999 -9999 -9999 -9999 -9999 -9999 4780 4934 -9999 -9999 4847 -9999 -9999 -9999 -9999 -9999 4652 4694
5219 5244 5062 5049 5160 5167 5095 5152 5379 5504 5272 5309 5612 5690 5604 5520 5535 5506 5476 5510 5574 5740 5841 5786 5791 5943 6043 6065 5987 5938 6023 6083 6171 6300 6388 6397 6333 6286 6281 6188 6049 6001 6072 5994 5662 4929 -9999 -9999 -9999 -9999 -9999 -9999 -9999 -9999 -9999 -9999 -9999 -9999 -9999 -9999 -9999 -9999 -9999 -9999 -9999 -9999 -9999 4619 4981 4931 -9999 -9999 -9999 -9999 -9999 -9999 -9999 -9999 -9999 4836
5039 5020 5051 5119 5193 5173 5095 5021 5158 5353 5187 5179 5482 5582 5490 5357 5363 5374 5354 5391 5477 5692 5825 5822 5801 5846 6012 6173 6207 6068 5958 5896 5933 6025 6100 6122 6002 5910 5983 6014 5958 5931 5980 5956 5628 -9999 -9999 -9999 -9999 -9999 -9999 -9999 -9999 -9999 -9999 -9999 -9999 -9999 -9999 -9999 -9999 -9999 -9999 -9999 -9999 -9999 -9999 4690 5124 4979 4812 4790 -9999 -9999 -9999 -9999 -9999 -9999 -9999 -9999
5206 5200 5274 5323 5364 5200 5044 4976 4855 4985 5168 5215 5206 5285 5370 5334 5304 5343 5345 5392 5558 5801 5804 5730 5723 5699 5751 5890 6001 5947 5828 5822 5953 5799 5667 5784 5813 5818 5855 5916 5976 5976 5973 5891 5588 -9999 -9999 -9999 -9999 -9999 -9999 -9999 -9999 -9999 -9999 -9999 -9999 -9999 -9999 -9999 -9999 -9999 -9999 -9999 -9999 -9999 -9999 4752 5149 5026 4916 4906 -9999 -9999 -9999 -9999 -9999 -9999 -9999 4572
5441 5426 5370 5416 5506 5347 5202 5165 4981 4985 5038 4964 4917 5040 5320 5434 5413 5435 5486 5465 5547 5679 5623 5566 5618 5664 5571 5551 5633 5653 5679 5765 5901 5596 5398 5608 5693 5745 5816 5881 5898 5885 5859 5836 5653 5257 -9999 -9999 -9999 -9999 -9999 -9999 -9999 -9999 -9999 -9999 -9999 -9999 -9999 -9999 -9999 -9999 -9999 -9999 -9999 -9999 -9999 4848 -9999 -9999 4914 4947 -9999 -9999 -9999 -9999 -9999 -9999 4935 4796
5305 5422 5389 5498 5658 5553 5469 5187 4881 4874 4866 4856 5020 5159 5352 5470 5492 5513 5599 5593 5600 5603 5525 5383 5327 5325 5294 5373 5510 5599 5623 5640 5624 5471 5421 5508 5538 5567 5664 5798 5870 5800 5763 5769 5515 5053 -9999 -9999 -9999 -9999 -9999 -9999 -9999 -9999 -9999 -9999 -9999 -9999 -9999 -9999 -9999 -9999 -9999 -9999 -9999 -9999 4812 5135 5089 4942 4870 4941 -9999 5107 5072 -9999 -9999 -9999 -9999 -9999
5093 5444 5563 5587 5606 5583 5614 5324 5022 5053 4927 5055 5264 5258 5232 5299 5445 5576 5565 5520 5619 5587 5507 5262 5130 5059 5053 5230 5327 5315 5342 5353 5295 5270 5333 5368 5280 5231 5377 5504 5471 5364 5447 5507 5360 -9999 -9999 -9999 -9999 -9999 -9999 -9999 -9999 -9999 -9999 -9999 -9999 -9999 -9999 -9999 -9999 -9999 -9999 -9999 -9999 -9999 4714 5080 5063 4990 4890 -9999 -9999 4971 5041 5046 4997 -9999 -9999 -9999
5056 5246 5292 5214 5276 5341 5319 5061 4965 5033 4806 -9999 -9999 -9999 4836 4997 5128 5133 4992 5027 5300 5085 4829 4762 4844 4895 4852 4792 4732 4660 4799 5089 5048 4866 4878 4947 4931 4827 4773 4717 4680 4661 4918 4838 -9999 -9999 -9999 -9999 -9999 -9999 -9999 -9999 -9999 -9999 -9999 -9999 -9999 -9999 -9999 -9999 -9999 -9999 -9999 -9999 -9999 -9999 -9999 4719 4897 5060 5114 -9999 -9999 -9999 4764 4898 -9999 -9999 -9999 -9999
