test/net/g2lab/icchange/view/profile/olddata/rastert_delta053.txt
ncols         452
nrows         411
xllcorner     527595,50307841
yllcorner     5934256,8476051
cellsize      5
NODATA_value  -9999
[rows 0 to 36 of 411, columns 164 to 245 of 452]
-1642 -1100 -884 -1015 -1315 -1489 -1355 -1125 -823 -686 -693 -622 -426 -285 -327 -384 -361 -380 -239 -124 -180 -304 -313 -292 -467 -600 -645 -630 -673 -805 -873 -973 -971 -989 -1215 -1394 -1535 -1871 -1960 -1642 -1133 -795 -565 -664 -847 -904 -605 -408 -258 -76 -11 346 295 -43 -344 -923 -1242 -1118 -1103 -796 -491 -443 -382 -459 -660 -480 -548 -645 -562 -456 -624 -629 -718 -1051 -1152 -1082 -1045 -987 -912 -846 -938 -1016
-1768 -1199 -893 -1041 -1452 -1509 -1098 -931 -751 -614 -603 -487 -298 -273 -352 -346 -356 -374 -132 -15 -105 -177 -229 -308 -427 -481 -455 -519 -629 -708 -800 -973 -1033 -929 -926 -1016 -1136 -1478 -1763 -1838 -1540 -1166 -912 -1005 -1079 -945 -750 -597 -368 -173 -102 261 256 178 -16 -684 -1222 -1063 -875 -839 -536 -398 -430 -316 -352 -522 -676 -603 -498 -342 -461 -681 -758 -885 -1011 -865 -696 -736 -941 -958 -951 -1004
-1692 -1204 -828 -850 -1173 -1064 -633 -645 -707 -666 -545 -358 -245 -342 -317 -243 -255 -230 -114 -72 -84 -85 -224 -459 -423 -316 -312 -445 -542 -493 -615 -858 -933 -1027 -1041 -988 -726 -1010 -1501 -1763 -1669 -1402 -1203 -1007 -1090 -954 -711 -619 -554 -407 -297 -50 191 -19 -270 -719 -1236 -990 -668 -857 -721 -380 -258 -282 -273 -562 -659 -342 -525 -679 -570 -748 -681 -569 -875 -876 -786 -919 -1157 -1115 -924 -975
-1346 -988 -767 -830 -1022 -800 -393 -404 -619 -664 -517 -326 -235 -342 -274 -196 -195 -120 -129 -128 -80 -162 -256 -441 -452 -297 -305 -433 -490 -431 -611 -822 -820 -1022 -1349 -1265 -882 -896 -1243 -1406 -1655 -1948 -1700 -1330 -1246 -1007 -784 -701 -687 -432 -236 -291 -53 -76 -374 -691 -1030 -1023 -839 -661 -452 -358 -232 -298 -298 -509 -569 -451 -701 -708 -561 -727 -792 -685 -861 -1074 -1145 -1154 -1156 -1165 -1077 -1140
-1199 -806 -633 -755 -903 -726 -377 -246 -404 -417 -452 -383 -265 -345 -308 -254 -276 -184 -268 -277 -162 -269 -240 -342 -449 -343 -338 -326 -368 -420 -646 -751 -660 -728 -1150 -1315 -1099 -1054 -984 -970 -1205 -1930 -2061 -1797 -1549 -1311 -1050 -854 -732 -570 -507 -453 -75 6 -375 -817 -1036 -1031 -836 -324 -91 -416 -329 -270 -395 -582 -507 -537 -594 -462 -520 -686 -795 -760 -871 -1176 -1092 -1048 -1135 -1168 -1237 -1247
-1142 -840 -650 -656 -660 -457 -325 -221 -229 -195 -262 -241 -183 -327 -338 -300 -373 -342 -349 -302 -220 -243 -69 -173 -344 -328 -286 -224 -310 -473 -613 -625 -637 -730 -940 -1103 -1136 -1180 -1045 -792 -881 -1425 -1895 -1853 -1611 -1489 -1289 -994 -734 -670 -658 -329 50 -99 -402 -741 -1196 -1032 -615 -401 -155 -240 -304 -391 -562 -634 -484 -508 -408 -368 -610 -706 -787 -814 -970 -1241 -1078 -964 -1047 -1046 -1155 -1207
-904 -868 -687 -654 -592 -395 -292 -234 -331 -381 -366 -193 -120 -267 -289 -332 -460 -410 -266 -220 -234 -236 -100 -75 -176 -273 -251 -161 -295 -465 -561 -509 -691 -864 -850 -957 -1106 -1227 -1172 -1005 -828 -875 -1184 -1544 -1559 -1523 -1469 -1279 -999 -809 -565 -180 207 -28 -509 -801 -1255 -1056 -457 -305 -81 -70 -347 -452 -589 -606 -538 -528 -474 -569 -826 -876 -858 -913 -1045 -1120 -1000 -950 -1008 -1068 -1201 -1293
-729 -719 -554 -462 -471 -320 -192 -200 -385 -510 -392 -189 -125 -159 -151 -177 -301 -321 -203 -119 -72 -161 -206 -79 -116 -338 -430 -332 -306 -374 -477 -427 -506 -729 -806 -900 -1067 -1244 -1232 -1059 -924 -838 -916 -1218 -1536 -1618 -1607 -1517 -1294 -969 -530 -273 -70 -178 -582 -884 -1025 -781 -456 -348 -204 -227 -280 -269 -542 -579 -450 -465 -613 -809 -925 -972 -801 -816 -1093 -1189 -1047 -1146 -1315 -1224 -1162 -1317
-544 -533 -429 -335 -377 -249 -209 -360 -515 -461 -292 -169 -114 -110 5 110 -104 -175 -38 64 75 -77 -201 -218 -264 -375 -470 -422 -304 -216 -340 -368 -285 -552 -818 -888 -961 -1172 -1131 -915 -983 -1036 -940 -943 -1230 -1504 -1559 -1565 -1470 -1122 -787 -528 -344 -241 -354 -819 -1096 -890 -611 -454 -282 -258 -161 -157 -397 -502 -437 -413 -418 -710 -942 -978 -917 -922 -1093 -1258 -1178 -1048 -1250 -1207 -1057 -1201
-419 -494 -445 -410 -396 -340 -339 -296 -298 -306 -301 -242 -48 -53 55 167 -131 -139 46 68 48 -62 -238 -350 -369 -260 -205 -249 -229 -216 -354 -401 -443 -670 -885 -939 -931 -1098 -1036 -1067 -1308 -1317 -954 -753 -900 -1138 -1306 -1432 -1454 -1274 -1201 -871 -435 -308 -515 -809 -1037 -830 -381 -156 -255 -326 -298 -380 -514 -585 -615 -494 -371 -605 -966 -1067 -921 -838 -857 -1084 -1234 -1064 -1112 -1193 -1325 -1284
-407 -543 -505 -572 -450 -249 -183 -101 -86 -242 -116 -146 -94 -10 -91 -65 -76 -140 -101 -57 -16 -64 -247 -375 -395 -233 -142 -292 -384 -413 -433 -433 -591 -827 -943 -938 -1007 -1186 -1067 -1087 -1322 -1326 -969 -662 -703 -775 -980 -1292 -1361 -1434 -1503 -1138 -606 -399 -840 -1088 -900 -596 -352 -128 -205 -444 -556 -611 -712 -629 -372 -288 -429 -650 -1014 -1081 -900 -985 -1115 -1254 -1347 -1371 -1221 -1137 -1214 -1162
-506 -582 -514 -643 -734 -420 -164 -296 -269 -261 -237 -219 -193 -31 -214 -197 -73 -207 -278 -184 -81 -101 -220 -375 -435 -339 -296 -468 -572 -508 -477 -508 -687 -806 -817 -792 -915 -1086 -1055 -910 -1005 -1110 -1075 -1047 -926 -791 -822 -1147 -1214 -1328 -1475 -1185 -990 -859 -1357 -1632 -1111 -550 -257 -108 -255 -503 -534 -275 -534 -675 -309 -318 -565 -857 -1255 -1290 -1084 -1082 -1066 -1209 -1296 -1242 -1200 -1286 -1231 -1079
-564 -593 -607 -655 -844 -733 -327 -256 -218 -258 -417 -211 -139 -98 -170 -288 -188 -150 -212 -244 -261 -248 -208 -357 -508 -504 -478 -515 -659 -520 -464 -590 -688 -652 -548 -538 -601 -829 -990 -914 -981 -1141 -1258 -1324 -1219 -1045 -947 -967 -939 -1097 -1277 -1256 -1405 -1290 -1474 -1474 -962 -538 -252 -252 -436 -577 -504 -303 -538 -743 -509 -364 -536 -752 -1095 -1226 -1113 -1081 -945 -1155 -1443 -1213 -1171 -1420 -1296 -956
-789 -807 -729 -507 -430 -509 -342 -198 -261 -135 -180 -283 -281 -245 -223 -383 -284 -155 -246 -389 -531 -500 -442 -520 -642 -616 -598 -512 -414 -336 -448 -659 -627 -429 -337 -370 -413 -624 -868 -963 -1133 -1292 -1297 -1155 -1060 -1019 -1007 -828 -770 -829 -1061 -1330 -1489 -1269 -1297 -1087 -665 -617 -544 -475 -534 -634 -577 -509 -619 -654 -501 -441 -744 -838 -910 -1232 -1313 -1234 -1028 -1216 -1335 -969 -1106 -1286 -1224 -1116
-818 -820 -732 -558 -439 -465 -493 -370 -407 -430 -440 -395 -270 -371 -435 -359 -232 -209 -373 -576 -697 -630 -519 -559 -724 -578 -289 -248 -335 -399 -434 -608 -629 -456 -348 -423 -443 -346 -621 -952 -1152 -1299 -1294 -1168 -1090 -1092 -1034 -816 -729 -630 -734 -1022 -1150 -1101 -1279 -1200 -872 -739 -628 -430 -407 -553 -711 -650 -698 -812 -905 -805 -828 -920 -999 -1126 -1143 -1185 -1012 -1095 -1134 -951 -1181 -1347 -1252 -1189
-724 -673 -493 -275 -342 -552 -664 -453 -332 -473 -380 -319 -134 -68 -227 -287 -257 -309 -469 -692 -752 -581 -395 -409 -518 -407 -178 -310 -630 -734 -591 -578 -612 -509 -312 -259 -301 -274 -437 -660 -967 -1145 -1297 -1404 -1348 -1258 -1134 -960 -880 -690 -517 -671 -886 -802 -1080 -1306 -1117 -745 -476 -380 -297 -512 -836 -758 -652 -798 -1046 -819 -600 -843 -1009 -1067 -1091 -1194 -1020 -1022 -1173 -1187 -1169 -1129 -1129 -1176
-755 -786 -645 -457 -443 -559 -629 -732 -478 -316 -243 -420 -505 -365 -390 -389 -427 -490 -618 -749 -595 -456 -438 -436 -451 -488 -436 -458 -667 -674 -481 -456 -426 -369 -311 -375 -392 -346 -242 -294 -783 -1173 -1339 -1588 -1545 -1334 -1163 -1025 -1020 -986 -772 -729 -791 -521 -833 -1223 -1115 -732 -426 -420 -235 -363 -618 -619 -669 -776 -915 -648 -623 -943 -1081 -1123 -1165 -1236 -1125 -1030 -1160 -1174 -1001 -1008 -1162 -1116
-702 -771 -784 -697 -525 -473 -488 -609 -474 -375 -465 -486 -706 -728 -598 -516 -583 -656 -696 -666 -447 -347 -447 -601 -607 -567 -480 -390 -374 -335 -331 -388 -382 -346 -461 -589 -414 -234 -168 -212 -622 -1056 -1227 -1322 -1375 -1299 -1220 -1046 -1104 -1288 -1233 -1031 -874 -595 -678 -1007 -927 -865 -666 -370 -144 -196 -487 -649 -754 -747 -708 -599 -856 -1088 -1073 -1049 -1159 -1294 -1148 -1035 -1214 -1031 -908 -1166 -1249 -1051
-728 -716 -612 -584 -595 -575 -350 -374 -568 -427 -460 -542 -688 -711 -514 -433 -525 -594 -579 -534 -424 -416 -490 -632 -517 -375 -405 -394 -358 -377 -413 -463 -469 -489 -538 -552 -441 -335 -365 -376 -405 -782 -1117 -1166 -1209 -1319 -1329 -1194 -1265 -1338 -1331 -1263 -1074 -749 -536 -597 -766 -952 -750 -334 -173 -204 -470 -712 -702 -653 -692 -796 -1007 -1056 -978 -958 -1080 -1231 -1137 -1144 -1272 -897 -843 -1219 -1284 -1056
-747 -662 -479 -452 -608 -644 -390 -502 -718 -517 -493 -489 -546 -696 -537 -394 -448 -499 -421 -346 -412 -531 -540 -423 -250 -176 -403 -609 -716 -660 -586 -578 -556 -495 -473 -442 -400 -383 -627 -483 -303 -556 -812 -973 -1039 -1270 -1277 -1200 -1321 -1149 -1011 -989 -1129 -1047 -649 -564 -673 -746 -580 -340 -345 -408 -520 -670 -653 -638 -715 -845 -893 -982 -927 -906 -1021 -1114 -1216 -1203 -1243 -1077 -1025 -1215 -1258 -1109
-732 -554 -418 -458 -661 -647 -435 -476 -524 -434 -479 -227 -317 -752 -738 -551 -519 -584 -564 -438 -467 -621 -637 -563 -519 -482 -555 -720 -744 -656 -644 -567 -501 -397 -422 -366 -375 -482 -702 -570 -408 -509 -593 -713 -901 -1064 -1059 -1038 -1197 -1193 -1074 -1039 -1332 -1372 -884 -725 -510 -458 -532 -514 -731 -810 -621 -588 -583 -598 -620 -722 -841 -999 -956 -990 -1053 -1115 -1186 -1157 -1284 -1382 -1212 -1134 -1228 -1215
-904 -657 -487 -568 -752 -738 -570 -447 -324 -379 -482 -311 -259 -600 -771 -633 -476 -521 -629 -609 -574 -588 -548 -623 -803 -764 -574 -502 -485 -528 -570 -455 -593 -534 -471 -516 -503 -575 -700 -669 -607 -655 -656 -660 -1033 -1207 -953 -879 -999 -1138 -1169 -1192 -1347 -1308 -1040 -917 -695 -557 -698 -762 -814 -870 -661 -531 -533 -507 -497 -694 -946 -1091 -1017 -1079 -1105 -1134 -1109 -1112 -1249 -1363 -1193 -1081 -1123 -1142
-708 -725 -561 -530 -616 -647 -612 -528 -452 -549 -657 -554 -275 -321 -576 -568 -557 -504 -593 -736 -816 -715 -427 -462 -652 -720 -585 -442 -434 -488 -495 -466 -666 -540 -516 -684 -547 -577 -649 -652 -673 -764 -693 -507 -901 -1252 -971 -693 -717 -1035 -1285 -1286 -1231 -1192 -1129 -1146 -1011 -958 -979 -809 -574 -726 -711 -547 -634 -531 -583 -881 -1046 -1061 -931 -984 -1036 -1105 -1054 -993 -1108 -1275 -1189 -1117 -1016 -949
-693 -778 -646 -538 -519 -489 -629 -643 -602 -682 -709 -596 -408 -455 -658 -718 -754 -665 -599 -724 -929 -827 -437 -351 -473 -540 -544 -568 -579 -547 -507 -499 -519 -430 -436 -565 -532 -494 -468 -559 -667 -613 -537 -494 -704 -1171 -1230 -1002 -1012 -1169 -1256 -1283 -1288 -1391 -1310 -1230 -1155 -1101 -1017 -808 -609 -695 -639 -641 -756 -674 -753 -935 -946 -1001 -942 -878 -1012 -1082 -935 -845 -978 -1138 -1164 -1215 -1072 -983
-915 -849 -758 -677 -574 -520 -734 -721 -611 -649 -593 -525 -481 -559 -670 -725 -838 -916 -730 -652 -802 -842 -679 -609 -565 -554 -564 -588 -493 -472 -610 -472 -342 -383 -350 -604 -575 -306 -365 -635 -722 -553 -630 -695 -666 -742 -851 -942 -1142 -1237 -1162 -1078 -1177 -1358 -1315 -1471 -1413 -1190 -997 -1060 -1007 -789 -523 -555 -762 -756 -789 -925 -973 -1123 -1070 -911 -1024 -1216 -1007 -821 -949 -1030 -1134 -1332 -1295 -1093
-854 -821 -787 -771 -700 -693 -855 -732 -601 -627 -607 -636 -601 -533 -552 -536 -642 -792 -728 -671 -719 -738 -711 -709 -690 -731 -652 -508 -468 -517 -603 -438 -341 -333 -274 -592 -528 -221 -396 -625 -692 -671 -932 -871 -571 -437 -485 -545 -818 -1038 -1054 -930 -1030 -1129 -1197 -1563 -1344 -975 -977 -1148 -1216 -917 -580 -465 -591 -724 -796 -954 -1144 -1220 -1022 -838 -990 -1287 -1058 -794 -896 -871 -1110 -1381 -1399 -1116
-842 -814 -770 -769 -730 -761 -795 -695 -686 -751 -796 -845 -694 -534 -593 -596 -845 -800 -718 -842 -928 -914 -923 -779 -678 -780 -577 -288 -471 -440 -440 -493 -350 -311 -305 -385 -406 -336 -441 -532 -629 -776 -1020 -746 -461 -562 -627 -615 -792 -925 -898 -902 -1244 -1402 -1240 -1316 -1087 -945 -1132 -1200 -1246 -1070 -826 -756 -737 -674 -697 -921 -1293 -1316 -1020 -936 -896 -936 -882 -900 -998 -952 -1041 -1182 -1194 -1027
-906 -862 -846 -852 -847 -821 -706 -596 -633 -799 -892 -868 -753 -691 -701 -709 -833 -777 -577 -762 -1044 -923 -850 -790 -688 -709 -442 -232 -382 -290 -380 -496 -276 -451 -499 -440 -489 -453 -411 -493 -613 -669 -743 -539 -425 -574 -645 -647 -713 -803 -739 -786 -1199 -1261 -1062 -1093 -1126 -1132 -1293 -1410 -1401 -1212 -1022 -937 -902 -667 -703 -1019 -1349 -1276 -1093 -1152 -885 -699 -791 -958 -1119 -1092 -897 -965 -1127 -1027
-907 -909 -1068 -1159 -1012 -838 -751 -635 -655 -784 -868 -727 -625 -698 -679 -502 -457 -732 -769 -745 -883 -666 -518 -598 -627 -606 -498 -420 -451 -477 -529 -480 -377 -550 -534 -470 -515 -424 -386 -520 -636 -515 -545 -620 -546 -416 -554 -622 -545 -544 -601 -760 -1017 -904 -873 -1047 -1123 -1078 -1060 -1227 -1268 -1114 -1030 -1008 -950 -738 -799 -1037 -1125 -1103 -1034 -1038 -807 -628 -691 -753 -845 -890 -882 -1044 -1246 -1152
-1170 -1220 -1374 -1379 -1000 -644 -788 -931 -850 -796 -1025 -923 -695 -708 -562 -412 -417 -620 -800 -682 -724 -849 -800 -735 -626 -628 -565 -470 -458 -499 -482 -563 -514 -410 -414 -387 -429 -442 -477 -569 -623 -541 -600 -665 -521 -241 -509 -703 -484 -467 -646 -795 -842 -807 -778 -758 -811 -680 -591 -778 -887 -894 -1005 -1032 -1024 -918 -850 -794 -863 -945 -819 -682 -638 -624 -707 -725 -704 -751 -986 -1110 -1260 -1182
-1353 -1452 -1447 -1284 -1081 -840 -938 -1137 -964 -745 -874 -792 -660 -683 -571 -494 -442 -527 -685 -723 -827 -838 -863 -925 -784 -797 -746 -574 -545 -414 -348 -424 -543 -439 -345 -245 -346 -529 -584 -456 -500 -614 -660 -706 -547 -348 -571 -709 -420 -403 -706 -670 -504 -627 -695 -483 -557 -595 -675 -939 -887 -980 -1155 -1125 -1194 -1251 -1143 -902 -915 -964 -771 -670 -658 -679 -884 -993 -928 -873 -954 -1010 -1149 -1072
-1395 -1498 -1349 -1163 -1327 -1074 -859 -950 -814 -626 -626 -588 -502 -587 -655 -634 -680 -656 -611 -654 -850 -841 -884 -1019 -943 -770 -675 -763 -808 -664 -639 -662 -615 -477 -301 -233 -340 -501 -525 -406 -508 -710 -697 -595 -597 -572 -751 -741 -399 -430 -664 -580 -483 -788 -820 -542 -664 -730 -625 -678 -602 -784 -912 -839 -1013 -1251 -1222 -1028 -1107 -1088 -881 -772 -612 -623 -866 -962 -1002 -976 -914 -912 -951 -989
-1412 -1516 -1286 -1260 -1477 -1018 -758 -789 -721 -680 -666 -664 -615 -659 -673 -729 -956 -799 -602 -602 -867 -1028 -1056 -1229 -1088 -847 -747 -817 -828 -637 -550 -636 -580 -428 -466 -558 -530 -496 -560 -639 -638 -685 -615 -493 -573 -621 -740 -761 -587 -599 -681 -554 -682 -1003 -846 -508 -583 -716 -472 -277 -347 -590 -778 -719 -837 -1254 -1207 -1007 -1185 -1285 -1028 -760 -557 -498 -636 -690 -929 -1043 -994 -954 -896 -937
-1426 -1504 -1306 -1349 -1411 -964 -778 -836 -882 -853 -732 -655 -676 -736 -736 -718 -844 -729 -660 -669 -829 -865 -801 -1029 -1003 -955 -905 -591 -574 -669 -543 -539 -648 -580 -504 -675 -747 -667 -640 -644 -621 -572 -612 -627 -717 -838 -813 -785 -777 -741 -769 -717 -816 -999 -990 -723 -534 -450 -373 -355 -484 -653 -905 -751 -667 -1193 -1287 -1060 -1091 -1345 -1218 -856 -753 -561 -502 -584 -832 -1055 -1123 -1054 -869 -845
-1273 -1323 -1217 -1133 -1108 -952 -965 -1026 -1010 -894 -769 -629 -690 -866 -1002 -685 -505 -659 -882 -787 -909 -971 -656 -683 -730 -641 -831 -760 -594 -740 -824 -623 -477 -504 -486 -694 -831 -661 -604 -565 -529 -515 -647 -791 -943 -1068 -942 -912 -883 -876 -908 -854 -884 -726 -675 -628 -610 -521 -419 -467 -571 -762 -945 -877 -638 -735 -758 -810 -767 -869 -965 -963 -1016 -871 -740 -785 -906 -1074 -1265 -1172 -950 -919
-1078 -1075 -1016 -906 -1073 -1197 -1098 -1021 -894 -782 -786 -700 -754 -882 -921 -668 -596 -882 -1107 -855 -762 -978 -646 -505 -778 -711 -686 -785 -599 -504 -582 -578 -604 -545 -586 -616 -562 -493 -523 -551 -491 -492 -694 -898 -1008 -1054 -1028 -1059 -913 -753 -713 -684 -635 -502 -544 -616 -607 -601 -627 -797 -839 -859 -866 -850 -764 -570 -590 -714 -685 -613 -745 -889 -1015 -1024 -1001 -1102 -1134 -1217 -1265 -1009 -803 -926
-1080 -1034 -1035 -989 -1205 -1338 -1086 -781 -718 -825 -908 -856 -904 -863 -872 -951 -1032 -1082 -1107 -874 -647 -827 -576 -528 -831 -773 -675 -638 -641 -485 -445 -531 -637 -495 -301 -367 -412 -441 -526 -567 -522 -655 -860 -880 -842 -807 -803 -838 -676 -497 -425 -508 -621 -738 -816 -859 -729 -693 -855 -1000 -1100 -1152 -1007 -880 -930 -1069 -978 -849 -806 -742 -784 -843 -936 -1139 -1258 -1384 -1387 -1390 -1306 -939 -699 -805
