test/net/g2lab/icchange/view/profile/olddata/rastert_delta055.txt
ncols         452
nrows         411
xllcorner     527595,50307841
yllcorner     5934256,8476051
cellsize      5
NODATA_value  -9999
[rows 280 to 314 of 411, columns 158 to 236 of 452]
4755 4980 5144 4956 4817 4692 -9999 -9999 -9999 -9999 -9999 -9999 -9999 -9999 -9999 -9999 -9999 -9999 -9999 -9999 -9999 5704 6054 5938 5611 5501 -9999 -9999 -9999 6094 -9999 -9999 -9999 -9999 -9999 -9999 -9999 -9999 -9999 -9999 -9999 -9999 -9999 -9999 -9999 -9999 -9999 -9999 -9999 -9999 -9999 -9999 -9999 -9999 -9999 -9999 -9999 -9999 -9999 -9999 -9999 -9999 -9999 -9999 5960 6255 6515 -9999 -9999 -9999 6487 6785 7066 7133 -9999 6896 6799 -9999 -9999
5183 5688 5762 5229 5033 5022 4779 -9999 -9999 -9999 -9999 -9999 -9999 -9999 -9999 -9999 -9999 -9999 5229 5400 5791 5977 5700 -9999 -9999 -9999 6154 -9999 6096 6224 5977 -9999 -9999 -9999 -9999 -9999 -9999 -9999 -9999 -9999 -9999 -9999 -9999 -9999 -9999 -9999 -9999 -9999 -9999 -9999 -9999 -9999 -9999 -9999 -9999 -9999 -9999 -9999 6429 -9999 -9999 -9999 -9999 -9999 6084 -9999 -9999 -9999 -9999 6647 6497 6568 6878 7391 7633 7373 -9999 -9999 -9999
5747 5598 5273 5068 5001 4913 4855 4760 -9999 -9999 -9999 -9999 -9999 -9999 -9999 -9999 -9999 5490 5795 5845 6086 5724 -9999 -9999 -9999 -9999 -9999 -9999 -9999 -9999 6226 -9999 -9999 -9999 -9999 -9999 -9999 -9999 -9999 -9999 -9999 -9999 -9999 -9999 -9999 -9999 -9999 5866 -9999 -9999 -9999 -9999 -9999 -9999 -9999 -9999 -9999 -9999 -9999 6013 -9999 -9999 -9999 -9999 -9999 6235 -9999 6490 6429 6629 -9999 -9999 6662 7005 7483 -9999 -9999 -9999 -9999
5658 5098 4540 4571 4666 4538 4496 4616 -9999 -9999 -9999 -9999 -9999 -9999 -9999 -9999 5000 5576 6012 5867 5579 -9999 -9999 -9999 -9999 -9999 -9999 6249 6259 -9999 6444 6400 -9999 -9999 -9999 -9999 -9999 -9999 -9999 -9999 -9999 -9999 -9999 -9999 -9999 -9999 -9999 -9999 -9999 -9999 -9999 -9999 -9999 -9999 -9999 -9999 -9999 -9999 -9999 -9999 5978 -9999 -9999 -9999 -9999 6101 6517 6596 6624 6783 -9999 -9999 7084 7190 -9999 -9999 -9999 -9999 -9999
5742 5405 4638 4367 4502 4543 4672 4660 -9999 -9999 -9999 -9999 -9999 4981 5280 5303 5724 6250 5908 -9999 -9999 -9999 -9999 -9999 -9999 -9999 -9999 -9999 6327 6297 6446 6308 -9999 -9999 -9999 -9999 -9999 -9999 -9999 -9999 -9999 -9999 -9999 -9999 -9999 -9999 -9999 -9999 -9999 -9999 -9999 -9999 -9999 -9999 -9999 -9999 -9999 -9999 -9999 -9999 -9999 -9999 5981 6003 5860 -9999 -9999 -9999 6617 -9999 -9999 7042 7273 7453 7549 7378 -9999 -9999 -9999
6664 6243 5125 4922 4870 4676 -9999 -9999 -9999 -9999 -9999 5097 5179 5633 6029 6365 6375 6204 5667 -9999 -9999 -9999 -9999 6031 6156 6067 -9999 -9999 -9999 -9999 6363 6224 6121 -9999 -9999 -9999 -9999 -9999 -9999 -9999 -9999 -9999 -9999 -9999 -9999 -9999 -9999 -9999 -9999 -9999 -9999 -9999 -9999 -9999 -9999 -9999 -9999 -9999 -9999 -9999 -9999 -9999 5872 6070 6283 -9999 -9999 -9999 -9999 6679 7009 7223 7263 7473 7810 7771 7756 7868 8049
7095 6500 5312 5243 5043 4766 -9999 -9999 4749 4994 5293 5482 5788 6265 6470 6500 6178 6071 6322 -9999 -9999 -9999 -9999 -9999 5747 5958 -9999 -9999 -9999 -9999 -9999 -9999 6198 6295 6126 6231 6154 -9999 -9999 -9999 5973 -9999 -9999 -9999 -9999 -9999 -9999 -9999 -9999 -9999 -9999 -9999 -9999 -9999 -9999 -9999 -9999 -9999 -9999 -9999 -9999 -9999 -9999 -9999 -9999 -9999 6094 6080 -9999 6458 7122 7348 7246 7320 7577 7672 8137 8335 8258
6636 6425 5433 4987 4894 5094 5169 5144 5297 5387 5332 5342 5392 5632 5868 -9999 -9999 -9999 -9999 -9999 -9999 -9999 -9999 -9999 -9999 -9999 5833 -9999 -9999 -9999 -9999 -9999 6002 6224 6029 6170 6151 -9999 -9999 -9999 -9999 5599 -9999 -9999 -9999 -9999 -9999 -9999 -9999 -9999 -9999 -9999 -9999 -9999 -9999 -9999 -9999 -9999 -9999 -9999 -9999 -9999 -9999 -9999 -9999 6262 6552 6900 6708 6428 6620 7051 7318 7561 7709 -9999 -9999 -9999 -9999
5670 5594 5212 4951 5024 5328 5686 5760 5721 5619 -9999 -9999 -9999 -9999 -9999 -9999 -9999 -9999 -9999 -9999 -9999 -9999 -9999 -9999 -9999 -9999 5477 5835 -9999 -9999 5496 -9999 -9999 5872 6080 6022 -9999 6075 6516 6170 -9999 -9999 -9999 -9999 -9999 -9999 -9999 -9999 -9999 -9999 -9999 -9999 -9999 -9999 -9999 -9999 -9999 -9999 -9999 -9999 -9999 -9999 -9999 -9999 -9999 -9999 6399 6934 7132 6915 6681 6714 -9999 7638 8080 8078 7891 -9999 8165
-9999 -9999 5123 5455 5701 5839 5779 5660 5296 -9999 -9999 -9999 -9999 -9999 -9999 -9999 -9999 -9999 -9999 -9999 -9999 -9999 6309 6484 -9999 6160 5629 5616 5958 6022 5844 -9999 -9999 -9999 5692 5826 -9999 5905 5930 -9999 -9999 -9999 -9999 -9999 -9999 -9999 -9999 -9999 -9999 -9999 -9999 -9999 -9999 -9999 -9999 -9999 -9999 -9999 -9999 -9999 5845 -9999 -9999 -9999 -9999 -9999 -9999 6619 7279 7469 7440 -9999 -9999 -9999 7931 8160 8227 8207 8055
-9999 -9999 5362 5716 5913 5752 5382 -9999 -9999 -9999 -9999 -9999 -9999 -9999 -9999 -9999 -9999 -9999 -9999 -9999 -9999 6127 6043 6254 6410 6225 5826 -9999 -9999 5835 5784 5784 5678 -9999 -9999 5559 -9999 -9999 -9999 -9999 -9999 -9999 -9999 -9999 -9999 -9999 -9999 -9999 -9999 -9999 -9999 -9999 -9999 -9999 -9999 -9999 -9999 -9999 -9999 -9999 -9999 -9999 -9999 -9999 -9999 -9999 6064 6566 7103 7599 7848 -9999 -9999 -9999 7898 8011 8180 8402 8284
-9999 -9999 -9999 -9999 5440 5279 -9999 -9999 -9999 -9999 -9999 -9999 -9999 -9999 -9999 -9999 -9999 -9999 -9999 -9999 5886 5680 -9999 5971 6431 6530 6345 6281 6011 5921 5999 6000 6069 6240 -9999 -9999 -9999 -9999 -9999 -9999 -9999 -9999 -9999 -9999 -9999 -9999 -9999 -9999 -9999 -9999 5462 -9999 -9999 -9999 -9999 -9999 -9999 -9999 -9999 -9999 -9999 -9999 -9999 -9999 -9999 -9999 6378 6600 6951 7649 8041 8118 8341 8492 8467 -9999 8023 8179 -9999
-9999 -9999 -9999 -9999 -9999 -9999 -9999 -9999 -9999 -9999 -9999 -9999 -9999 -9999 -9999 -9999 -9999 -9999 -9999 6213 5995 -9999 -9999 -9999 -9999 6682 6641 6520 6435 6456 6486 6378 6284 6336 6477 6072 -9999 -9999 5500 -9999 -9999 -9999 -9999 -9999 -9999 -9999 -9999 -9999 -9999 -9999 5434 5505 -9999 -9999 -9999 -9999 -9999 -9999 -9999 -9999 -9999 -9999 -9999 5980 6187 6056 6105 6520 6981 7598 8077 8353 8526 8559 8607 -9999 8136 7815 -9999
-9999 5282 5401 -9999 5955 5888 -9999 -9999 -9999 -9999 -9999 -9999 -9999 -9999 -9999 -9999 -9999 -9999 6183 6049 6209 -9999 -9999 -9999 -9999 6579 6692 6723 6858 6954 6778 6637 6571 6356 6516 6424 5994 -9999 -9999 -9999 -9999 -9999 -9999 -9999 -9999 -9999 -9999 -9999 -9999 -9999 -9999 -9999 -9999 -9999 -9999 -9999 -9999 -9999 -9999 -9999 5548 5706 -9999 5924 6374 6562 6536 6892 7420 7748 7986 8433 8727 8505 8414 8607 8561 -9999 -9999
5345 5877 6350 -9999 -9999 -9999 -9999 -9999 -9999 -9999 -9999 -9999 -9999 -9999 -9999 -9999 -9999 5918 6195 6311 6357 6420 6523 6485 6582 6880 6852 6940 6983 6994 6975 6959 6758 6372 6497 6170 6055 6256 -9999 -9999 -9999 -9999 -9999 -9999 -9999 -9999 -9999 -9999 -9999 -9999 -9999 -9999 -9999 -9999 -9999 -9999 -9999 -9999 -9999 -9999 -9999 -9999 -9999 6355 6701 7109 7208 7550 8028 8251 8203 -9999 8850 8740 8608 8519 8707 8488 -9999
5960 -9999 -9999 -9999 -9999 -9999 -9999 -9999 -9999 -9999 -9999 -9999 -9999 -9999 -9999 -9999 -9999 6205 6339 -9999 -9999 6356 6442 6611 6729 6806 6878 7164 -9999 -9999 6819 6859 6654 6582 6646 6125 6031 6404 6205 -9999 -9999 -9999 -9999 5835 5921 -9999 -9999 5774 5917 5909 -9999 -9999 -9999 -9999 -9999 -9999 5808 5769 -9999 -9999 -9999 -9999 -9999 6588 7091 7383 7893 8004 8161 8483 8431 8461 8486 8541 8320 7859 8502 8592 8205
6318 -9999 -9999 -9999 -9999 -9999 -9999 -9999 -9999 -9999 -9999 -9999 6174 6150 5982 5705 -9999 6361 -9999 -9999 6564 6719 6572 6663 6590 6487 6721 7139 -9999 -9999 -9999 6559 6326 6351 6637 6456 6102 6105 6240 6181 -9999 -9999 -9999 -9999 -9999 -9999 -9999 -9999 -9999 -9999 -9999 -9999 -9999 -9999 -9999 5919 6012 6317 6520 -9999 6237 6466 6678 6823 7363 8038 8477 8344 -9999 8548 8443 8290 7870 7950 7996 7649 8025 8261 7943
-9999 -9999 -9999 -9999 -9999 -9999 -9999 -9999 -9999 -9999 -9999 -9999 -9999 -9999 5999 -9999 -9999 -9999 -9999 6463 6536 6673 6583 6501 -9999 -9999 -9999 -9999 -9999 -9999 -9999 -9999 6368 6300 6599 6695 6331 6266 6283 6065 6032 6070 -9999 -9999 -9999 -9999 5864 -9999 -9999 -9999 -9999 5738 -9999 -9999 -9999 -9999 6000 -9999 -9999 -9999 6586 6999 7321 7374 7719 8107 8576 8834 8979 8721 8608 8769 8492 8288 8241 7704 7437 8118 7551
-9999 -9999 -9999 -9999 -9999 -9999 -9999 -9999 -9999 -9999 -9999 -9999 -9999 -9999 -9999 -9999 -9999 -9999 6397 6523 6558 6510 6484 -9999 -9999 -9999 -9999 -9999 -9999 -9999 -9999 -9999 -9999 6422 6263 6300 6380 6495 6343 5986 5915 6175 6023 -9999 -9999 5709 -9999 -9999 -9999 -9999 -9999 -9999 -9999 -9999 -9999 -9999 -9999 -9999 -9999 -9999 7179 7405 7573 7989 8468 -9999 -9999 8850 8898 8856 8723 8856 9049 8976 8787 8176 7736 7886 6996
-9999 -9999 -9999 -9999 -9999 -9999 -9999 -9999 -9999 5468 5709 5915 5975 -9999 -9999 -9999 -9999 6395 6428 6753 6790 6461 6427 -9999 -9999 -9999 -9999 6113 -9999 -9999 -9999 -9999 -9999 6576 6297 6295 6374 6372 6488 6386 6274 6316 6226 6316 6141 5907 5709 -9999 -9999 -9999 -9999 -9999 -9999 -9999 -9999 -9999 -9999 -9999 -9999 -9999 7580 7884 7874 8143 8622 -9999 -9999 8485 8468 -9999 8742 8875 8830 8948 8957 8830 8156 7314 6635
-9999 -9999 -9999 -9999 -9999 -9999 -9999 -9999 5810 5985 6336 6234 -9999 -9999 -9999 6268 6078 6091 6483 6742 6888 6602 6314 6262 6288 6295 6163 6139 -9999 -9999 -9999 -9999 6418 6384 -9999 -9999 -9999 6024 6632 6789 6799 6761 6602 6454 6317 6153 6144 -9999 -9999 -9999 -9999 6642 6860 -9999 -9999 -9999 -9999 -9999 -9999 -9999 -9999 8173 -9999 -9999 8513 8808 -9999 8581 8608 -9999 8543 8956 9002 9206 9298 9092 8175 6828 5197
-9999 -9999 -9999 -9999 -9999 -9999 -9999 -9999 6040 6242 -9999 -9999 6175 6465 6365 5918 5899 6036 6227 -9999 -9999 -9999 6463 6341 6349 6268 6010 5980 6247 -9999 -9999 6415 6578 6540 6391 -9999 -9999 -9999 -9999 6727 7029 7258 7301 7055 6717 -9999 -9999 6546 6279 -9999 -9999 -9999 7156 7241 7418 7749 -9999 -9999 -9999 -9999 -9999 8454 8861 8859 8843 8837 -9999 -9999 8964 8843 8588 8776 9291 9392 8650 7870 7531 5705 -9999
6290 -9999 -9999 -9999 -9999 -9999 -9999 -9999 -9999 -9999 -9999 -9999 6489 6424 6134 6010 6227 6042 -9999 -9999 -9999 6919 6775 6594 6673 6667 6314 6017 6118 6282 -9999 6829 6871 6690 6562 -9999 -9999 -9999 -9999 -9999 -9999 7162 7619 7882 7511 -9999 -9999 -9999 7100 7192 -9999 -9999 -9999 -9999 7970 8560 -9999 -9999 -9999 8597 8889 8828 8943 9070 9179 8911 8886 8964 9008 9202 9074 8599 8412 8039 6843 5888 4958 3162 -9999
6047 6055 -9999 6116 6412 -9999 -9999 -9999 -9999 -9999 -9999 6084 6153 6087 6136 6231 -9999 -9999 -9999 -9999 -9999 6951 6772 6713 6887 6974 6757 6391 6159 6119 6498 6795 6690 6404 6672 -9999 -9999 -9999 -9999 -9999 -9999 7553 8134 8545 8300 -9999 -9999 -9999 7934 8091 -9999 -9999 -9999 -9999 8288 8993 8934 -9999 8581 8936 9441 9246 9456 9436 9321 9205 9328 9595 9500 9628 9020 7332 6140 5613 4137 -9999 -9999 -9999 -9999
5603 5769 6096 6179 6247 -9999 -9999 -9999 -9999 -9999 6299 6083 5982 6138 -9999 -9999 -9999 -9999 -9999 -9999 6829 6658 6447 6392 6560 6726 6796 6811 6571 6386 6494 6522 6869 -9999 -9999 -9999 -9999 -9999 -9999 -9999 8968 8724 8419 8491 9075 9161 -9999 -9999 -9999 8467 8618 8545 -9999 -9999 -9999 8556 9168 9418 8978 9152 9456 9522 9684 9689 9482 9253 9475 9664 8905 7805 6710 5202 3849 -9999 -9999 -9999 -9999 -9999 -9999
5818 5989 6149 -9999 -9999 -9999 -9999 6460 6188 6086 6303 6309 -9999 -9999 -9999 -9999 -9999 -9999 6893 6706 6490 6180 6041 6143 6181 6273 6562 6900 7020 6952 6917 6695 6919 7342 7303 -9999 -9999 8451 9158 9719 9557 8461 8195 8434 9028 9876 9958 9755 9860 9951 9904 9635 9224 8972 9034 9092 9646 9701 9040 9414 9567 9316 8989 9102 9184 8985 8114 7106 5690 4288 3237 -9999 -9999 -9999 -9999 -9999 -9999 -9999 -9999
6381 6160 -9999 -9999 -9999 -9999 -9999 6123 5764 5756 6328 -9999 -9999 -9999 -9999 -9999 -9999 6760 6523 6213 6294 6202 6208 6392 6377 6385 6603 6911 7200 7185 7286 7306 6999 7539 7851 7974 8865 9026 7896 7228 6954 5611 4485 4740 5935 8299 10147 10404 10581 9986 9420 9681 10466 10573 10473 10278 9927 9782 9579 9167 8514 8028 7558 7591 7067 5711 4257 3147 2639 -9999 -9999 -9999 -9999 -9999 -9999 -9999 -9999 -9999 -9999
6235 -9999 -9999 -9999 -9999 5982 6013 5869 5632 -9999 -9999 -9999 -9999 -9999 -9999 6669 6712 6600 6292 -9999 -9999 6482 6450 6374 6367 6592 6887 7045 7123 6886 7247 7727 7450 8214 9032 8060 6800 5785 3796 2843 -9999 -9999 -9999 -9999 2226 4073 5510 5875 6344 6718 7213 8095 8632 8774 9282 9927 10291 10179 9238 7805 6533 6559 5555 4118 -9999 -9999 -9999 -9999 -9999 -9999 -9999 -9999 -9999 -9999 -9999 -9999 -9999 -9999 -9999
5988 -9999 -9999 6119 5625 5464 5827 5967 5931 6185 -9999 -9999 -9999 -9999 6911 6645 6349 -9999 -9999 -9999 -9999 6258 6281 6246 6438 6836 7198 7405 7207 6801 6878 7801 7737 7532 6936 4505 2543 2254 -9999 -9999 -9999 -9999 -9999 -9999 -9999 -9999 -9999 -9999 -9999 -9999 -9999 3010 3303 4100 5575 7054 7256 7112 6733 6134 5837 5393 -9999 -9999 -9999 -9999 -9999 -9999 -9999 -9999 -9999 -9999 -9999 -9999 -9999 -9999 -9999 -9999 -9999
5997 6031 5933 5731 5666 5814 5970 -9999 6249 -9999 -9999 -9999 -9999 6789 6660 6383 -9999 -9999 -9999 5961 5963 6152 6235 6364 6743 7136 7331 7495 7388 7012 -9999 -9999 6889 4704 3024 1966 -9999 2102 2435 3464 4789 5278 4577 3789 -9999 -9999 -9999 -9999 -9999 -9999 -9999 -9999 -9999 -9999 -9999 -9999 -9999 -9999 3646 3607 3214 -9999 -9999 -9999 -9999 -9999 -9999 -9999 -9999 -9999 -9999 -9999 -9999 -9999 -9999 7100 8263 9047 9357
6030 5721 5585 5725 6081 6269 6138 -9999 -9999 -9999 -9999 7151 7032 6638 6312 -9999 -9999 -9999 6189 6003 6059 6300 6441 6618 6920 7215 7289 7369 7567 -9999 -9999 6903 4875 -9999 -9999 2714 3174 4332 5296 5517 5635 5787 5971 6063 5558 5290 4539 3523 -9999 -9999 -9999 -9999 -9999 -9999 -9999 -9999 -9999 -9999 -9999 -9999 -9999 -9999 -9999 -9999 -9999 -9999 -9999 -9999 -9999 -9999 -9999 -9999 -9999 -9999 -9999 -9999 -9999 -9999 9230
6014 6018 6074 6241 6290 6424 -9999 -9999 -9999 -9999 6830 7043 -9999 -9999 -9999 6186 6264 6285 6223 6212 6421 6600 6564 6724 6952 7203 7342 7466 7687 -9999 7338 5151 2987 -9999 2720 4727 5232 5887 6047 5878 5567 5410 5428 5480 5284 5776 6265 6195 6060 5536 4324 3401 -9999 -9999 -9999 -9999 -9999 -9999 -9999 -9999 -9999 -9999 2542 4299 5399 6333 6655 -9999 -9999 -9999 -9999 -9999 8191 -9999 -9999 -9999 -9999 -9999 -9999
6196 6220 6419 -9999 6491 6897 -9999 -9999 6866 6816 6728 6742 6757 -9999 6442 6364 6223 6282 6544 6704 6847 6959 6988 7099 7135 7309 7638 8047 8330 8461 6007 2926 -9999 2948 4234 5602 5740 5816 5645 5264 4907 4909 4674 4481 4719 5388 5932 6209 6341 6153 5782 5474 5443 5119 4731 4336 3645 3135 3281 3508 3359 3426 4687 6163 7090 -9999 -9999 -9999 7740 8126 -9999 -9999 8595 8549 -9999 -9999 -9999 -9999 -9999
6498 6338 -9999 -9999 -9999 7083 6805 6481 6350 -9999 -9999 6336 6459 6408 6496 6416 6437 6724 7007 7167 7184 -9999 7412 7354 7296 7369 -9999 -9999 8108 6224 3716 -9999 -9999 4523 4861 -9999 5513 5479 5101 4911 5052 5136 4731 4131 4101 4553 4868 5221 5383 5475 5391 5222 5230 5335 5609 6235 6495 5910 5499 5190 5163 5164 5569 5604 6054 7022 7706 8173 8776 9108 8818 -9999 -9999 8704 8980 -9999 -9999 -9999 -9999
6839 -9999 -9999 -9999 7133 6820 6623 6259 6109 -9999 -9999 6270 6413 6403 6393 6411 6797 7111 7139 7271 7267 7308 7481 7237 7348 -9999 -9999 8469 6623 3833 -9999 -9999 3902 5134 5090 4903 4894 5082 5103 5177 5356 5179 4905 4504 4510 4701 4477 4549 4579 4577 4512 4516 4946 5384 5648 5755 5710 5465 5425 5428 5355 5263 5386 5090 4786 6394 8491 8895 9012 9208 9499 9321 8894 8926 9268 9496 -9999 -9999 -9999
