test/net/g2lab/icchange/view/profile/olddata/rastert_delta051.txt
ncols         452
nrows         411
xllcorner     527595,50307841
yllcorner     5934256,8476051
cellsize      5
NODATA_value  -9999
[rows 210 to 244 of 411, columns 240 to 319 of 452]
-9999 -9999 -9999 -9999 -9999 -9999 -9999 -9999 -9999 -9999 -9999 -9999 -9999 -9999 -9999 -9999 -9999 -9999 -9999 -9999 -9999 -9999 -9999 -9999 -9999 -9999 -9999 -9999 -9999 -9999 -9999 -9999 -9999 -9999 -9999 -9999 -9999 38 158 -39 -161 -9999 -9999 -9999 202 37 -119 -37 -9999 -9999 442 417 341 481 470 179 -80 -164 -251 -80 38 19 37 -41 -54 254 -9999 -9999 -9999 298 168 148 -9999 -9999 -9999 -9999 149 298 230 380
-9999 -9999 -9999 -9999 -9999 -9999 -9999 -9999 -9999 -9999 -9999 -9999 -9999 -9999 -9999 -9999 -9999 -9999 -9999 -9999 -9999 -9999 -9999 -9999 -9999 -9999 -9999 -9999 -9999 -9999 -9999 -9999 -9999 -9999 -9999 -9999 -9999 40 440 -9999 -131 -9999 -9999 -9999 369 248 110 282 -9999 -9999 430 327 403 550 472 129 -175 -286 -394 -144 -49 -211 -247 -95 67 146 -9999 -9999 -9999 -9999 -55 -9999 -9999 -9999 -9999 -9999 236 108 31 421
-9999 -9999 -9999 -9999 -9999 -9999 -9999 -9999 -9999 -9999 -9999 -9999 -9999 -9999 -9999 -9999 -9999 -9999 -9999 -9999 -9999 -9999 -9999 -9999 -9999 -9999 -9999 -9999 -9999 -9999 -9999 -9999 -9999 -9999 -9999 -9999 162 133 -9999 -9999 -9999 -9999 -9999 -9999 109 246 393 -9999 -9999 -9999 386 338 -9999 516 388 24 -81 -227 -312 -102 -127 -357 -340 -51 93 113 98 -9999 -9999 -9999 16 -9999 -9999 -9999 -9999 -9999 397 134 -9999 -9999
-9999 -9999 -9999 -9999 -9999 -9999 -9999 -9999 -9999 -9999 -9999 -9999 -9999 -9999 -9999 -9999 -9999 -9999 -9999 -9999 -9999 -9999 -9999 -9999 -9999 -9999 -9999 -9999 -9999 -9999 -9999 -9999 -9999 -9999 -9999 -9999 -9999 -9999 -9999 -9999 126 -9999 -9999 -9999 164 213 197 -9999 -9999 -9999 458 385 -9999 473 332 89 99 -87 -160 -49 -81 -64 -98 -85 -47 59 136 -9999 -9999 -9999 -9999 -9999 -9999 -9999 -9999 -9999 -9999 -9999 -9999 -9999
-9999 -9999 -9999 -9999 -9999 -9999 -9999 -9999 -9999 -9999 -9999 -9999 -9999 -9999 -9999 -9999 -9999 -9999 -9999 -9999 -9999 -9999 -9999 -9999 -9999 -9999 -9999 -9999 -9999 -9999 -9999 -9999 -9999 -9999 -9999 -9999 -9999 -9999 124 328 269 133 -9999 -2 246 25 -3 -9999 -9999 -9999 -9999 477 -9999 -9999 338 195 155 32 -52 -124 -87 169 -29 -189 -214 -132 -107 -9999 -9999 -9999 -9999 -9999 -9999 -9999 -9999 -9999 -9999 -9999 -9999 -9999
-125 -9999 -9999 -9999 -9999 -9999 -9999 -9999 -9999 -33 -216 -9999 -9999 -9999 -9999 -9999 -9999 -9999 -9999 129 20 -114 -9999 -9999 -9999 -9999 -9999 -9999 -9999 -9999 -9999 -293 -351 -54 154 149 -68 -286 -173 225 118 -196 -27 97 192 265 255 -9999 -9999 -9999 -9999 491 406 335 323 242 58 -124 -275 -258 -115 34 -105 -263 -207 -218 -341 -87 195 -9999 -9999 -9999 -9999 -9999 -9999 -9999 -9999 -9999 -9999 -9999
-137 -74 -111 -198 -446 -455 -46 -95 -250 -193 -259 149 97 -441 -487 -259 22 -81 -91 -90 -287 -347 -153 -91 -4 -9999 -9999 -272 -205 -75 -200 -251 -330 -163 -7 -61 -93 -127 -219 -70 -39 -65 73 51 229 300 -9999 -9999 -9999 -9999 -9999 444 273 263 322 176 39 -262 -420 -79 -79 -45 -57 -237 -152 -250 -311 -9999 -9999 -9999 -9999 -9999 -9999 -9999 -9999 -9999 -9999 -9999 -9999 -9999
-269 -255 -127 -77 -35 -113 -120 -202 -682 -505 -113 -9999 -316 -239 -155 -238 -268 -210 -204 -9999 -9999 -179 -84 -13 -9999 -9999 -108 -126 -63 -115 -92 14 25 -45 -239 -339 -257 -140 39 153 156 -75 -161 -63 455 310 -9999 -9999 -9999 -9999 -9999 397 281 265 298 89 -5 -156 -236 18 -329 -146 -40 -416 -355 -266 -288 -9999 -9999 -9999 -9999 -9999 -9999 -9999 -9999 -9999 -9999 -9999 -9999 -9999
-9999 -179 -72 -91 -45 -46 -360 -348 -344 -244 -9999 -9999 -9999 -9999 -9999 -9999 -263 -292 -9999 -9999 -9999 -6 -108 -7 -9999 -9999 -9999 -9999 -9999 -9999 -9999 344 430 31 -351 -211 -9999 -9999 317 164 161 134 103 186 -9999 -9999 -9999 -9999 -9999 -9999 454 503 287 -93 -209 -114 -98 35 1 -30 -249 -147 -127 -473 -645 -437 -302 -9999 -9999 -9999 -149 -194 -232 -277 -21 193 -95 -9999 -9999 -9999
-9999 -9999 95 -232 -330 -140 -373 -345 -85 -85 -343 -20 117 -9999 -9999 -9999 -9999 -9999 -9999 -9999 -139 -97 -205 -167 -45 -9999 -9999 -9999 -9999 -9999 -9999 -9999 -9999 -125 -200 -9999 -9999 480 209 231 141 -77 11 321 -9999 -9999 -9999 -9999 -9999 -9999 -9999 411 73 -122 -306 -138 73 14 -38 -95 -179 -105 -81 -217 -532 -552 -155 -9999 -9999 30 -233 -229 -285 -204 -273 15 196 200 3 174
-9999 -9999 -106 -202 -239 -173 -395 -177 98 2 -398 -86 9 -9999 -9999 -9999 -9999 -9999 -9999 -9999 -9999 -9999 -9999 -191 -145 -9999 -9999 -9999 -9999 -9999 -9999 -9999 -9999 -9999 335 -9999 406 477 558 538 245 65 179 -9999 -9999 -9999 -9999 -9999 -9999 -9999 -9999 -9999 101 226 34 -150 19 102 17 -105 -111 -45 -110 -287 -517 -516 31 -9999 -9999 28 -331 -341 -357 -271 -411 -356 -107 -203 -70 -26
-9999 46 -330 18 -9999 -424 -319 135 -9999 -9999 -9999 -9999 -222 -9999 -9999 -9999 -9999 -9999 -9999 -9999 -9999 -9999 -9999 -9999 -9999 -9999 -9999 -9999 -9999 -9999 -9999 -9999 -9999 -9999 -9999 243 153 370 458 296 474 498 -9999 -9999 -9999 -9999 -9999 -9999 -9999 -9999 115 -158 160 264 -13 -246 -306 -99 22 -170 -47 -65 -99 -82 -155 -175 89 -9999 -9999 256 -106 -181 -262 -194 -369 -769 -383 -78 12 -164
-9999 -131 -164 153 -402 -484 -89 -9999 -9999 -9999 -9999 -9999 -9999 -9999 -9999 -9999 -9999 -9999 -9999 -9999 -9999 -9999 -9999 -9999 -9999 -9999 -9999 -9999 -9999 -9999 -9999 -9999 -9999 -9999 166 -98 139 504 462 45 -9999 -9999 -9999 -9999 -9999 -9999 -9999 -9999 -9999 -9999 147 -67 357 283 -185 -329 -156 -147 -238 -463 -290 -239 -180 64 173 -52 207 511 -9999 141 -118 -198 -257 -46 -216 -503 -185 -233 -109 143
-61 -154 -323 -246 -359 -151 -105 -9999 -9999 -9999 -9999 -9999 -9999 -9999 -9999 -9999 -9999 -9999 -9999 -9999 -9999 -9999 -9999 -9999 -9999 -9999 -9999 -9999 -9999 -9999 -9999 -9999 -9999 614 570 327 479 679 424 -9999 -9999 -9999 -9999 -9999 -9999 -9999 -9999 -9999 17 174 167 107 162 -118 -344 -103 300 -143 -504 -581 -448 -513 -457 -183 109 -6 219 -9999 -9999 67 94 -81 -211 147 -96 -303 -103 -280 -89 229
155 -160 -431 -293 14 -169 -108 -9999 -9999 -9999 -9999 -9999 -9999 -9999 -9999 -9999 -9999 -9999 -9999 -9999 -9999 -9999 -9999 -9999 -9999 -9999 -9999 -9999 -9999 -9999 -9999 -9999 -9999 615 463 450 520 -9999 -9999 -9999 -9999 -9999 -9999 -9999 -9999 -9999 -9999 -9999 265 29 -267 72 236 -188 -276 -76 84 -225 -374 -373 -523 -770 -775 -361 -47 -220 -9999 -9999 -9999 -256 -41 -104 -291 -78 -126 -111 119 219 112 94
-95 -1 -153 -258 -74 -79 -143 -291 -9999 -9999 -9999 -9999 -9999 -9999 -9999 -9999 -9999 -9999 -9999 -9999 -9999 -9999 -9999 -9999 -9999 -9999 -9999 -9999 -9999 -9999 -9999 233 589 458 122 327 -9999 -9999 -9999 -9999 -9999 -9999 -9999 -9999 -9999 -9999 -9999 270 296 -9999 -48 256 372 -34 -242 -103 -149 -244 -93 -215 -594 -763 -573 -180 -260 -452 -62 20 -196 -459 -446 -218 -163 -16 155 104 233 -9999 209 2
-155 -9999 -334 -367 -187 -39 -364 -734 -583 -306 -9999 -9999 -9999 -9999 -9999 -9999 -9999 -9999 -9999 -9999 -9999 -9999 -9999 -9999 -9999 -9999 -9999 -9999 -9999 122 355 429 513 416 -9999 -9999 -9999 -9999 -9999 -9999 -9999 187 423 -9999 -9999 386 90 29 -9999 -9999 358 323 205 37 -125 -67 -187 -178 -154 -653 -830 -599 -246 -9999 -337 -321 -80 -432 -352 -178 -226 -275 -268 -9999 -9999 -9999 -9999 -9999 -9999 29
-168 -37 -224 -335 -210 -122 -97 -367 -426 -301 -9999 -9999 -9999 -9999 -9999 -9999 -9999 -9999 -9999 -9999 -9999 -9999 -9999 -9999 -9999 -9999 -9999 -9999 -9999 119 447 278 209 426 -9999 -9999 -9999 -9999 -9999 -9999 -9999 -9999 -9999 -9999 -9999 308 356 140 -9999 -9999 231 187 32 411 294 -176 -167 8 -120 -527 -759 -602 -136 -9999 -9999 -69 -195 -277 -183 77 -9999 -9999 -130 -9999 -9999 -9999 134 -9999 -9999 -9999
70 -90 -46 -86 -130 -512 -268 -22 -205 -10 -165 -9999 -9999 -9999 -9999 -9999 -9999 -9999 -9999 -9999 -9999 -9999 -9999 -9999 -9999 -9999 -9999 113 56 292 639 428 -9999 -9999 -9999 -9999 -9999 -9999 -9999 -9999 -9999 -9999 -9999 -9999 -9999 -9999 430 391 -9999 387 107 -31 32 -9999 390 -3 -227 -52 -61 -315 -579 -682 -237 -9999 -9999 -196 -264 -192 64 -9999 -9999 -9999 -9999 -9999 -9999 -73 -13 -135 -316 -476
169 -52 54 45 -193 -389 -110 66 -129 -120 -127 -255 -9999 -9999 -9999 -9999 -9999 -9999 -9999 -9999 -9999 -9999 -9999 -9999 -9999 -9999 -9999 431 102 186 754 668 -9999 -9999 -9999 -9999 -9999 -9999 -9999 -9999 -9999 -9999 -9999 -9999 -9999 -9999 114 136 18 -53 -78 32 195 -9999 17 -43 -200 -133 -365 -389 -215 -64 -255 -270 -405 -306 -122 -205 101 -9999 -9999 -9999 -9999 -9999 -133 -67 -107 -329 -496 -483
69 -56 -191 173 24 -128 60 51 -40 -9999 -9999 -38 -9999 -9999 -9999 -9999 -9999 -9999 -9999 -9999 -9999 -9999 -9999 -9999 -9999 -9999 526 337 119 130 692 564 -9999 -9999 -9999 -9999 93 -9999 -9999 -9999 -9999 -9999 -9999 -9999 -9999 -9999 -9999 -9999 235 86 -147 -181 82 266 -32 -268 -296 -419 -751 -270 -19 -157 -542 -267 -51 -248 -349 -6 208 187 -9999 -9999 -9999 -9999 99 -43 -233 -364 -341 -285
-340 -387 -101 -9999 -9999 -9999 40 -15 -224 -307 -9999 -247 -58 -9999 -9999 -9999 -9999 -9999 -9999 -9999 -9999 -9999 -9999 -9999 -9999 -9999 396 224 610 469 -9999 -9999 -9999 -9999 416 367 -9999 -9999 -9999 -9999 -9999 -9999 -9999 -9999 -9999 -9999 -9999 -9999 204 159 -227 -93 -459 -347 -163 -195 -261 -514 -738 -327 -289 -516 -531 -259 -107 -245 -291 343 -94 -483 -9999 -9999 -9999 -9999 -9999 80 -254 -352 -188 -100
-124 -73 196 -9999 -9999 -9999 -9999 -9999 -133 37 106 -105 -373 -9999 -9999 -9999 -9999 -227 -148 -9999 560 -9999 -9999 -9999 -9999 -9999 442 339 443 394 -9999 -9999 -9999 -9999 404 594 -9999 -9999 -9999 -9999 -9999 -9999 -9999 -9999 -9999 -9999 -9999 -172 -240 37 -42 -9999 -596 -711 -334 -201 -263 -245 -329 -353 -318 -478 -319 -69 -236 -123 55 60 -490 -411 -9999 -9999 -9999 -9999 -9999 72 -218 -237 -456 -542
-118 -9999 -9999 -9999 -9999 -9999 -9999 -9999 217 45 -170 -180 -426 -228 -20 -49 76 117 -9999 -9999 -9999 169 -9999 -9999 -9999 -9999 -9999 203 520 -9999 -9999 -9999 -9999 524 -9999 -9999 -9999 -9999 -9999 -9999 -9999 -9999 -9999 -9999 -9999 -9999 -9999 29 -158 -9999 -9999 -9999 -9999 -9999 -9999 65 -177 -90 -54 -101 -75 -143 65 48 -370 -286 -121 -199 -285 -136 -175 -9999 -9999 -9999 -9999 -236 -472 -185 -240 -596
-9999 -9999 -9999 -9999 -9999 -9999 -9999 -9999 -9999 -9999 -9999 -9999 -197 -447 -93 125 165 432 -36 -9999 70 -9999 -9999 -9999 496 420 164 198 -9999 -9999 -9999 -9999 -9999 500 452 -9999 -9999 -9999 -9999 -9999 -9999 -9999 -9999 -9999 -9999 336 440 -9999 -9999 -9999 -9999 -9999 -9999 -9999 -9999 -9999 -9999 -9999 -100 -353 -269 38 -33 -317 -494 -98 -30 -155 -141 -174 55 -9999 -9999 -9999 -9999 -275 -53 -5 -85 -434
-9999 -9999 -9999 -9999 -9999 -9999 -9999 -9999 -9999 -9999 -9999 -9999 -193 3 22 81 -208 -134 174 16 356 -9999 -162 317 443 464 450 -9999 -9999 -9999 -9999 -9999 -9999 318 442 -9999 -9999 -9999 -9999 -9999 -9999 -9999 -9999 -9999 49 107 253 -49 -9999 -272 -399 -9999 -9999 290 -9999 -9999 -9999 -9999 -18 -179 -147 -73 -393 -363 -421 -72 37 -189 45 161 78 -9999 -9999 -272 -153 -57 -37 -159 -143 -92
-9999 115 -295 54 -9999 -58 -9999 -9999 -9999 -9999 -9999 -9999 4 -67 -164 -384 -221 -12 336 347 208 4 57 351 242 276 -9999 -9999 -9999 -9999 -9999 -9999 -9999 -9999 -9999 -9999 -9999 -9999 -9999 -9999 -9999 -9999 -9999 87 -13 52 -87 -438 -253 98 -150 -431 118 -9999 -9999 -9999 -23 116 6 -9999 146 -184 -501 -361 -293 -311 -234 -349 -73 31 -232 -386 -120 -294 -481 -325 -320 -413 -346 -65
-9999 -9999 72 264 -7 -9999 272 468 251 -9999 -9999 -9999 -154 -333 -89 -92 -226 -9 342 572 557 256 268 274 213 449 -9999 -9999 -9999 -9999 -9999 -9999 -9999 -9999 -9999 -9999 -9999 -9999 -9999 -9999 -9999 -9999 -9999 -76 -108 -9999 -248 -360 -119 191 0 -435 67 54 -258 -245 -11 -98 -9999 -9999 293 -77 -262 -66 86 -489 -475 -150 -215 -309 -190 -168 -144 -597 -692 -270 -195 -212 -153 -8
-9999 -9999 -9999 -9999 -9999 -9999 382 212 -315 -9999 13 22 -6 -6 2 -52 -266 62 425 2 30 569 475 -66 -261 -9999 -9999 -9999 -9999 -9999 -9999 -9999 -9999 -9999 -9999 -9999 -9999 -9999 -9999 -9999 -9999 -9999 -9999 -9999 -9999 -9999 -9999 -9999 -9999 -9999 7 21 245 328 37 -63 101 -91 -9999 -31 85 -21 108 347 82 -339 -284 50 -208 -518 -262 -127 -369 -436 -86 -17 -229 -251 -212 -160
-9999 -9999 -9999 -9999 -9999 -9999 165 -111 -9999 -9999 26 -182 -207 -99 -85 -160 -175 66 274 -10 230 752 390 126 -9999 -9999 -9999 -9999 -9999 -9999 -9999 -9999 -9999 -9999 -9999 -9999 -9999 -9999 -9999 -9999 -9999 -9999 -9999 -9999 -9999 -9999 -9999 -9999 -9999 -9999 -9999 93 -9999 120 217 -15 -221 -348 -175 -101 68 99 -60 314 266 9 -32 14 -295 -669 -272 -161 -347 -218 13 -221 -369 -354 -430 -447
-9999 -9999 -9999 -9999 -9999 -9999 -9999 -9999 -9999 -9999 -88 -358 -275 -197 -190 -323 -211 -70 -46 239 -9999 292 -50 -9999 -9999 -9999 -9999 -9999 -9999 253 -255 -187 -141 -9999 -9999 -9999 -9999 -9999 -9999 -9999 -9999 -9999 -3 -9999 -9999 -9999 -9999 -9999 -9999 -9999 -9999 -9999 -9999 -9999 -9999 -181 -412 -293 -94 -113 -9999 171 143 141 145 134 375 308 -157 -418 -167 -224 -410 -277 -35 -398 -277 -104 -185 -391
-9999 -9999 -9999 -9999 -9999 -9999 -9999 -9999 407 28 -289 -110 59 -86 -157 -175 102 23 -143 -9999 -9999 144 -32 -9999 -9999 -9999 -9999 -9999 -9999 83 -92 228 313 -26 -9999 -9999 -9999 -9999 -9999 -9999 24 -9999 -9999 -9999 -9999 -9999 -9999 -9999 -9999 -9999 -9999 -362 -9999 -9999 -9999 -115 -185 5 133 -73 -9999 -9999 406 1 -6 226 243 34 -228 -204 -188 -492 -402 -284 -112 -293 -275 -265 -389 -438
-9999 -9999 -9999 -9999 -9999 -9999 -9999 -9999 -9999 -35 19 424 275 -68 -35 150 360 184 379 -9999 -9999 171 219 -9999 -9999 -9999 -9999 -9999 -9999 180 5 -9999 132 -28 -9999 -9999 -9999 -9999 -9999 -9999 265 206 -9999 -9999 -9999 -9999 -9999 -9999 -9999 -9999 -9999 -9999 -9999 -9999 39 -32 -247 -134 -72 -51 -9999 -9999 -9999 13 -90 -9999 -9999 -101 -357 -275 -148 -314 -382 -355 -105 -51 -416 -480 -536 -359
-9999 -9999 -9999 -9999 -9999 -9999 -9999 -9999 -9999 -9999 236 424 14 -408 -102 114 154 -1 347 603 -9999 57 -9999 -9999 -9999 -9999 -9999 -9999 -9999 147 -9999 -9999 -9999 -17 154 -9999 -9999 -9999 -9999 -9999 249 -9999 -9999 -9999 -9999 -9999 -9999 -9999 -9999 249 170 183 82 -77 -74 -64 -354 -286 -177 -234 -9999 -9999 -9999 334 343 183 297 162 62 18 -312 -391 -539 -297 -453 -574 -652 -439 -238 -296
-9999 -9999 -9999 -9999 -9999 -9999 -9999 -9999 -9999 -9999 -23 72 -172 -355 -73 -50 115 276 467 422 105 -9999 -9999 -9999 -9999 -9999 -9999 -9999 -9999 201 -9999 -9999 -9999 277 167 -9999 -9999 -9999 164 -9999 -9999 -9999 -9999 -9999 -9999 -9999 -9999 -9999 -9999 399 299 196 45 28 -191 24 91 -154 -392 -450 -315 -71 -174 -30 30 -150 -176 -387 -407 -120 -316 -446 -405 -437 -840 -536 -398 -458 -107 -300
