test/net/g2lab/icchange/view/profile/olddata/rastert_delta051.txt
ncols         452
nrows         411
xllcorner     527595,50307841
yllcorner     5934256,8476051
cellsize      5
NODATA_value  -9999
[rows 35 to 69 of 411, columns 80 to 159 of 452]
-29 -9999 -9999 -9999 -9999 -9999 -9999 -9999 -9999 -9999 -9999 -9999 -9999 -9999 -9999 -9999 -9999 -9999 -9999 -9999 -9999 -9999 -9999 -49 -277 -50 -9999 -9999 -9999 -9999 -9999 -9999 -9999 -9999 -9999 -9999 -9999 -9999 -9999 -9999 -9999 772 -9999 -9999 -9999 -9999 -9999 -9999 -9999 163 -9999 -9999 -59 -30 118 -9999 183 146 218 -9999 -9999 -9999 -9999 -9999 -9999 -9999 -9999 -9999 -9999 -9999 -9999 -9999 -9999 -9999 -9999 -9999 -9999 -9999 -9999 -9999
-9999 -9999 -9999 -9999 -9999 -9999 -9999 -9999 -9999 -9999 -9999 -9999 -9999 -9999 -9999 -9999 -9999 -9999 -9999 -9999 -9999 75 35 -9999 -248 -182 -9999 -9999 -9999 -9999 77 -9999 -9999 -9999 -9999 -9999 -9999 -9999 -9999 -9999 -9999 -9999 -9999 -9999 -9999 -9999 -9999 -9999 -9999 408 -9999 -41 260 -9999 -9999 160 311 -22 21 36 -9999 -9999 -9999 -9999 -9999 -9999 -9999 -9999 -9999 -9999 -9999 -9999 -9999 -9999 -9999 -9999 -9999 -9999 -9999 -9999
-123 -9999 -9999 -9999 -9999 -9999 -9999 -9999 -9999 -9999 -9999 -9999 -9999 -9999 -50 -364 -173 96 -9999 -9999 -9999 38 43 -9999 -46 -24 -9999 -9999 -9999 -9999 -9999 -9999 -9999 -9999 -9999 -9999 -9999 -9999 -9999 -9999 -9999 -9999 -9999 -9999 -9999 -9999 -8 -9999 -9999 6 -173 187 306 -73 -63 68 -92 -9 -92 -318 -134 -9999 -9999 -9999 -9999 -9999 -9999 15 -9999 27 219 -9999 -9999 -9999 -9999 -9999 -9999 -9999 -9999 -9999
315 -9999 -9999 -9999 -9999 -9999 -9999 -9999 -9999 -9999 -9999 -9999 -9999 -125 -266 -599 -299 210 -9999 -9999 -9999 -9999 -86 -181 -236 -29 -9999 -9999 -9999 -9999 -165 -314 -139 -86 -9999 -9999 -9999 -9999 -9999 -9999 -9999 -9999 -74 279 -9999 -9999 -9999 -9999 -9999 -156 -27 107 254 96 187 148 -173 197 204 -147 -104 -9999 -9999 -9999 -9999 -9999 -9999 -144 -461 -319 -6 -9999 -9999 -656 -485 -9999 -9999 -9999 -9999 -9999
-9999 -9999 -9999 -9999 -9999 -9999 -9999 -9999 -9999 -9999 -9999 -9999 -9999 -203 -296 -179 62 112 -9999 -9999 -9999 -9999 -9999 -9999 -9999 -365 -209 -123 195 0 -318 -445 -448 -9999 2 -9999 -9999 96 235 297 -9999 -302 -16 233 -9999 -9999 -9999 -109 0 -85 -114 -36 130 -99 132 117 -274 -23 333 162 -205 -46 -8 -9999 -9999 -9999 -9999 -465 -9999 -9999 -9999 -9999 -9999 -562 -312 -9999 -9999 -9999 -9999 -9999
-9999 -9999 -9999 -9999 -9999 -9999 -9999 -9999 -9999 -9999 -9999 -9999 0 -383 -436 -130 -127 -436 -231 -9999 -9999 -9999 -9999 -9999 33 -190 -178 -196 -121 -13 89 89 -9999 -9999 -9999 -82 -68 -220 -183 -9999 109 -230 57 131 -9999 -256 -7 38 -69 -132 123 102 22 -134 91 74 -198 8 253 45 31 301 105 -399 -496 -9999 -9999 -9999 -9999 -9999 -9999 -9999 -371 -89 -121 0 -9999 -9999 -72 -9999
-9999 -9999 -9999 -9999 -9999 -9999 -9999 -9999 -9999 -9999 -9999 -134 -117 -305 -449 -114 -9999 -9999 -91 202 -9999 -9999 -9999 -9999 -9999 -53 6 -68 -299 -293 1 130 -98 35 182 8 60 -36 -32 -137 -217 -265 1 -58 -4 51 83 94 -136 -116 215 -152 57 227 -79 -264 -227 71 102 -222 -102 103 -42 -246 -252 -9999 -9999 -9999 -9999 -9999 -376 -384 -160 -85 -432 -9999 -9999 -9999 -369 -9999
-9999 -9999 -9999 -9999 -9999 -9999 -9999 -9999 -9999 -9999 -9999 71 53 6 -99 -9999 -9999 -9999 277 98 -297 -209 -9999 -9999 -9999 -32 46 35 -418 -452 -208 -391 -571 -216 40 -220 -172 -47 -59 -311 -209 -269 -356 -421 -52 41 -177 -114 -30 50 56 -439 -116 209 -123 -221 -192 -140 -192 -353 -221 -253 -496 -513 -177 -9999 -9999 -9999 -9999 -9999 -510 -273 -307 -386 -9999 -9999 -9999 -9999 -9999 -9999
128 -9999 -9999 -9999 -9999 -9999 -9999 -9999 -9999 -9999 -9999 -9999 -91 -143 -225 -9999 -9999 -32 -34 -396 -294 -159 -9999 -9999 -9999 -9999 -9999 -9999 -9999 -283 -329 -557 -475 -380 -215 -238 -342 -331 -492 -624 -176 -177 -277 -208 -133 -89 -153 -78 173 -17 -158 -146 -93 27 60 104 76 -233 -335 -162 8 -124 -303 -263 -166 -259 -9999 -95 -9999 -9999 -9999 -1 -9999 -9999 -9999 -9999 -9999 -9999 -9999 -9999
60 -9999 -9999 -9999 -9999 -9999 -9999 -9999 -9999 -9999 -218 -455 -405 -523 -560 -201 -58 -199 -308 -254 122 -9999 -9999 -9999 -26 -39 -9999 -147 -19 -182 -478 -495 -218 -301 -432 -311 -273 -323 -503 -627 -397 -402 -90 77 23 47 -242 -149 160 -155 -180 11 -278 -283 -191 -163 -114 -299 -186 31 72 -281 -295 -115 -281 -460 -268 -43 -9999 -9999 -9999 -9999 -9999 -9999 -9999 -9999 -9999 -9999 -9999 -9999
-238 -9999 -9999 -9999 -9999 -9999 -9999 -9999 -9999 -13 36 -350 -531 -166 -268 -36 31 -225 130 145 130 52 -158 -220 127 260 -98 78 265 -271 -600 -620 -322 -370 -668 -534 -392 -402 -483 -509 -688 -687 -383 -221 -92 220 -132 -120 157 29 50 84 -277 -296 -109 -53 -148 -225 45 204 64 -347 -345 -97 -186 -511 -398 -9999 -9999 -9999 -9999 -9999 -9999 -9999 -9999 -9999 -9999 -9999 -9999 -9999
-97 -9999 -9999 -9999 -9999 -9999 -9999 -9999 -9999 -311 -121 -403 -685 -507 -333 -281 -151 -168 -38 10 5 222 113 -362 -194 66 -30 -58 -148 -328 -293 -395 -296 -363 -637 -466 -479 -558 -521 -317 -469 -666 -346 -90 -91 27 -24 146 149 -108 -143 -118 -383 -352 -130 -37 -95 -75 155 164 34 -72 79 143 -36 -320 -265 -9999 -9999 -9999 -9999 -9999 -9999 -9999 -9999 -9999 -9999 -9999 -9999 -9999
-9999 -9999 -9999 -9999 -9999 -9999 -9999 -9999 -255 -497 -411 -574 -432 -363 -502 -510 -143 -19 -74 -26 55 -9999 -9999 -9999 127 345 346 259 361 352 243 -179 -333 -235 -167 -104 -400 -382 -300 -400 -500 -522 -225 34 -281 -260 42 45 -105 -313 -370 -527 -601 -279 -150 -137 -77 109 119 -52 -4 170 293 214 111 43 -126 -9999 -9999 -9999 -9999 -9999 -9999 -9999 -9999 -9999 -9999 -9999 -9999 -9999
-9999 -9999 -9999 -9999 -9999 -9999 -9999 -9999 80 -414 -396 -560 -444 -346 -646 -531 54 -135 -42 195 -9999 -9999 -9999 -9999 -9999 -9999 -9999 567 615 385 107 -246 -307 16 111 -43 -322 -157 -238 -594 -561 -480 -318 -174 -240 -127 76 -76 -180 -201 -300 -422 -321 -126 -75 -109 -5 247 -67 -188 141 -9999 239 -49 177 205 12 -273 -9999 -9999 -9999 -9999 -9999 -9999 -9999 -9999 -9999 -9999 -9999 -9999
-9999 -9999 -9999 -9999 -9999 -9999 -9999 -85 141 10 179 -253 -680 -703 -445 24 357 54 -9999 -9999 -9999 -9999 -9999 -9999 -9999 -9999 -9999 -9999 300 95 -3 60 80 121 -23 -124 -77 45 -137 -431 -432 -327 -121 -117 -232 -241 -131 67 44 12 -445 -487 -259 -206 -94 -73 65 197 -219 -316 -9999 -9999 -9999 -259 15 -31 -262 -212 110 -9999 -9999 -9999 -9999 -9999 -9999 -9999 -9999 -9999 -9999 -9999
-9999 -9999 -9999 -9999 -9999 -9999 -9999 392 373 472 652 -9999 318 143 -9999 -9999 -9999 -9999 -9999 -9999 -9999 -9999 -9999 -9999 -9999 -9999 -9999 -9999 373 600 223 160 158 113 21 -2 139 93 8 -29 -128 -234 -320 -210 -208 -260 -589 -302 -37 -183 -614 -883 -574 -349 -368 -41 139 102 -81 -9999 -9999 -9999 -9999 119 267 6 -242 -248 -9999 -9999 -9999 -9999 -9999 -9999 -9999 -9999 -9999 -9999 -9999 -9999
-9999 -9999 -9999 -9999 -9999 -9999 -9999 -9999 -9999 -9999 -9999 -9999 -9999 -9999 -9999 -9999 -9999 -9999 -9999 -9999 -9999 -9999 -9999 -9999 -9999 -9999 -9999 -9999 122 693 549 23 -3 272 364 72 150 160 7 -68 -37 -146 -365 -421 -399 -259 -204 -200 -216 -271 -165 -238 -228 -258 -403 251 482 165 55 -9999 -9999 -9999 -9999 -9999 -9999 -9999 140 77 -9999 -9999 -9999 55 -12 -246 -225 83 196 -278 -447 -155
-9999 -9999 -9999 -9999 -9999 -9999 -9999 -9999 -9999 -9999 -9999 -9999 -9999 -9999 -9999 -9999 -9999 -9999 -9999 -9999 -9999 -9999 -9999 -9999 -9999 750 758 -9999 -9999 -9999 -9999 213 267 666 464 -176 160 418 191 -84 -23 106 44 -281 -332 -297 -41 -14 -66 -171 -216 -286 -316 -203 10 331 250 150 125 306 -9999 -9999 -9999 -9999 -9999 169 84 -4 -74 -256 -316 109 -120 -316 -353 -366 -170 -340 -561 -317
-9999 -9999 -9999 -9999 -9999 -9999 -9999 -9999 -9999 -9999 -9999 -9999 -9999 -9999 -9999 -9999 -9999 -9999 -9999 -9999 -9999 -9999 -9999 -9999 -9999 -9999 -9999 -9999 -9999 -9999 -9999 235 347 321 -107 -341 179 347 -63 -176 163 -59 -91 -96 -125 -293 -299 -61 -185 -283 -374 -509 -467 -342 -6 149 24 243 267 99 50 -9999 -9999 -9999 -9999 -9999 -9999 -133 -9999 -37 60 43 -154 -161 -50 -127 -188 -337 -584 -615
-9999 -9999 -9999 -9999 -9999 -9999 -9999 -9999 -9999 -9999 -9999 -9999 -9999 -9999 -9999 -9999 -9999 -9999 -9999 -9999 -9999 -9999 -9999 -9999 -9999 -9999 -9999 -9999 -9999 115 229 306 238 -142 -68 210 377 136 -171 66 521 64 -139 -255 -310 -50 -84 -66 -166 -321 -153 24 51 -12 17 189 -9999 185 -9999 -9999 -9999 174 400 -9999 -9999 -9999 -9999 -9999 -182 4 -17 -200 -185 -234 -105 -204 -365 -327 -619 -599
-9999 -9999 -9999 -9999 -9999 -9999 -9999 -9999 -9999 -9999 -9999 -9999 -9999 -9999 -9999 -9999 -9999 -9999 -9999 -9999 -9999 -9999 -9999 -9999 -9999 -9999 -9999 251 -113 -392 94 250 262 153 130 186 35 -155 227 399 115 -373 -132 -189 -417 -488 -449 -240 3 -122 -258 -343 -116 127 158 -9999 -9999 -9999 283 98 -145 -26 59 114 -9999 -9999 -9999 -9999 -93 62 -9999 -298 -318 -261 -182 -315 -378 -264 -380 -264
-9999 -9999 -9999 -9999 -9999 -9999 -9999 -9999 -9999 -9999 -9999 -9999 -9999 -9999 -9999 -9999 -9999 -9999 -9999 -9999 -9999 -9999 333 -93 -304 -29 92 -93 -472 -458 174 120 7 92 117 5 -38 5 188 99 -23 -204 -84 -309 -300 -267 -251 -415 98 425 185 -2 -47 140 -9999 -9999 -9999 -9999 -20 -39 -9999 -81 -34 234 -9999 -9999 -9999 -9999 132 20 -288 -111 85 29 -119 -201 -279 -314 -405 -135
-9999 -9999 -9999 -9999 -9999 -9999 -9999 -9999 -9999 -9999 -9999 -9999 247 -9999 -9999 181 43 158 169 -41 -264 27 337 185 -174 266 442 -212 -268 150 317 -28 -148 42 99 -10 81 243 87 -205 44 127 -252 -663 -311 61 24 -235 73 404 321 354 123 87 -9999 -9999 -9999 -9999 -9999 -9999 -9999 -9999 -9999 -217 -72 -40 -84 134 7 -217 -286 -198 75 48 -71 -108 -294 -439 -326 -51
-9999 -9999 -9999 -9999 -9999 -9999 -9999 -9999 -9999 -9999 -9999 -44 593 267 -125 -341 -246 -26 -56 -233 -139 299 437 -9999 -174 360 438 -63 -27 -19 -139 -232 1 42 -131 -235 -24 80 -149 -438 -357 -189 -375 -574 -247 -78 -36 31 -9999 -9999 -9999 -9999 244 108 -9999 -9999 -9999 -9999 -9999 -9999 -9999 -9999 -9999 -9999 53 127 -85 -83 189 -1 -174 -203 -102 -230 -305 -192 -303 -9999 -24 129
-9999 -9999 -9999 -9999 -9999 -9999 -9999 -9999 -9999 -9999 -9999 123 287 152 -72 -191 -223 -380 -173 26 154 303 -37 -151 -48 95 25 197 469 35 -173 78 308 170 -84 37 116 -251 -470 -395 -247 -305 -174 -11 164 140 -9999 -9999 -9999 -9999 -9999 -9999 -9999 339 93 250 457 302 138 185 -9999 41 -228 -9999 40 137 177 219 218 -178 -151 -20 7 -115 -312 -327 -223 -210 -139 -150
-9999 -9999 -9999 -9999 -9999 -9999 -9999 -9999 -9999 -9999 -9999 143 -149 -52 -55 -477 -458 -342 -121 37 -374 -548 -250 32 77 -48 60 250 260 -22 93 352 431 199 37 292 121 -395 -376 -60 -119 -201 129 33 -138 -158 -9999 -9999 -9999 -9999 -9999 -9999 427 520 67 91 332 95 45 150 -9999 -9999 79 -30 -154 -236 -217 119 27 -376 -218 -255 -353 -336 -159 -244 -255 -335 -552 -263
-9999 -9999 -9999 -9999 -9999 -9999 -9999 -9999 -9999 -9999 -9999 -9999 -9999 -9999 -1 -434 -203 18 -164 -90 7 -155 9 75 87 39 223 2 -153 -229 -161 3 134 114 65 162 -99 -408 -114 172 -140 -112 233 -10 -244 -9999 -9999 -9999 135 -9999 -9999 -9999 128 -66 281 31 6 -81 119 234 -97 -251 184 44 -161 -73 120 -99 -66 -157 -112 -453 -789 -487 87 -11 -241 -404 -499 -222
-9999 -9999 -9999 -9999 -9999 -9999 -9999 -9999 -9999 -9999 -9999 -9999 -9999 57 31 -357 -162 148 10 -181 181 164 -274 -272 -9999 -9999 174 -64 6 156 89 -9999 -9999 -9999 -9999 24 -118 -176 -45 125 -65 182 319 31 58 100 -9999 -81 -132 -20 151 322 68 -133 128 -163 -216 -234 -64 -145 -142 -137 -251 -441 -463 -151 118 -510 -443 -348 -539 -823 -796 -637 -365 -610 -524 -205 -272 -533
-9999 -9999 -9999 -9999 -9999 -9999 -9999 -9999 -9999 -9999 -9999 -9999 -9999 -9999 -117 -484 -239 -28 -54 -236 -140 -111 -318 -285 148 58 19 42 -9999 -9999 -9999 -9999 -9999 -9999 233 35 -18 -144 -157 -138 -218 140 188 -84 -9999 171 -52 -402 -362 106 49 -32 -9999 -9999 -9999 -9999 -9999 -9999 -9999 -9999 -362 -173 -55 -300 -427 -446 -290 -501 -683 -583 -762 -727 -332 -457 -692 -769 -500 -104 -188 -676
-9999 -9999 -9999 -9999 -9999 -9999 -9999 -9999 -9999 -9999 -9999 -9999 -9999 -9999 23 21 60 -115 -70 75 132 36 -148 -4 167 -11 -128 -9999 -9999 91 -9999 -9999 -9999 69 47 15 -115 -421 -341 -114 -54 -47 -21 -81 -9999 112 -34 -300 -304 175 -132 -42 -9999 -9999 -9999 -9999 -9999 -9999 -9999 -9999 -9999 -231 -52 -68 -258 -212 -585 -607 -614 -633 -628 -537 -479 -909 -761 -377 -306 -394 -489 -459
-9999 -9999 -9999 -9999 -9999 -9999 -9999 -9999 -9999 -9999 -9999 -9999 -9999 -9999 -19 297 91 -126 94 108 -44 -174 -117 134 76 -148 -9999 -9999 -9999 -366 0 -9999 -9999 -9999 149 -113 -119 -58 -78 329 258 -17 -41 -165 -132 -72 -177 -53 -222 -178 -22 393 542 -9999 -9999 -9999 -9999 -9999 -332 -210 -1 -648 -806 -472 -673 -1028 -1076 -865 -914 -1126 -983 -332 -489 -1061 -748 -455 -443 -570 -440 -50
-9999 -9999 -9999 -9999 -9999 -9999 -9999 -9999 -9999 -9999 -9999 -9999 -9999 -9999 -9999 124 -209 -148 176 53 -196 -281 -120 73 15 -9999 -9999 -43 -9999 -9999 -9999 -9999 -9999 -9999 209 -78 -229 -2 -13 96 67 -86 -36 -121 -189 -175 -127 173 -45 -112 305 236 87 -155 -147 -191 -256 -263 -330 -508 -755 -1171 -1320 -740 -990 -1169 -886 -1177 -1493 -1110 -509 -243 -294 -529 -9999 -9999 -1020 -671 -267 -390
-9999 -9999 -9999 -9999 -9999 -9999 -9999 -9999 -9999 -9999 -9999 -9999 -9999 -9999 -9999 -9999 -306 -44 161 -52 -124 -195 -140 -74 -92 -9999 -95 -9999 -9999 -9999 -9999 -29 86 -9999 -9999 43 -259 -38 -85 -316 98 302 88 -9999 -217 -141 65 280 332 209 105 -9999 -9999 -379 -405 -409 -761 -757 -504 -862 -1459 -1318 -1118 -968 -989 -9999 -9999 -1185 -1319 -834 -499 -915 -704 -678 -779 -927 -1289 -863 -327 -610
-9999 -9999 -9999 -9999 -9999 -9999 -9999 -9999 -9999 -9999 -9999 -9999 -9999 -9999 -9999 -9999 -46 114 -34 -223 -239 -312 -370 -337 -230 -9999 -9999 -9999 -9999 -9999 -9999 -9999 -9999 -9999 -9999 -9999 -27 -145 -137 -325 -26 357 9 -100 236 278 299 275 128 -9999 -9999 -9999 -9999 -366 -588 -620 -689 -877 -765 -9999 -9999 -9999 -986 -1064 -9999 -9999 -9999 -9999 -1199 -909 -1050 -1086 -609 -290 -699 -686 -609 -487 -299 -340
-9999 -9999 -9999 -9999 -9999 -9999 -9999 -9999 -9999 -9999 -9999 -9999 -9999 -9999 -9999 -9999 111 83 -203 -321 -371 -550 -552 -329 -215 -9999 -9999 -9999 -9999 -9999 -9999 -9999 -9999 -9999 -506 -459 -128 -347 -266 -387 -341 83 -148 231 699 442 269 298 234 -113 -297 -279 -450 -866 -638 -472 -531 -721 -9999 -9999 -9999 -9999 -9999 -9999 -9999 -9999 -9999 -971 -1196 -620 -1015 -1000 -363 145 -589 -674 -172 -167 -229 -1
