test/net/g2lab/icchange/view/profile/olddata/rastert_delta051.txt
ncols         452
nrows         411
xllcorner     527595,50307841
yllcorner     5934256,8476051
cellsize      5
NODATA_value  -9999
[rows 315 to 349 of 411, columns 80 to 159 of 452]
-9999 -9999 -9999 -9999 -9999 148 474 -9999 -9999 -9999 -9999 -9999 -9999 -9999 -9999 -9999 -9999 -9999 -9999 -9999 -197 -9999 -9999 -9999 -303 -652 -634 -451 -386 -464 -441 -351 -9999 -383 -618 -431 -324 -412 -611 -534 -323 -553 -669 -826 -766 -637 -471 -642 -340 -58 9 -15 -378 -330 -440 -483 -277 -217 -32 163 55 81 -57 -177 -41 64 -117 -446 -401 -139 -205 -507 -502 -489 -184 28 -86 -22 25 117
-9999 -9999 -9999 -9999 -9999 -165 -198 -9999 -9999 -9999 -9999 -9999 -9999 -9999 -543 -9999 -18 -194 -312 -411 -528 -507 -289 -361 -307 -314 -335 -414 -395 -361 -311 -251 -579 -760 -839 -687 -420 -523 -597 -344 -346 -450 -378 -448 -530 -544 -650 -548 -9999 48 -167 -346 -263 -206 -393 -556 -439 -348 -114 389 195 -147 39 -78 -154 16 105 -101 -308 -461 -478 -198 -289 -440 -544 -364 -287 -258 -377 -288
-9999 -109 -9999 -213 -438 -549 -626 -616 -586 -9999 -537 -384 -250 -344 -604 -374 -80 -142 -413 -456 -540 -403 -295 -464 -335 -256 -463 -724 -536 -432 -560 -681 -813 -615 -342 -971 -669 -463 -443 -121 -305 -489 -358 -192 -395 -660 -667 -331 -9999 -9999 -183 -494 -223 -245 -446 -503 -202 -215 -316 35 -86 -365 -163 -300 -435 -351 -116 -31 -102 -9999 38 65 -300 -257 -231 -228 -296 -240 -9999 -39
-501 -632 -491 -487 -789 -861 -888 -879 -711 -754 -525 -216 -321 -408 -498 -552 -166 -33 -394 -500 -683 -526 -416 -483 -289 -303 -661 -946 -649 -583 -804 -827 -218 -362 -226 -355 -333 -119 -199 -223 -128 -327 -407 -336 -324 -638 -717 -260 -9999 -9999 -198 -545 -288 -441 -597 -431 -217 -128 -333 -343 -169 -528 -584 -416 -515 -631 -348 127 188 -9999 -9999 -13 -347 -232 -235 -157 -113 -99 -212 -123
-564 -832 -584 -308 -447 -549 -632 -520 -336 -519 -454 -418 -590 -423 -338 -483 -454 -372 -546 -753 -710 -406 -320 -365 -298 -388 -569 -824 -844 -829 -772 -675 -399 -576 -229 149 -264 -128 -271 -444 -253 -482 -518 -468 -397 -628 -661 -180 -84 -9999 -251 -430 -312 -395 -331 -142 -39 -3 -140 -266 -192 -383 -409 -262 -423 -312 -4 87 -9999 -9999 -9999 -9999 -9999 -194 -469 -556 -517 -334 -306 -307
-485 -611 -531 -566 -625 -506 -386 -547 -665 -675 -424 -621 -756 -405 -327 -490 -574 -403 -374 -583 -479 -314 -538 -560 -376 -403 -555 -867 -1030 -946 -831 -690 -529 -448 -449 -178 -321 -560 -364 -485 -555 -639 -414 -526 -453 -297 -290 7 63 -81 -193 -177 -235 -461 -164 -67 -85 -10 -21 -244 -192 43 -144 -23 77 -133 -221 -9999 -9999 -9999 -9999 -9999 -9999 -138 -385 -833 -775 -354 -361 -142
-643 -514 -678 -882 -1047 -833 -445 -487 -559 -445 -161 -271 -497 -342 -240 -361 -294 -115 -230 -289 -292 -237 -446 -497 -453 -492 -512 -581 -544 -620 -768 -654 -418 -233 -243 -383 -337 -563 -514 -543 -392 -239 -318 -515 -292 130 -39 -44 72 -90 -272 -404 -430 -490 -329 -406 -364 -270 -169 -261 -24 39 -382 -132 41 -411 -522 -9999 -9999 -9999 -28 -354 -605 -496 -315 -564 -435 -170 -496 -278
-185 -296 -555 -442 -395 -426 -329 -205 -122 -269 -312 -154 -382 -509 -262 -231 -454 -389 -369 -383 -348 -385 -431 -360 -388 -583 -786 -750 -504 -456 -683 -575 -363 -80 -142 -492 -272 -424 -806 -466 -372 -389 -413 -258 -107 28 -148 -106 37 -291 -498 -506 -388 -512 -637 -672 -387 -250 -241 -145 167 -63 -611 -376 -242 -260 -187 -9999 -9999 57 85 -69 -230 -126 -9999 -9999 -198 -70 -245 -258
-204 -560 -672 -426 -297 -442 -510 -439 -532 -614 -487 -287 -541 -792 -473 -166 -434 -504 -473 -727 -453 -130 -158 -247 -296 -307 -548 -771 -737 -463 -352 -424 -513 -333 -147 -330 -517 -451 -440 -305 -400 -388 -347 -302 -325 -263 -162 103 -107 -450 -429 -179 -163 -469 -336 -259 -271 -89 -163 -270 -74 -150 -410 -305 -244 67 142 -9999 -9999 -9999 -9999 -9999 -110 -145 59 -9999 -9999 -9999 -9999 -9999
-699 -778 -570 -436 -426 -441 -538 -537 -592 -722 -537 -402 -521 -390 12 -70 -438 -353 -154 -384 -302 42 52 -178 -470 -521 -435 -514 -662 -497 -370 -453 -492 -352 -277 -235 -383 -369 -370 -425 -339 -330 -337 -224 -190 -172 -122 182 186 -319 -289 104 283 -147 -295 -125 -156 -45 141 -267 -507 -101 -57 -185 -247 -9999 -41 -9999 -13 16 -9999 -110 -280 -473 -345 -9999 -9999 -9999 -9999 -9999
-628 -546 -425 -530 -531 -176 -77 -307 -437 -481 -368 -140 -313 -361 -64 -402 -601 -276 -280 -383 -232 -92 -198 -319 -500 -566 -425 -290 -427 -431 -212 -413 -353 -126 -312 -271 -268 -438 -592 -483 -476 -646 -432 -195 -9999 -129 -114 312 352 -201 -235 -44 123 -111 -425 -122 -43 -215 4 -182 -493 -112 -55 -91 -9999 -9999 -182 -132 93 34 -9999 -299 -89 -9 -249 -9999 -9999 -9999 -9999 -9999
-547 -457 -9999 -9999 -616 -373 -74 -341 -318 -302 -437 -246 -306 -438 -458 -551 -396 -263 -326 -400 -224 -111 -67 -14 -169 -350 -345 -299 -330 -9999 -100 -262 -306 -334 -501 -301 -228 -450 -748 -688 -515 -444 -293 -374 -9999 -9999 -9999 288 74 -63 24 -37 -84 -87 -182 -114 -240 -363 -209 -12 -144 -159 113 -9999 -9999 -9999 -9999 -9999 -74 -216 -9999 -279 -53 -80 -274 -9999 -9999 -9999 -9999 -9999
-9999 -9999 -9999 -9999 -569 -464 -286 -484 -385 -264 -320 -342 -380 -236 -206 -304 -182 -398 -481 -275 -137 -424 -425 -9 65 -161 -426 -526 -398 -9999 -252 -134 4 -431 -630 -324 -423 -421 -533 -680 -356 -148 -9999 -9999 -9999 -9999 -9999 15 -34 -64 8 -2 -131 -115 -143 -269 -379 -434 -333 -287 -140 -116 107 -9999 -9999 -9999 -9999 -9999 -373 -425 -397 -223 -32 -149 -9999 -9999 -9999 -9999 -9999 -9999
-366 -185 -425 -9999 -9999 -210 -134 -9999 -9999 -287 -235 -174 -205 -256 -268 -312 -181 -503 -696 -344 16 -386 -590 -393 -272 -222 -289 -438 -389 -275 -170 -9999 -9999 -459 -549 -191 -226 -304 -358 -541 -359 -9999 -9999 -9999 -9999 -9999 -9999 -122 -104 -163 19 111 -59 -90 -247 -378 -355 -510 -443 -229 -63 -42 -9999 -9999 -9999 -9999 -9999 -9999 -354 -325 -273 -178 56 -9999 -9999 -9999 -9999 -9999 -9999 -9999
-328 -385 -626 -561 -9999 -368 -436 -273 -9999 -9999 -243 -91 -9999 -9999 -242 -304 -312 -338 -346 -317 -278 -441 -476 -442 -476 -422 -210 -120 -61 -205 -9999 -9999 -9999 -256 -34 -83 -301 -338 -265 -349 -495 -9999 -9999 -9999 -9999 -9999 -229 27 -204 -120 127 -15 -232 -175 -237 -248 -134 -116 115 104 -17 145 -9999 -9999 -9999 -9999 -9999 -9999 -9999 -9999 -278 -268 79 -9999 -9999 -9999 -9999 -9999 -9999 -9999
-121 -528 -418 -434 -356 -222 -284 -189 -9999 -9999 -9999 -9999 -115 -153 -34 -12 -280 -442 -106 -199 -550 -516 -306 -248 -224 -232 -169 -238 -280 -9999 -9999 -9999 -9999 -9999 68 -136 -388 -272 -380 -388 -177 -266 -307 -9999 -161 -210 -266 -175 -314 -36 184 -17 -174 -99 -74 -33 17 66 188 89 -135 -107 -9999 -9999 -9999 -9999 -9999 -9999 -9999 -9999 -434 -462 -312 -9999 -9999 -9999 -9999 -9999 -9999 -9999
-383 -464 -295 -206 -609 -9999 -9999 -64 -9999 -9999 -9999 -9999 -365 -419 -9999 -9999 -232 -344 -65 -182 -372 -136 52 -114 -209 -206 -243 -251 -9999 -9999 -9999 -9999 -9999 -9999 -9999 -186 -405 -258 -109 -466 -407 -30 98 -321 -143 -26 -231 -234 -164 149 161 -182 -47 85 16 -57 -145 -338 -401 -205 -76 -105 -9999 -9999 -9999 -9999 -9999 -9999 -115 -385 -555 -195 -103 -9999 -9999 -9999 -9999 -9999 -9999 -9999
-407 -315 -251 -9999 -9999 -9999 -231 -206 -351 -150 98 -9999 -357 -9999 -9999 -295 -154 -126 -184 -332 -9999 -9999 -9999 -9999 -381 34 -9999 -9999 -9999 -9999 -9999 -9999 -9999 -9999 -9999 -9999 -9999 -9999 -9999 -278 -370 -9999 439 112 53 -47 -260 -441 -337 -219 -334 -544 -403 -360 -390 -394 -362 -427 -484 -291 142 -9999 -9999 -9999 -9999 -9999 -9999 -287 -53 -195 -441 -134 147 -9999 -9999 -9999 -9999 -9999 -9999 -9999
-706 -449 -215 -9999 -9999 -432 -256 -293 -376 -90 113 -30 -258 -9999 -9999 -390 -205 -227 -344 -336 -9999 -9999 -372 -612 -525 -92 -77 -202 -21 -9999 -9999 -9999 -9999 -9999 -9999 -9999 -9999 -9999 -502 -235 109 -9999 208 32 -60 -281 -429 -544 -416 -481 -489 -355 -174 -227 -365 -432 -256 -90 -29 -9999 -9999 -9999 -9999 -9999 -9999 -244 -9999 -9999 -329 -180 -339 -336 -9999 -9999 -9999 -9999 -9999 -9999 -9999 -9999
-729 -442 -359 -569 -9999 -9999 -304 -422 -425 -288 -328 -468 -396 -9999 -363 -334 -83 -105 -149 -152 -406 -650 -697 -559 -469 -440 -348 -140 -135 -332 -9999 -196 -175 -322 -9999 -461 -414 -643 -587 -266 75 36 88 88 -26 -562 -496 -313 -326 -284 -336 -208 -20 43 67 -190 -258 -60 216 -9999 -49 -9999 -9999 -9999 -9999 -9999 -9999 -9999 -234 -74 -217 -94 -9999 -9999 -9999 -9999 -9999 -9999 -9999 -9999
-580 -285 -253 -281 -9999 -9999 -9999 -9999 -368 -217 -274 -436 -341 -112 -247 -51 61 -3 -116 -109 -149 -447 -587 -379 -222 -301 -681 -392 -376 -398 -282 -365 -263 -289 -489 -360 -305 -397 -454 -112 104 50 202 -13 -455 -683 -465 -324 -407 -355 -257 -437 -553 -443 -275 -408 -436 -207 -4 -9999 -9999 -9999 -9999 -9999 -9999 50 -9999 -9999 -55 -65 -166 -9999 -9999 -9999 -9999 -9999 -9999 -9999 -9999 -9999
-537 -9999 -9999 -9999 -9999 -9999 -9999 -9999 -9999 -9999 -9999 -9999 -9999 -9999 -488 -121 -9 -168 -531 -444 -223 -270 -439 -383 -504 -430 -467 -413 -588 -651 -354 -394 -353 -373 -586 -364 -401 -244 -82 154 116 -29 82 -163 -565 -335 -433 -410 -270 -330 -311 -600 -732 -444 -185 -452 -312 -23 115 -9999 -9999 -9999 -9999 -9999 -9999 -9999 -9999 -9999 -9999 -9999 -9999 -9999 -9999 -9999 -9999 -9999 -9999 -9999 -9999 -9999
-465 -9999 -491 -644 -553 -593 -9999 -9999 -9999 -9999 -9999 -9999 -9999 -9999 -413 -113 -9999 -9999 -56 -128 -173 -245 -294 -163 -328 -457 -260 -335 -165 -296 -343 -361 -466 -294 -175 -249 -528 -70 293 136 -107 -302 -193 -222 -509 -149 -157 -352 -230 -364 -308 -420 -462 -277 -100 -294 -220 -9999 -9999 -9999 -9999 -9999 -9999 -9999 -9999 -9999 -9999 -9999 -9999 -9999 -9999 -9999 -9999 -9999 -9999 -9999 -9999 -9999 -9999 -9999
-219 -536 -645 -521 -374 -435 -680 -554 -295 -421 -399 -9999 -9999 -9999 -132 -82 -9999 -9999 -9999 92 -150 -270 -213 -196 -389 -429 -387 -311 -258 -297 -318 -317 -265 -224 -113 -332 -538 -7 -30 -275 -187 -283 -450 -336 -315 -245 -316 -387 -326 -385 -310 -322 -171 -270 -219 -269 -9999 -9999 -9999 -9999 -9999 -9999 218 -9999 -9999 -9999 -9999 -9999 -9999 -55 -9999 -9999 -9999 -9999 -9999 -9999 -9999 -9999 -9999 -9999
-324 -349 -244 -422 -647 -579 -406 -398 -399 -662 -519 -426 -9999 -9999 -543 -9999 -9999 -9999 -9999 -9999 -315 -9999 154 -194 -357 41 -83 -9999 -9999 -9999 -9999 -9999 -363 -9999 -9999 -9999 -9999 288 380 24 -38 -112 -507 -449 -268 -499 -542 -295 -181 -203 -356 -325 -54 -9 -157 -269 -9999 168 -9999 -9999 -9999 -112 -9999 -9999 -9999 -9999 -9999 -9999 -9999 -9999 -9999 -9999 -9999 -9999 -9999 -9999 -9999 -9999 -9999 -9999
-9999 -9999 -26 -258 -521 -481 -130 -277 -271 -229 -314 -482 -9999 -9999 -9999 -500 -9999 -9999 -9999 -9999 -9999 -9999 -9999 -9999 -9999 -9999 -9999 -9999 -9999 -9999 -9999 -9999 -9999 -9999 -9999 -9999 -9999 93 313 134 -314 -411 -474 -415 -298 -420 -712 -539 -201 -146 -420 -378 -154 -82 -264 -9999 -9999 -9999 -9999 -9999 -9999 -9999 -9999 -9999 -129 -29 -9999 -9999 -9999 -9999 -9999 -9999 -9999 -9999 -9999 -9999 -9999 -9999 -9999 -9999
-9999 -9999 -9999 -9999 -9999 -9999 -9999 -9999 -9999 -9999 -9999 -9999 -9999 82 -9999 -9999 -9999 -9999 -9999 -9999 -9999 -9999 -9999 -9999 -9999 -9999 -9999 -9999 -9999 -9999 -9999 -9999 -9999 -9999 -9999 -9999 136 -112 -249 -251 -143 -117 -193 -301 -319 -181 -139 -257 -175 -154 -254 -138 -24 -120 -150 340 -9999 -9999 -9999 -9999 -9999 -9999 -9999 -9999 -327 -9999 -9999 -9999 -9999 -9999 -9999 -9999 -9999 -9999 -9999 -9999 -9999 -9999 -9999 -9999
-9999 -9999 -9999 -9999 -9999 -9999 -9999 -9999 -9999 -9999 -9999 -9999 -9999 -9999 -9999 -9999 -9999 -9999 -9999 -9999 -9999 -9999 -9999 -9999 -9999 -9999 -9999 -9999 -9999 -9999 -9999 -9999 -9999 -9999 -9999 -9999 217 308 -25 -189 -89 -210 -227 -119 -109 -190 -105 -138 -149 -198 -215 -106 -147 -34 -9999 475 -9999 -9999 -9999 -9999 -9999 -9999 -9999 -135 -571 -9999 -9999 -109 -9999 -9999 -9999 -9999 -9999 -9999 -9999 -9999 -9999 -9999 -9999 -9999
-9999 -9999 -9999 -9999 -9999 -9999 -9999 -9999 -9999 -9999 -9999 -9999 -9999 -9999 -9999 -9999 -9999 -9999 -9999 -9999 -9999 -9999 -9999 -9999 -9999 -9999 -9999 -9999 -9999 -9999 -9999 -9999 -9999 -9999 -9999 -9999 -201 -36 -148 -232 -148 -566 -465 -153 -318 -432 -455 -317 -201 -87 9 -236 -389 -9999 -9999 -9999 -9999 -9999 -9999 -48 -9999 -9999 -9999 -9999 -9999 -9999 -9999 -9999 -9999 -9999 -9999 -9999 -9999 -9999 -9999 -9999 -9999 -9999 -9999 -9999
-113 -74 -377 -9999 -9999 -9999 -9999 -9999 -9999 -9999 -9999 -9999 -110 -296 -9999 -292 -322 -265 -110 -9999 -9999 -9999 -9999 -9999 -9999 -9999 -9999 -9999 -9999 -9999 -9999 -9999 -9999 -9999 -9999 -9999 -254 50 -125 -297 -31 -229 -203 -179 -365 -367 -261 -231 -250 -25 69 -189 -9999 -9999 -9999 -9999 -9999 -9999 -9999 -9999 -9999 -9999 -9999 -303 -9999 -9999 46 -9999 -9999 -9999 -9999 -9999 -9999 -9999 -9999 -9999 -9999 -9999 -9999 -9999
-74 -225 -578 -364 -9999 -9999 -9999 -9999 -9999 -257 -298 -360 -335 -423 -434 -131 -331 -545 -297 -179 -9999 155 -179 -146 -9999 -9999 -9999 -9999 -9999 -9999 -9999 -9999 -9999 -9999 -9999 -105 -169 -10 -176 -592 -336 -39 -136 -127 -252 -389 -230 -337 -338 -84 -165 -243 -9999 -9999 -9999 -9999 -9999 -9999 -9999 -9999 -9999 144 -61 -283 -231 28 -9999 -9999 -9999 -9999 -9999 -9999 -9999 -9999 -9999 -9999 -9999 -9999 -9999 -9999
-314 -420 -397 -183 -9999 -9999 -9999 -18 -254 -305 -372 -639 -549 -376 -256 -312 -788 -935 -514 -19 -112 -323 -372 -275 -152 -49 -418 -9999 -9999 48 -207 -207 -139 -237 -434 -275 -241 -463 -470 -464 -115 66 -249 -302 49 48 -223 -447 -217 32 -24 -9999 -9999 -9999 263 -9999 -9999 -9999 -9999 -9999 -9999 -25 -139 -136 -88 126 -9999 -9999 -9999 -9999 -9999 -9999 -9999 -9999 -9999 -9999 -9999 -9999 -9999 -9999
-487 -482 -9999 -9999 -9999 -9999 77 -53 -393 -264 -108 -340 -443 -370 -280 -162 -607 -743 -388 -206 -360 -332 -282 -480 -586 -101 -217 -467 -107 -208 -172 207 28 35 -99 -223 -47 -174 -419 -323 48 32 -281 -302 -108 -175 -357 -331 -105 -151 -9999 261 -9999 -9999 -9999 12 16 -9999 -9999 -9999 -9999 -342 -349 16 -9999 -9999 -9999 -9999 -9999 -9999 -9999 -9999 -9999 -9999 -9999 -9999 -9999 -9999 -9999 -9999
-476 -230 -333 -9999 -9999 -9999 148 -121 -411 -128 -113 -358 -447 -92 -458 -454 -431 -407 33 -144 -748 -558 -362 -409 -562 -395 -317 -320 -376 -324 -387 -231 -170 38 157 -263 -643 -503 -286 -171 96 -189 -382 -278 -415 -484 -325 -162 -33 -61 46 179 -9999 -9999 -9999 48 -9999 -9999 -9999 -9999 -9999 -9999 -9999 41 92 -9999 -9999 -9999 -9999 -9999 -9999 -9999 -9999 -9999 -9999 -9999 -9999 -9999 -9999 -9999
-496 -166 -310 -464 -392 -9999 -9999 -9999 -78 27 -496 -569 -425 -256 -646 -532 -295 -376 -239 -286 -648 -420 -525 -627 -456 -308 -504 -349 -512 -518 -293 -123 227 157 -349 -349 -383 -295 -28 114 100 -49 -102 -89 -232 -343 -5 105 -9999 -9999 -9999 -9999 -9999 -9999 -9999 -9999 -9999 -9999 -9999 -9999 -9999 -9999 239 -188 -323 -9999 -9999 -9999 -9999 -9999 -9999 -9999 -9999 -9999 -9999 -9999 -9999 -9999 -9999 -9999
