test/net/g2lab/icchange/view/profile/olddata/rastert_delta053.txt
ncols         452
nrows         411
xllcorner     527595,50307841
yllcorner     5934256,8476051
cellsize      5
NODATA_value  -9999
[rows 259 to 295 of 411, columns 328 to 409 of 452]
-792 -531 -760 -948 -785 -942 -877 -536 -386 -369 -463 -99 50 -103 -200 -85 -212 -561 -812 -1194 -1030 -562 -401 -341 -511 -233 143 163 121 344 770 784 779 616 1117 1652 1510 1678 1799 1929 2092 2107 1957 1939 2034 2172 2241 2223 2180 2328 2344 2148 2195 2452 2227 2072 2047 2048 1942 1938 2019 2072 2182 2216 2238 2169 2184 2217 2081 2053 2087 2147 2480 2644 2399 2682 2758 2540 2380 2443 2742 2851
-809 -835 -1007 -1138 -1049 -1032 -1097 -1076 -939 -925 -960 -502 -128 -217 -266 -162 -388 -691 -774 -874 -660 -427 -417 -210 -288 -117 241 -1 -144 256 849 943 783 419 691 1558 1950 1749 1705 1817 1902 2250 2233 1966 2018 2149 2313 2420 2273 2106 2188 2270 2253 2250 2199 2264 2317 2244 2020 2060 2121 2169 2094 2023 2256 2198 1959 2040 2170 2212 2203 2217 2376 2549 2579 2822 2929 2957 2822 2602 2755 2883
-942 -1011 -981 -852 -730 -802 -951 -1388 -1595 -1413 -1371 -869 -413 -457 -537 -645 -837 -1003 -896 -626 -318 -389 -479 -258 -142 82 289 339 144 473 1092 939 504 202 408 1407 2151 1702 1707 2017 2126 2349 2297 2092 2302 2260 2370 2583 2596 2398 2292 2365 2204 2220 2414 2521 2430 2221 2142 2049 1835 1973 2091 2033 2169 2327 2267 2186 2262 2329 2196 2146 2344 2739 2940 2922 2998 2886 2819 2758 2780 2646
-801 -777 -675 -405 -376 -832 -1161 -1343 -1390 -1147 -1208 -1018 -638 -691 -913 -998 -1127 -1242 -1070 -596 -298 -426 -399 -232 48 220 245 375 539 845 1114 757 263 146 403 985 1617 1833 2005 2203 2207 2072 2219 2167 2374 2473 2522 2821 2935 2740 2337 2230 2259 2243 2386 2472 2342 2222 2281 2199 1983 2085 2294 2311 2187 2199 2272 2216 2164 2285 2323 2358 2600 2918 3026 2922 2816 2603 2765 2987 2966 2813
-411 -303 -394 -343 -384 -697 -882 -798 -650 -484 -624 -737 -653 -830 -1181 -1159 -1256 -1375 -1215 -817 -488 -470 -186 -80 -47 138 471 751 937 944 1191 919 303 -47 65 623 1553 2113 2015 2063 2077 2089 2376 2167 2309 2720 2725 2804 2933 2804 2311 2284 2486 2420 2371 2357 2421 2508 2617 2371 2181 2210 2281 2330 2249 2160 2102 2147 2280 2439 2613 2721 2769 2846 2875 2873 2723 2693 3011 3218 3106 2934
-308 -194 -353 -462 -591 -580 -434 -525 -568 -446 -333 -331 -469 -701 -917 -881 -934 -1093 -1063 -860 -722 -523 -175 4 -134 124 752 928 947 895 923 563 195 -90 50 921 1559 1830 1763 1843 1911 2159 2416 2204 2344 2759 2892 2703 2737 2751 2455 2370 2318 2302 2360 2350 2388 2393 2465 2336 2210 2236 2325 2312 2224 2155 1971 1996 2489 2732 2804 2878 2885 2889 2930 2970 2860 2906 3185 3205 2994 2835
-456 -507 -622 -589 -489 -307 -273 -549 -683 -657 -395 -184 -278 -303 -286 -325 -301 -348 -406 -477 -690 -601 -275 -141 -325 16 653 527 788 946 636 315 276 126 209 699 894 1285 1719 1987 2068 2079 2290 2140 2242 2566 2671 2528 2832 2898 2603 2407 2243 2280 2320 2292 2359 2277 2298 2346 2289 2139 2126 2129 2112 2069 2034 2158 2625 2842 2835 2932 3109 3116 3081 3055 2903 2996 3138 2992 2850 2825
-344 -348 -331 -210 -68 64 -48 -330 -407 -380 -306 -55 -35 -31 77 -60 -240 -212 -20 -53 -443 -508 -216 -134 -397 -160 247 414 674 901 537 281 178 -78 -67 -71 330 1420 2039 2387 2400 1955 1918 2139 2411 2461 2370 2364 2707 2805 2590 2431 2491 2663 2599 2463 2427 2386 2446 2412 2357 2219 2104 2115 2233 2201 2225 2351 2595 2948 3104 3088 3183 3132 3116 3056 2946 3030 3024 2912 2908 2960
-157 -98 60 227 193 193 44 7 42 58 -18 -117 -71 -63 -91 -82 -99 -123 8 -17 -321 -348 -193 -218 -396 -62 246 491 610 758 490 78 -70 -151 -243 -363 212 1432 2148 2409 2309 2093 2039 2367 2686 2521 2293 2357 2653 2771 2664 2545 2602 2578 2601 2531 2435 2562 2615 2379 2337 2415 2351 2146 2029 2170 2317 2528 2646 2890 3288 3184 3045 3018 3159 3262 3165 3095 2991 2978 3037 3065
-460 -308 -11 198 182 149 -27 -10 86 -9 -330 -532 -398 -193 -347 -401 -219 -141 -365 -500 -498 -435 -398 -415 -191 223 318 503 573 796 564 -92 -183 -167 -248 -430 -284 934 1956 2180 2320 2468 2411 2367 2496 2339 2251 2339 2599 2786 2794 2666 2588 2470 2506 2566 2440 2533 2592 2255 2242 2407 2260 2134 2081 2190 2472 2804 2879 3016 3316 3263 3256 3369 3402 3388 3261 3037 2864 2882 3019 3007
-753 -567 -277 -228 -223 -231 -281 -266 -304 -597 -819 -526 -557 -813 -882 -793 -622 -504 -632 -651 -518 -329 -392 -399 -97 176 318 357 303 413 475 -79 -468 -589 -523 -629 -723 296 1586 2174 2463 2648 2598 2498 2607 2456 2374 2582 2675 2605 2507 2571 2690 2689 2523 2710 2533 2378 2545 2406 2303 2280 2143 2437 2417 2267 2556 2824 2913 2993 3239 3509 3343 3325 3365 3195 3070 2805 2652 2756 2979 3041
-311 -176 -297 -644 -598 -397 -444 -624 -883 -1092 -871 -391 -529 -1074 -1197 -754 -610 -649 -664 -504 -466 -440 -365 -213 193 324 268 223 48 29 306 -67 -479 -698 -542 -485 -271 225 1235 2180 2486 2607 2504 2353 2527 2419 2386 2628 2677 2634 2590 2737 2560 2505 2479 2730 2647 2402 2485 2633 2550 2351 2317 2560 2536 2499 2744 2795 2701 2967 3211 3211 3092 3149 3238 3171 3223 2938 2709 2842 3056 3189
-155 -58 -403 -839 -872 -763 -795 -882 -987 -1003 -566 -184 -316 -664 -806 -577 -525 -522 -640 -510 -273 -286 -297 -59 481 467 346 418 277 -26 -130 -442 -419 -302 -183 185 959 845 929 1752 2095 2258 2419 2309 2301 2478 2746 2894 2682 2810 2933 2820 2587 2399 2534 2721 2697 2759 2675 2616 2688 2551 2385 2376 2454 2702 2915 2873 2733 2988 2971 2894 3188 3246 3272 3321 3328 3084 2909 2900 2988 3064
-406 -448 -683 -810 -961 -900 -834 -905 -1075 -965 -431 -142 -129 -220 -98 63 -7 35 -256 -413 -136 -88 26 215 440 678 740 622 289 -219 -426 -543 -439 -327 369 1332 1788 1012 826 1424 1973 2095 2366 2364 2484 2790 2968 2931 2684 2700 2881 2677 2389 2423 2675 2914 2845 2913 2811 2534 2661 2630 2376 2191 2408 2643 2779 2813 2918 3075 3004 3083 3198 3183 3157 3139 3082 2939 2956 2780 2646 2774
-578 -596 -656 -553 -589 -545 -541 -782 -1079 -742 -89 115 283 261 388 588 348 -19 -251 -303 -267 -168 4 88 313 804 747 514 -30 -370 -410 -448 -298 221 1454 1971 1560 687 848 1433 2109 2223 2216 2220 2408 2820 2898 2803 2758 2876 2819 2691 2543 2687 2688 2784 2805 2764 3015 2642 2491 2683 2513 2339 2457 2552 2655 2817 2982 3183 3182 2995 2925 3090 3030 2890 3072 3186 3103 2819 2598 2640
-616 -607 -379 -76 -45 -139 -233 -444 -580 -184 320 441 391 311 220 286 114 -224 -363 -358 -414 -451 -272 -116 336 587 447 309 -135 -365 -299 -458 278 1504 2186 1921 1426 706 749 1209 1915 2221 2283 2242 2356 2805 3025 2956 2723 2672 2670 2945 2726 2485 2601 2778 2825 2765 2854 2867 2739 2690 2676 2601 2539 2714 2838 2898 2916 3143 3210 2982 2969 3136 3164 3133 3233 3209 3087 3121 2820 2699
-702 -489 6 161 133 151 208 129 -44 149 538 526 112 -71 -124 -187 -436 -471 -511 -517 -374 -335 -411 -376 67 256 256 379 -57 -544 -508 -118 1345 2277 2194 1688 1380 953 680 902 1735 2248 2361 2381 2486 2686 2950 2973 2711 2573 2706 2789 2724 2484 2601 2806 2776 2769 2747 2870 2831 2666 2738 2740 2621 2755 2828 2947 2935 3013 3041 3107 3090 3022 2994 2951 2995 2924 2979 3172 2973 2954
-590 -167 313 348 189 151 296 269 182 411 261 -239 -519 -435 -527 -587 -635 -383 -401 -431 -228 -104 -430 -532 -3 256 324 376 -58 -444 154 1161 2148 2335 2099 1633 1248 1305 1030 990 1777 2370 2417 2442 2713 2733 2867 3043 2949 2591 2760 2911 2725 2517 2557 2634 2580 2748 2840 2797 2787 2837 2824 2803 2691 2576 2560 2981 3042 2878 2929 3006 2851 2712 2577 2612 2779 2886 2925 2975 2911 2955
-245 172 480 379 57 54 249 176 75 79 -391 -950 -592 -169 -454 -576 -375 -107 -505 -625 -334 -129 -284 -451 -57 379 375 86 148 516 1664 2579 2597 2086 1707 1325 1059 1463 1535 1275 1728 2398 2452 2676 2840 2751 2814 3148 3105 2599 2638 2806 2640 2489 2737 2810 2561 2687 3023 2908 2645 2692 2680 2760 2783 2645 2532 2738 2801 2768 2966 3080 2768 2413 2385 2695 3004 3019 2834 2742 2757 2762
-111 223 408 316 57 143 349 182 -178 -442 -662 -757 -205 86 -313 -383 -296 -216 -628 -511 -195 -132 -72 -104 15 337 435 252 609 1506 2422 2603 2002 1262 805 972 1018 1348 1513 1230 1537 2244 2572 2878 2846 2730 2828 3175 3157 2651 2420 2611 2959 2990 3067 2912 2535 2506 2838 2802 2650 2738 2703 2822 2948 2767 2484 2436 2570 2535 2434 2607 2542 2402 2558 2751 2873 2856 2797 2809 2772 2838
-380 -240 -129 -98 -43 94 138 11 -302 -678 -930 -722 -228 -47 -280 -114 -77 -221 -382 -275 -322 -311 -161 -170 -261 25 356 366 726 1079 1239 1068 663 493 469 1019 1181 1264 1321 1278 1494 1998 2524 2928 2921 2868 3026 3206 3280 3000 2688 2761 3312 3524 3254 2995 2846 2840 2978 3010 2959 3069 3071 3143 3111 2834 2521 2516 2562 2544 2372 2399 2431 2632 2883 2889 2646 2629 2843 3090 2872 2612
-721 -862 -741 -617 -359 -178 -230 -234 -412 -835 -1007 -736 -423 -337 -356 -124 -107 -423 -389 -147 -357 -518 -432 -360 -422 82 653 586 466 322 83 24 213 717 997 1332 1467 1685 1712 1764 1958 2120 2380 2921 3142 3106 3261 3471 3545 3551 3297 3237 3628 3751 3502 3450 3437 3331 3362 3282 3046 3303 3636 3564 3060 2832 2614 2510 2645 2662 2560 2511 2656 2733 2740 2511 2350 2513 2398 2025 1624 1770
-871 -1063 -806 -594 -385 -359 -505 -640 -602 -675 -746 -732 -495 -468 -516 -173 -77 -464 -556 -275 -299 -398 -500 -441 -364 109 766 845 556 526 252 321 837 1328 1569 1603 1878 2374 2238 2114 2366 2440 2473 3016 3502 3584 3586 3739 3851 3962 3788 3561 3646 3653 3665 3729 3650 3462 3296 3204 2941 3168 3548 3440 2944 2712 2641 2484 2432 2324 2269 2237 2215 2068 1914 1713 1552 1462 1094 802 830 1452
-644 -872 -658 -345 -332 -434 -514 -599 -656 -501 -456 -695 -683 -648 -633 -222 -28 -307 -482 -361 -259 -354 -647 -808 -470 162 799 889 685 804 739 949 1508 1744 1631 1855 2431 2710 2379 2100 2236 2489 2658 3067 3594 3820 3805 3695 3607 3496 3362 3305 3201 2899 2784 2831 2823 2869 2515 2108 1904 2054 2485 3023 2947 2552 2307 2048 1808 1697 1635 1536 1407 1319 1245 1074 1085 1135 1083 1475 1936 2206
-848 -1099 -764 -528 -632 -510 -464 -565 -714 -647 -496 -657 -838 -807 -499 -229 -244 -395 -417 -256 -108 -385 -809 -1077 -759 129 966 984 833 1107 1051 1098 1469 1698 1636 1577 1814 1938 1826 1723 1708 2030 2442 2613 2883 3322 3256 2726 2269 2150 2320 2513 2086 1354 1080 1304 1607 1546 1081 705 566 780 1388 2062 2172 1826 1508 1411 1215 1125 1216 1277 1390 1482 1515 1551 1772 2151 2356 2415 2705 2793
-1121 -1240 -1023 -1108 -1076 -727 -717 -752 -719 -908 -843 -759 -871 -934 -692 -520 -456 -502 -536 -446 -298 -399 -618 -734 -858 -215 703 831 671 548 453 564 866 919 607 408 476 608 617 460 396 1034 1685 1841 1793 1844 1641 1227 1002 1112 1182 1068 460 -20 42 428 443 425 216 -1 105 149 286 650 800 995 953 854 1005 1230 1540 1796 2053 2344 2520 2563 2560 2615 2815 2919 2935 2757
-925 -949 -822 -945 -1034 -938 -768 -747 -791 -1003 -1022 -833 -808 -927 -961 -721 -314 -271 -421 -427 -372 -292 -205 -256 -556 -368 -30 -120 -188 -237 -180 -99 -19 -69 -298 -458 -399 -356 -307 -456 -474 79 596 682 519 380 496 456 400 254 158 -43 -304 -232 -23 21 -46 10 79 62 36 -279 -473 -299 106 706 1162 1278 1438 1655 1922 2295 2548 2781 2858 2765 2643 2592 2789 2933 2861 2610
-677 -721 -595 -531 -711 -814 -844 -981 -906 -697 -640 -637 -761 -938 -1100 -894 -269 -195 -218 -256 -253 -269 -172 -166 -369 -387 -438 -538 -512 -330 -272 -447 -528 -507 -452 -493 -608 -671 -549 -495 -465 -192 -82 -90 -154 -163 127 239 5 -176 -273 -265 -219 -134 -244 -192 -1 -161 -167 -33 -56 -437 -587 -347 92 678 1543 1972 1848 1871 2102 2419 2545 2516 2530 2615 2680 2655 2563 2845 2843 2475
-704 -724 -657 -633 -803 -941 -1086 -1159 -959 -638 -481 -626 -896 -1083 -1249 -1242 -663 -352 -282 -379 -534 -488 -235 -93 -342 -446 -418 -401 -327 -206 -239 -395 -497 -518 -477 -400 -432 -580 -591 -524 -573 -506 -378 -380 -138 41 3 56 -53 -214 -231 -351 -293 -146 -385 -366 -102 -80 -112 -152 -307 -491 -457 -219 72 731 1531 2235 2370 2270 2174 2253 2434 2518 2549 2597 2721 2700 2321 2682 2928 2615
-779 -907 -1001 -1110 -1247 -1274 -1220 -983 -794 -635 -691 -749 -883 -1015 -1204 -1296 -905 -639 -621 -420 -449 -459 -250 199 -130 -579 -419 -332 -292 -239 -305 -317 -400 -552 -639 -497 -436 -577 -626 -650 -624 -443 -436 -594 -170 61 -87 -60 -4 -19 -108 -303 -343 -184 -106 -38 42 23 -80 -132 -286 -432 -529 -290 -124 516 1397 1736 2030 2061 2079 2151 2294 2386 2396 2448 2524 2568 2502 2740 2835 2810
-683 -913 -1116 -1279 -1394 -1200 -899 -669 -521 -547 -761 -911 -862 -864 -1005 -968 -906 -898 -800 -451 -283 -515 -600 -191 -512 -887 -613 -462 -399 -383 -363 -306 -305 -448 -725 -703 -542 -502 -552 -648 -505 -223 -380 -502 -62 -22 -148 -109 -110 53 13 -188 -343 -253 -42 21 54 -57 -60 142 -125 -519 -558 -173 12 587 1405 1583 1678 1855 2105 2317 2341 2360 2289 2315 2416 2577 2583 2545 2640 2733
-648 -764 -1015 -1262 -1320 -974 -715 -722 -665 -649 -889 -1281 -1257 -1091 -944 -901 -983 -947 -986 -848 -595 -423 -479 -386 -492 -760 -820 -795 -694 -452 -284 -322 -527 -608 -558 -575 -411 -257 -382 -569 -492 -318 -492 -507 -168 -211 -241 -315 -357 -128 -18 -205 -373 -359 -94 -4 -7 -261 -231 206 281 -194 -214 196 270 276 1113 1883 1988 2100 2254 2448 2486 2501 2458 2415 2377 2552 2496 2504 2842 2999
-1000 -883 -922 -1170 -1242 -1147 -1072 -1192 -1069 -859 -1006 -1282 -1236 -1082 -992 -917 -809 -727 -934 -1080 -847 -395 -461 -534 -373 -574 -865 -975 -889 -736 -342 -201 -511 -615 -474 -630 -552 -410 -597 -677 -645 -543 -685 -688 -545 -549 -531 -562 -548 -343 -97 -79 -246 -301 -80 48 -27 -260 -354 141 511 80 -269 -199 -125 -132 691 1827 2091 2201 2436 2622 2606 2501 2492 2521 2515 2629 2627 2826 3193 3285
-817 -719 -803 -885 -976 -1138 -1168 -1173 -1025 -830 -965 -1122 -1038 -910 -795 -731 -541 -453 -523 -637 -685 -609 -685 -980 -866 -738 -786 -744 -719 -796 -504 -236 -423 -567 -640 -776 -772 -732 -866 -848 -692 -477 -580 -782 -809 -839 -803 -525 -407 -323 -86 83 -65 -233 -91 26 11 -92 -289 -6 215 -125 -328 -360 -274 -133 282 1368 2207 2322 2460 2840 2832 2695 2862 2854 2778 2730 2629 2837 3119 3100
-708 -870 -989 -880 -973 -1128 -986 -804 -698 -709 -739 -829 -883 -847 -578 -378 -444 -388 -271 -299 -711 -825 -681 -1148 -1121 -745 -723 -612 -594 -776 -651 -436 -502 -557 -496 -590 -646 -590 -709 -798 -710 -423 -473 -629 -622 -681 -619 -346 -332 -322 -157 36 -135 -319 -173 -50 -16 -8 -95 53 50 -341 -418 -288 -274 -449 -283 676 1915 2285 2333 2639 2803 2955 3179 3034 2828 2700 2694 2813 2932 2903
-1304 -1318 -972 -981 -1165 -1173 -782 -765 -921 -947 -819 -609 -693 -856 -494 -95 -184 -6 237 209 -378 -585 -572 -998 -910 -563 -570 -645 -654 -707 -684 -525 -521 -396 -171 -297 -612 -639 -606 -681 -684 -662 -555 -382 -312 -408 -520 -518 -591 -241 -6 -76 -264 -305 -214 -268 -280 -58 21 -72 -201 -402 -441 -458 -460 -453 -269 333 1416 2158 2410 2637 2934 3029 3011 2953 3015 3056 3076 3133 3235 3296
-1084 -1137 -960 -1270 -1210 -1069 -833 -897 -1099 -992 -978 -692 -620 -718 -632 -211 224 454 758 694 192 -20 -446 -1007 -1091 -811 -731 -871 -760 -874 -911 -766 -668 -506 -362 -439 -809 -704 -524 -506 -434 -649 -636 -426 -356 -472 -629 -652 -565 -87 79 -56 -92 -203 -289 -417 -428 -80 -115 -333 -270 -309 -477 -526 -502 -267 -166 303 1047 1502 2283 2842 3109 2998 2900 3058 3351 3386 3422 3361 3299 3346
