test/net/g2lab/icchange/view/profile/olddata/rastert_delta055.txt
ncols         452
nrows         411
xllcorner     527595,50307841
yllcorner     5934256,8476051
cellsize      5
NODATA_value  -9999
[rows 315 to 349 of 411, columns 79 to 157 of 452]
-9999 -9999 -9999 -9999 -9999 -9999 5524 5678 -9999 -9999 -9999 -9999 -9999 -9999 -9999 -9999 -9999 -9999 -9999 -9999 -9999 5655 -9999 -9999 -9999 6755 7214 7274 7049 7177 7165 7264 7341 -9999 7088 7653 8034 7949 7860 7860 8118 8152 8017 7980 8062 8054 8078 8242 7274 6450 6299 6883 8051 8257 7710 7440 7721 7803 7484 7670 7438 6814 6810 7243 6838 5945 5979 6117 6107 5927 5624 5719 6154 6160 6195 6703 6705 6579 6715
-9999 -9999 -9999 -9999 -9999 -9999 4681 4316 -9999 -9999 -9999 -9999 -9999 -9999 -9999 5487 -9999 6539 7070 7310 7548 7717 7646 7428 7931 8558 8403 8247 8449 8503 8227 7717 7541 7824 8025 8137 7978 7898 8012 7945 8046 7972 7782 7860 7684 7507 7660 8043 6505 -9999 6233 6935 8206 8553 7741 7202 7346 7856 7832 8093 7708 7276 7431 7698 7238 6700 6975 7080 6940 6324 5814 5749 6180 6408 6714 7119 6975 6875 7323
-9999 -9999 5404 -9999 4858 5110 5823 5820 5672 5280 -9999 6011 6591 6713 6719 7018 7170 7932 8093 7837 8154 8585 8808 8730 8684 8904 8843 8337 8155 8151 8023 7847 7810 8007 8087 7999 7871 7932 7966 7686 7870 7851 7564 7413 7253 7273 7584 7327 5836 -9999 -9999 6768 7874 8540 7792 6958 6989 7376 8211 8485 7937 7991 8258 8076 7471 7006 7439 7851 7565 6696 -9999 5951 6236 6579 6659 6607 7089 7383 7397
-9999 5763 6071 6280 6323 6978 7470 7246 7133 6782 6612 6905 6974 7192 7278 7489 7238 7470 7707 7820 8124 8220 8379 8502 8613 8608 8329 7823 7705 7885 7918 7744 7805 8030 8008 7939 7919 8084 7928 7469 7533 7553 7303 7199 7300 7521 7796 7157 6084 -9999 -9999 7153 8455 9067 7903 6554 6638 6619 7802 8662 8279 8279 8698 8634 7976 7855 8184 8108 7418 6815 -9999 -9999 6250 6268 6163 6353 6728 6912 6687
7922 7500 7584 7812 7890 7997 8122 7939 7620 7364 6736 6766 7071 6974 6856 7213 7099 7144 7423 7547 7767 8114 8643 8525 8410 8240 7968 7915 7837 7522 7565 7494 7586 7862 7846 7801 7810 7821 7890 7718 7561 7462 7258 7288 7591 8073 8145 7112 6420 6048 -9999 8069 9090 8936 7653 6234 6043 6346 7455 8530 8525 8220 8515 8606 8306 8675 8730 7774 6921 -9999 -9999 -9999 -9999 -9999 5860 5832 6041 6273 6258
8835 8679 8553 8229 7960 7950 8028 7649 7272 7204 6814 6687 6723 6570 6709 7141 7296 7216 7188 7242 7607 8083 8612 8368 8311 8335 8118 7883 7503 7141 7377 7433 7587 7930 7981 8097 7844 7538 7669 7695 7443 7369 7368 7250 7494 8024 7954 7246 6503 6339 7114 8585 9126 8504 7556 6719 6264 6637 7419 8338 8737 8731 8652 8396 8657 8846 8518 7051 -9999 -9999 -9999 -9999 -9999 -9999 6198 6096 5982 6003 5927
8578 8518 8381 8251 7752 7365 7400 7403 7054 6951 6833 6768 6705 6834 6921 6911 7201 7144 7044 7178 7619 7795 8043 8099 8219 8309 8074 7632 7150 6967 7322 7631 7713 7913 8152 8400 8075 7640 7572 7535 7321 7283 7443 7468 7714 8032 7817 7534 6697 6859 7988 8715 9008 8522 7921 7407 7019 7281 7905 8578 8791 8908 8901 8680 9083 8828 7780 6656 -9999 -9999 -9999 7579 7888 7468 6853 6397 5776 5834 6034
8239 8094 7771 7449 7193 6940 6937 7024 6689 6810 7074 7026 6966 6886 6902 7062 7088 7046 7394 7492 7805 7585 7549 7864 7774 7675 7597 7278 6952 6735 7020 7538 7562 7693 7959 8254 8169 7926 7729 7605 7515 7518 7594 7631 7926 8199 8225 7909 7072 7726 8769 8957 9121 8562 8118 8027 7849 7957 8385 8669 8648 9042 9273 9072 9303 8504 7330 6805 -9999 -9999 7456 7320 7718 7801 7106 -9999 -9999 5739 5856
7982 7807 7324 6883 6835 6889 7013 6927 6588 6939 6999 7016 7204 6954 6939 7323 7409 7353 7701 7579 7610 7531 7493 7480 7241 7319 7391 7208 6880 6746 6968 7166 7231 7756 8039 8066 8079 8148 7935 7800 7659 7596 7733 7829 8013 7891 8215 8208 7757 8415 8886 8756 8688 8620 8262 8389 8409 8271 8450 8685 8840 9249 8949 8575 8806 7899 7091 6924 -9999 -9999 -9999 -9999 -9999 7664 7525 7021 -9999 -9999 -9999
7445 7360 7208 6926 6792 6795 6888 6775 6591 6893 6643 6648 6994 6875 6755 6901 7037 7090 7295 7312 7175 7250 7297 7250 7367 7584 7526 7282 6926 6797 6958 6795 6744 7347 7876 8067 8237 8409 8057 7949 7812 7453 7554 8003 7920 7569 7972 8055 8260 8760 8609 8243 8293 8696 8332 8534 8768 8211 8185 8499 8852 9161 8547 8268 8261 7194 -9999 6969 -9999 7146 6655 -9999 7556 7083 7666 7387 -9999 -9999 -9999
7053 6830 6887 6777 6702 6691 6598 6509 6352 6448 6342 6346 6550 6585 6449 6765 6979 6889 6896 7206 7179 7125 7360 7388 7520 7604 7311 7267 7108 6837 6903 6910 6738 7089 7729 7861 8155 8538 8217 7839 7399 7072 7102 7720 7595 -9999 7877 7776 8409 8885 8466 8084 8006 8402 8395 8507 8321 7865 7886 8299 8757 8888 8582 8059 7486 -9999 -9999 7060 6824 6914 6345 -9999 7130 6514 7254 7180 -9999 -9999 -9999
6897 6338 6098 -9999 -9999 6574 6445 6253 5901 5845 6151 6296 6258 6518 6741 7053 7116 7081 7143 7320 7022 6824 7140 7187 7090 7101 7076 7113 7311 7065 -9999 6898 6932 7000 7359 7401 7546 7975 7984 7512 6793 6644 6838 7101 7155 -9999 -9999 -9999 7798 8279 8309 8015 7565 7956 8504 8431 8315 8158 8174 8326 8624 8756 8438 7561 -9999 -9999 -9999 -9999 -9999 6738 6572 -9999 6761 6436 6938 6690 -9999 -9999 -9999
6625 -9999 -9999 -9999 -9999 6306 6228 5857 5536 5493 6090 6600 6372 6693 7133 7249 7129 7192 7332 7329 7045 6573 6468 6644 6624 6941 7244 7161 7312 7228 -9999 7181 7317 7159 6903 6897 7097 7156 7226 6872 6406 6323 6380 -9999 -9999 -9999 -9999 -9999 6315 7211 8105 8033 7744 8085 8704 8920 9039 8648 8454 8532 8673 8437 7826 7287 -9999 -9999 -9999 -9999 -9999 6954 7153 7169 6649 6819 6836 -9999 -9999 -9999 -9999
6966 6646 6487 6369 -9999 -9999 6406 6154 -9999 -9999 6212 6837 6719 6917 7060 7305 7509 7506 7568 7480 7273 6795 6692 6942 7077 7301 7599 7602 7583 7480 7558 7400 -9999 -9999 6907 6865 7258 6870 6647 6665 6510 6458 -9999 -9999 -9999 -9999 -9999 -9999 5475 6647 7931 8313 8364 8734 8702 9074 9456 8996 8853 8997 8757 8140 7210 -9999 -9999 -9999 -9999 -9999 -9999 6779 6963 6885 6542 6768 -9999 -9999 -9999 -9999 -9999
7160 6906 6905 6846 6570 -9999 6539 6798 6597 -9999 -9999 6898 7109 -9999 -9999 7175 7663 7773 7998 7785 7367 7237 7353 7481 7519 7628 8004 8177 7849 7461 7551 -9999 -9999 -9999 7255 7239 7419 7372 7060 7165 7076 6778 -9999 -9999 -9999 -9999 -9999 5427 6001 7199 8121 8360 8801 9584 9315 9365 9523 9170 9023 9341 9000 7888 6852 -9999 -9999 -9999 -9999 -9999 -9999 -9999 -9999 6668 6632 6607 -9999 -9999 -9999 -9999 -9999
6930 6848 6887 6831 6458 6055 6081 6391 6330 -9999 -9999 -9999 -9999 7202 6759 6801 7321 7797 8117 8172 7881 7693 7540 7536 7654 7988 8359 8467 7861 7455 -9999 -9999 -9999 -9999 -9999 7472 7592 7775 7498 7440 7565 7252 7124 7470 -9999 7131 7283 7014 6963 7612 8207 8190 8720 9386 9084 9060 9244 9340 9208 9115 8496 7509 6867 -9999 -9999 -9999 -9999 -9999 -9999 -9999 -9999 6595 6720 6388 -9999 -9999 -9999 -9999 -9999
6952 6866 6705 6460 6144 5865 -9999 -9999 5957 -9999 -9999 -9999 -9999 7127 6691 -9999 -9999 7300 7508 7700 7712 7611 7609 7760 7566 7622 7880 8045 7589 -9999 -9999 -9999 -9999 -9999 -9999 -9999 6973 7154 7266 7197 7268 7181 6777 7284 7490 7579 7893 7700 7196 7353 7971 7976 8039 8174 8247 8439 8433 8417 8295 8167 7436 7344 7456 -9999 -9999 -9999 -9999 -9999 -9999 6924 6305 6600 6816 6197 -9999 -9999 -9999 -9999 -9999
6786 6678 6549 6402 -9999 -9999 -9999 6216 6323 6733 7175 7169 -9999 6980 -9999 -9999 6404 6532 6632 6837 6995 -9999 -9999 -9999 -9999 7045 7148 -9999 -9999 -9999 -9999 -9999 -9999 -9999 -9999 -9999 -9999 -9999 -9999 -9999 6270 6491 -9999 6652 6983 6979 7546 7533 7252 7287 7767 8068 7918 7784 7886 8140 8106 8030 7769 7174 6358 7139 -9999 -9999 -9999 -9999 -9999 -9999 6750 6440 6359 6820 6773 5851 -9999 -9999 -9999 -9999 -9999
6440 6387 6287 6181 -9999 -9999 6307 6490 6601 6947 7542 7453 6981 6779 -9999 -9999 6368 6564 6757 6974 6986 -9999 -9999 6049 6308 6824 6688 6471 6595 6680 -9999 -9999 -9999 -9999 -9999 -9999 -9999 -9999 -9999 5923 5929 6070 -9999 6108 6286 7166 7912 8339 8253 8511 8710 8790 8700 8499 8173 8258 8493 8505 7885 6790 -9999 -9999 -9999 -9999 -9999 -9999 6149 -9999 -9999 6224 6675 7074 6560 -9999 -9999 -9999 -9999 -9999 -9999
6312 6300 6319 6409 6281 -9999 -9999 6459 6490 6649 7014 7038 6823 6728 -9999 6383 7031 7501 7651 7984 7977 7408 7234 6970 6835 7024 6869 7059 7364 7162 6727 -9999 7291 7401 7301 -9999 6552 6750 7057 7132 6878 6624 6384 5806 6637 8420 8626 9192 9125 9200 9555 9124 8833 8798 8664 8711 8850 8496 7417 6919 -9999 7502 -9999 -9999 -9999 -9999 -9999 -9999 -9999 6406 6919 7006 6237 -9999 -9999 -9999 -9999 -9999 -9999
6479 6306 6293 6580 6601 -9999 -9999 -9999 -9999 6120 6371 6446 6412 6320 6458 6973 7494 7771 7873 8460 8598 7866 7406 7228 7191 7391 7556 7570 7838 7606 7113 7758 8033 7858 7914 7620 7691 7879 7666 7369 7238 6776 6137 5739 7021 8998 9057 9373 9112 9023 9411 9144 8951 8919 8863 8872 8691 7811 6621 6844 -9999 -9999 -9999 -9999 -9999 -9999 6576 -9999 -9999 6305 6767 6623 -9999 -9999 -9999 -9999 -9999 -9999 -9999
6378 6219 -9999 -9999 -9999 -9999 -9999 -9999 -9999 -9999 -9999 -9999 -9999 -9999 -9999 6667 7264 7425 7482 7997 8063 7930 7848 7901 7801 7940 8028 7951 7893 7682 7374 7799 8102 8105 8098 8021 8097 8298 7951 7452 7605 6710 5977 6254 7508 8760 8950 9182 9374 9494 9571 9267 8992 8768 8785 8734 8113 6930 6316 6741 -9999 -9999 -9999 -9999 -9999 -9999 -9999 -9999 -9999 -9999 -9999 -9999 -9999 -9999 -9999 -9999 -9999 -9999 -9999
6552 6439 -9999 7285 6951 6800 6543 -9999 -9999 -9999 -9999 -9999 -9999 -9999 -9999 6276 7041 -9999 -9999 7840 7849 7945 8156 8267 8263 8390 8286 7987 7738 7668 7441 7400 7792 7954 7858 7782 7751 8279 8642 8173 8175 6895 6021 6807 7713 8532 8974 9144 9242 9232 9439 9286 8942 8688 8746 8488 7646 6573 -9999 -9999 -9999 -9999 -9999 -9999 -9999 -9999 -9999 -9999 -9999 -9999 -9999 -9999 -9999 -9999 -9999 -9999 -9999 -9999 -9999
6956 6747 7179 7474 7106 7062 6896 6551 6290 5971 5637 5907 -9999 -9999 -9999 6072 7057 -9999 -9999 -9999 7714 7853 8058 8207 8438 8646 8439 8206 7967 7633 7623 7652 7751 7684 7602 7446 7467 8029 8884 8514 7908 6740 6520 7621 8319 8923 9238 8784 8562 8573 8968 9023 8584 8470 8556 8011 7080 -9999 -9999 -9999 -9999 -9999 -9999 6696 -9999 -9999 -9999 -9999 -9999 -9999 6422 -9999 -9999 -9999 -9999 -9999 -9999 -9999 -9999
7327 7190 7080 7015 6828 6776 6829 6736 6516 6131 5638 5851 6299 -9999 -9999 5989 -9999 -9999 -9999 -9999 -9999 7644 -9999 8122 8242 8406 8357 8309 -9999 -9999 -9999 -9999 -9999 7694 -9999 -9999 -9999 -9999 8382 7717 6724 6398 7586 8641 8859 8835 8859 8350 8004 8180 8540 8706 8566 8348 8060 7109 6466 -9999 7039 -9999 -9999 -9999 6802 -9999 -9999 -9999 -9999 -9999 -9999 -9999 -9999 -9999 -9999 -9999 -9999 -9999 -9999 -9999 -9999
-9999 -9999 -9999 6567 6735 6565 6358 6447 6599 6622 6644 6845 6724 -9999 -9999 -9999 6547 -9999 -9999 -9999 -9999 -9999 -9999 -9999 -9999 -9999 -9999 -9999 -9999 -9999 -9999 -9999 -9999 -9999 -9999 -9999 -9999 -9999 8012 7164 6258 6885 8627 9274 9060 8560 8573 8194 7877 8174 8422 8335 8451 8118 7271 6321 -9999 -9999 -9999 -9999 -9999 -9999 -9999 -9999 -9999 6438 5748 -9999 -9999 -9999 -9999 -9999 -9999 -9999 -9999 -9999 -9999 -9999 -9999
-9999 -9999 -9999 -9999 -9999 -9999 -9999 -9999 -9999 -9999 -9999 -9999 -9999 -9999 5895 -9999 -9999 -9999 -9999 -9999 -9999 -9999 -9999 -9999 -9999 -9999 -9999 -9999 -9999 -9999 -9999 -9999 -9999 -9999 -9999 -9999 -9999 7966 8062 6981 7100 8006 9036 8839 8422 8108 8004 7827 7938 8318 8251 7980 8118 7560 6686 6283 6735 -9999 -9999 -9999 -9999 -9999 -9999 -9999 -9999 6325 -9999 -9999 -9999 -9999 -9999 -9999 -9999 -9999 -9999 -9999 -9999 -9999 -9999
-9999 -9999 -9999 -9999 -9999 -9999 -9999 -9999 -9999 -9999 -9999 -9999 -9999 -9999 -9999 -9999 -9999 -9999 -9999 -9999 -9999 -9999 -9999 -9999 -9999 -9999 -9999 -9999 -9999 -9999 -9999 -9999 -9999 -9999 -9999 -9999 -9999 8084 7462 7071 8200 9058 9130 8298 8026 7578 7328 7414 7660 8072 8059 7935 7885 6772 6084 -9999 7227 -9999 -9999 -9999 -9999 -9999 -9999 -9999 6614 6221 -9999 -9999 6710 -9999 -9999 -9999 -9999 -9999 -9999 -9999 -9999 -9999 -9999
-9999 -9999 -9999 -9999 -9999 -9999 -9999 -9999 -9999 -9999 -9999 -9999 -9999 -9999 -9999 -9999 -9999 -9999 -9999 -9999 -9999 -9999 -9999 -9999 -9999 -9999 -9999 -9999 -9999 -9999 -9999 -9999 -9999 -9999 -9999 -9999 -9999 7334 6752 6887 8544 9199 9152 8440 8084 7700 7488 7547 7528 7805 8058 7920 7085 6039 -9999 -9999 -9999 -9999 -9999 -9999 7030 -9999 -9999 -9999 -9999 -9999 -9999 -9999 -9999 -9999 -9999 -9999 -9999 -9999 -9999 -9999 -9999 -9999 -9999
7450 7864 7479 7409 -9999 -9999 -9999 -9999 -9999 -9999 -9999 -9999 -9999 7611 7280 -9999 8146 8462 8172 8023 -9999 -9999 -9999 -9999 -9999 -9999 -9999 -9999 -9999 -9999 -9999 -9999 -9999 -9999 -9999 -9999 -9999 6685 6992 7537 8683 9033 9053 8510 8002 7879 7955 7979 7855 7742 7647 7306 6453 -9999 -9999 -9999 -9999 -9999 -9999 -9999 -9999 -9999 -9999 -9999 6206 -9999 -9999 6755 -9999 -9999 -9999 -9999 -9999 -9999 -9999 -9999 -9999 -9999 -9999
7560 7399 7345 7656 8006 -9999 -9999 -9999 -9999 -9999 8610 8787 8534 8284 8461 8354 8661 9008 9056 9091 9095 -9999 8875 8779 8651 -9999 -9999 -9999 -9999 -9999 -9999 -9999 -9999 -9999 -9999 -9999 7113 7340 8247 8448 8952 9093 8996 8731 8367 8207 8191 7917 7663 7575 7278 6744 6299 -9999 -9999 -9999 -9999 -9999 -9999 -9999 -9999 -9999 7284 6406 6370 6937 7065 -9999 -9999 -9999 -9999 -9999 -9999 -9999 -9999 -9999 -9999 -9999 -9999
7283 7239 7319 7468 7415 -9999 -9999 -9999 8355 8428 8347 8471 8372 8452 8841 8681 8716 9239 9413 9553 9439 9260 9382 9436 9107 8942 8748 8659 -9999 -9999 8869 9196 8685 8553 8150 7590 6890 7770 8975 8948 9304 9483 9162 8924 8861 8561 8419 8373 8021 7772 7267 6546 -9999 -9999 -9999 7563 -9999 -9999 -9999 -9999 -9999 -9999 6778 6265 6685 7142 6966 -9999 -9999 -9999 -9999 -9999 -9999 -9999 -9999 -9999 -9999 -9999 -9999
7301 7365 7195 -9999 -9999 -9999 -9999 7927 7949 7671 7675 7899 7906 8013 8403 8719 8837 9240 9101 8953 8977 8995 9227 9246 8982 8680 8564 8610 8938 9191 9371 9307 8935 9424 9027 8020 7640 8165 9149 9363 9139 9262 9088 8874 8983 8820 8487 8503 8426 7987 7039 -9999 6931 -9999 -9999 -9999 7389 7191 -9999 -9999 -9999 -9999 6180 6094 6716 -9999 -9999 -9999 -9999 -9999 -9999 -9999 -9999 -9999 -9999 -9999 -9999 -9999 -9999
6967 7124 7131 6893 -9999 -9999 -9999 7459 7437 7342 7321 7500 7647 7704 8181 8645 8715 8854 8454 8416 8591 8553 8562 8505 8456 8259 8503 8615 8693 9047 9106 8851 8877 9534 9165 8759 9264 9415 9495 9538 9062 9068 9062 8618 8353 8391 8026 8220 8278 7651 6839 6643 6924 -9999 -9999 -9999 7184 -9999 -9999 -9999 -9999 -9999 -9999 -9999 6399 6450 -9999 -9999 -9999 -9999 -9999 -9999 -9999 -9999 -9999 -9999 -9999 -9999 -9999
6413 7033 7346 7221 7076 7110 -9999 -9999 -9999 7114 7207 7371 7745 7838 8150 8361 8352 8345 8186 8134 8238 8163 8022 7923 8090 8196 8528 8610 8602 8776 8756 8415 8254 8103 7622 8366 9851 10694 10243 9914 9444 9141 8877 8338 7848 7705 7651 7955 7697 -9999 -9999 -9999 -9999 -9999 -9999 -9999 -9999 -9999 -9999 -9999 -9999 -9999 -9999 5722 6231 6189 -9999 -9999 -9999 -9999 -9999 -9999 -9999 -9999 -9999 -9999 -9999 -9999 -9999
