test/net/g2lab/icchange/view/profile/olddata/rastert_delta052.txt
ncols         452
nrows         411
xllcorner     527595,50307841
yllcorner     5934256,8476051
cellsize      5
NODATA_value  -9999
[rows 350 to 384 of 411, columns 160 to 239 of 452]
-9999 -9999 -9999 -9999 -9999 -9999 -9999 -9999 -9999 -9999 -9999 -9999 -9999 -9999 -9999 -9999 -9999 -9999 -9999 -9999 -9999 -9999 -56 -133 -9 91 -9999 -9999 389 176 -52 -92 165 333 410 -9999 -9999 -9999 -9999 -9999 -9999 -38 94 315 13 26 320 323 240 325 322 -9999 -9999 -9999 1068 869 687 523 310 50 -16 -49 36 63 180 -83 -62 107 -21 39 58 -57 -9999 -9999 -9999 -9999 -9999 -9999 -9999 -9999
-9999 -9999 -9999 -9999 -9999 -9999 -9999 -9999 -9999 -9999 -9999 -9999 -9999 -9999 -9999 -9999 -9999 -9999 -9999 -9999 -9999 -9999 61 -184 -73 -9999 -9999 -9999 224 -35 -203 -106 197 190 347 -9999 -9999 -9999 -9999 -9999 -9999 -9999 -9999 371 233 317 376 5 9 417 501 -9999 -9999 -9999 444 621 734 588 54 -481 -421 -210 -121 -187 -78 -197 -307 -201 -326 -276 -72 -188 -320 -76 -15 -6 -22 114 80 -37
-9999 -9999 -9999 -9999 -9999 -9999 -9999 -9999 -9999 -9999 -9999 -9999 -9999 -9999 -9999 -9999 -9999 -9999 -9999 -9999 -9999 -9999 -9999 134 72 34 -9999 255 221 -23 101 137 54 -12 174 -9999 -9999 -9999 -9999 -9999 -9999 -9999 -9999 -9999 548 151 -206 -217 242 626 489 47 -18 -9999 -9999 178 668 575 245 -143 -241 -300 -25 -71 -108 9 -245 -312 -258 -314 -123 -41 -345 -133 -231 -305 -89 117 -4 -156
-9999 -9999 -9999 -9999 -9999 -9999 -9999 -9999 -9999 -9999 -9999 -9999 -9999 -9999 -9999 -9999 -9999 -9999 -9999 -9999 -9999 -9999 -9999 -9999 -9999 -35 100 70 -28 10 396 153 -194 -111 132 -9999 -9999 -9999 -9999 -9999 -9999 -9999 -9999 -9999 142 88 -172 214 371 117 108 160 -9999 -9999 -9999 -9999 699 724 747 562 168 -144 -38 149 69 67 -154 -338 -361 -252 -227 98 140 -161 -418 -469 -300 -177 -265 -209
-9999 -9999 -9999 -9999 -9999 -9999 -9999 -9999 -9999 -9999 -9999 -9999 -9999 -9999 -9999 -9999 -9999 -9999 -9999 -9999 -9999 -9999 -9999 -9999 -112 -272 -103 -96 -20 243 365 28 -33 75 118 193 -9999 -9999 -9999 -9999 -9999 -9999 -9999 -94 -162 83 191 467 415 -67 -234 349 596 -9999 -9999 -9999 446 756 873 705 367 268 335 360 52 -308 -207 -342 -479 -215 -236 -211 -162 -236 -257 -428 -442 -181 -18 15
-9999 -9999 -9999 -9999 -9999 -9999 -9999 -9999 -9999 -9999 -9999 -9999 -9999 -9999 -9999 -9999 -9999 -9999 -9999 -9999 -9999 -9999 -9999 -9999 -24 -269 -226 -91 150 550 553 114 39 -62 -143 16 -9999 -9999 -9999 -9999 -9999 -9999 -165 -175 -114 83 166 101 160 126 -190 252 547 -9999 -9999 -9999 -9999 483 862 946 625 -9999 -9999 -9999 -15 -220 -187 -206 -389 -369 -311 -312 -372 -137 -29 -222 -258 -19 223 138
-9999 -9999 -9999 -9999 -9999 -9999 -9999 -9999 -9999 -9999 -9999 -9999 -9999 -9999 -9999 -9999 -9999 -9999 -9999 -9999 -9999 -9999 -9999 -9999 -9999 -9999 -95 -146 79 388 485 170 -79 -260 -200 97 106 -9999 -9999 -9999 -9999 34 -82 82 140 216 205 14 209 425 58 67 426 373 -9999 -9999 -9999 -9999 714 906 614 -9999 -9999 -9999 332 102 -196 -208 -163 -137 -238 -257 -278 -20 103 -15 -31 4 66 103
-9999 -9999 -9999 -9999 -9999 -9999 -9999 -9999 -9999 -9999 -9999 -9999 -9999 -9999 -9999 -9999 -9999 -9999 -9999 -9999 -9999 -9999 -9999 -9999 -9999 -9999 131 -51 57 198 302 306 116 27 66 309 277 -10 66 -9999 -9999 -9999 -9999 236 58 -130 -100 60 244 -7 -130 61 274 412 385 -9999 -9999 -9999 -9999 467 533 914 -9999 -9999 194 45 -364 -424 -156 -63 -335 -423 -207 41 32 -12 2 50 122 233
-9999 -9999 -9999 -9999 -9999 -9999 -9999 -9999 -9999 -9999 -9999 -9999 -9999 -9999 -9999 -9999 -9999 -9999 -9999 -9999 -9999 -9999 -9999 -9999 -9999 -9999 -9999 117 65 46 108 388 341 63 110 296 179 -83 57 -70 -37 -9999 -9999 -9999 3 -72 -27 -31 221 220 1 133 225 405 411 -9999 -9999 -9999 -9999 -9999 465 933 942 449 38 42 -208 -388 -175 -17 -237 -117 -3 -41 -42 -132 88 187 -9999 -9999
-9999 -9999 -9999 -9999 -9999 -9999 -9999 -9999 -9999 -9999 -9999 -9999 -9999 -9999 -9999 -9999 -9999 -9999 -9999 -9999 -9999 -9999 -9999 -9999 -9999 -9999 -9999 -9999 -126 -222 8 212 359 252 243 207 162 169 209 -109 24 -9999 -9999 -9999 84 327 414 160 118 279 39 242 357 282 215 289 240 -9999 -9999 -9999 -9999 411 631 893 801 535 235 -12 -56 -31 -241 -248 -146 -37 136 -71 93 -9999 -9999 -9999
-9999 -9999 -9999 -9999 -9999 -9999 -9999 -9999 -9999 -9999 -9999 -9999 -9999 -9999 -9999 -9999 -9999 -9999 -9999 -9999 -9999 -9999 -9999 -9999 -9999 -9999 -9999 -9999 -82 -101 66 111 236 473 386 92 14 92 155 -11 -89 -9999 -9999 111 -97 100 258 -9 -11 169 79 64 204 144 25 66 8 139 -9999 -9999 -9999 -9999 -9999 640 1010 915 702 651 516 190 -64 -130 -166 94 189 -117 -35 -60 -128 157
-9999 -9999 -9999 -9999 -9999 -9999 -9999 -9999 -9999 -9999 -9999 -9999 -9999 -9999 -9999 -9999 -9999 -9999 -9999 -9999 -9999 -9999 -9999 -9999 -9999 -9999 -9999 -9999 -9999 197 247 135 135 378 262 -9999 -9999 -9999 10 117 -81 40 -9999 55 -137 -87 18 -114 84 -9999 -9999 122 96 74 62 4 -88 175 334 -9999 -9999 -9999 -9999 -9999 -9999 817 995 986 803 419 398 452 98 171 160 -40 93 -9999 165 352
-9999 -9999 -9999 -9999 -9999 -9999 -9999 -9999 -9999 -9999 -9999 -9999 -9999 -9999 -9999 -9999 -9999 -9999 -9999 -9999 -9999 -9999 -9999 -9999 -9999 -9999 -9999 -9999 -9999 -9999 216 240 237 224 -1 -9999 94 -78 -50 220 163 -1 26 185 29 -88 -62 -101 117 213 -9999 172 117 -1 36 -3 -7 185 220 342 -9999 -9999 -9999 -9999 -9999 -9999 382 749 831 708 689 678 399 -9999 -9999 247 262 303 -9999 506
-9999 -9999 -9999 -9999 -9999 -9999 -9999 -9999 -9999 -9999 -9999 -9999 -9999 -9999 -9999 -9999 -9999 -9999 -9999 -9999 -9999 -9999 -9999 -9999 -9999 -9999 -9999 54 87 105 -9999 -9999 328 95 -93 63 208 90 -18 345 443 130 8 121 71 -17 -66 -130 92 119 50 104 265 258 -9999 166 131 163 41 197 296 154 34 -9999 -9999 -9999 -9999 -9999 670 922 1050 795 463 301 519 544 267 164 -9999 -9999
-9999 -9999 -9999 -9999 -9999 -9999 -9999 -9999 -9999 -9999 -9999 -9999 -9999 -9999 -9999 -9999 -9999 -9999 -9999 -9999 -9999 -9999 -9999 -9999 -9999 -9999 -9999 128 13 1 70 -9999 -9999 150 -47 -47 120 229 140 363 397 163 -4 -20 -65 6 -20 -17 194 129 -40 66 241 -9999 -9999 205 142 -69 -266 -42 -7 43 123 -9999 -9999 -9999 -9999 -9999 -9999 609 1082 -9999 205 -1 109 24 -2 110 269 332
-9999 -9999 -9999 -9999 -9999 -9999 -9999 -9999 -9999 -9999 -9999 -9999 -9999 -9999 -9999 -9999 -9999 -9999 -9999 -9999 -9999 -9999 -9999 -9999 -9999 -9999 223 300 216 238 -9999 -9999 -9999 149 -103 -219 5 209 262 344 283 102 19 -21 -109 111 159 157 236 178 29 44 67 298 263 -37 -95 -200 -193 32 -82 5 182 237 -9999 -9999 -9999 -9999 -9999 -9999 -9999 -9999 -9999 289 -61 -223 158 278 295 320
-9999 -9999 -9999 -9999 -9999 -9999 -9999 -9999 -9999 -9999 -9999 -9999 -9999 -9999 -9999 -9999 -9999 -9999 -9999 -9999 -9999 -9999 -9999 -9999 -9999 -9999 66 246 445 425 246 -9999 -9999 224 196 -29 7 -48 231 336 90 16 1 -120 -229 120 234 115 26 25 75 101 6 51 114 -8 -22 32 47 81 -10 112 123 147 361 404 -9999 -9999 -9999 -9999 -9999 638 795 468 244 219 -9999 184 259 425
250 -9999 -9999 -9999 -9999 -9999 -9999 -9999 -9999 -9999 -9999 -9999 -9999 -9999 -9999 -9999 -9999 -9999 -9999 -9999 -9999 -9999 -9999 -9999 -9999 -9999 151 391 664 517 358 -9999 -9999 -9999 -9999 150 -178 33 179 171 -10 73 137 -34 -225 23 165 161 67 101 176 250 -9999 40 -1 59 185 154 64 257 409 314 140 338 520 214 357 -9999 -9999 -9999 -9999 -9999 525 564 484 496 -9999 5 267 307
211 -9999 -9999 -9999 -9999 -9999 -9999 -9999 -9999 -9999 -9999 -9999 -9999 -9999 -9999 -9999 -9999 -9999 -9999 -9999 -9999 -9999 -9999 -9999 -9999 -9999 407 517 764 -9999 -9999 -9999 -9999 -9999 -9999 -9999 -161 71 -46 12 166 190 141 90 -103 -32 -18 -18 129 234 236 -9999 124 90 -10 -5 73 104 81 557 705 386 232 532 484 -71 187 607 -9999 -9999 -9999 -9999 -9999 763 748 722 428 109 397 292
183 -1 -9999 -9999 -9999 -9999 -9999 -9999 -9999 -9999 -9999 -9999 -9999 -9999 -9999 -9999 -9999 -9999 -9999 -9999 -9999 -9999 -9999 -9999 -9999 -9999 463 594 689 583 56 -9999 -9999 -9999 439 -9999 -9999 69 -23 -6 209 18 -47 103 -7 -124 -226 -121 57 -9999 -9999 -9999 182 160 142 268 227 4 28 495 573 196 71 352 374 135 61 361 511 -9999 -9999 -9999 -9999 -9999 477 602 544 590 819 784
-9999 -9999 -9999 -9999 -9999 -9999 -9999 -9999 -9999 -9999 -9999 -9999 -9999 -9999 -9999 -9999 -9999 -9999 -9999 -9999 -9999 -9999 -9999 -9999 427 294 -9999 -9999 515 823 455 -9999 -9999 -9999 504 544 -9999 390 -224 -149 188 -73 -177 -37 -129 -131 -130 -6 -171 -250 -9999 134 159 96 56 229 259 -149 -146 226 244 25 18 259 336 281 -78 108 440 470 202 -9999 -9999 -9999 -9999 142 189 425 738 970
-9999 -9999 -9999 -9999 -9999 -9999 -9999 -9999 -9999 -9999 -9999 -9999 -9999 -9999 -9999 -9999 -9999 -9999 -9999 -9999 -9999 -9999 -9999 -9999 379 457 -9999 610 593 802 462 -23 282 398 199 217 -9999 634 54 -51 300 193 -12 -205 -195 9 119 257 74 -117 -63 0 68 104 87 227 196 -318 -150 233 175 331 295 329 385 554 174 10 239 257 58 63 -9999 -9999 -9999 -9999 -9999 -9999 252 559
-9999 -9999 -9999 -9999 -9999 -9999 -9999 -9999 -9999 -9999 -9999 -9999 -9999 -9999 -9999 -9999 -9999 -9999 -9999 -9999 -9999 -9999 -9999 -9999 -9999 450 338 665 813 423 184 298 303 154 216 336 -9999 706 415 135 139 60 -129 -257 -27 78 96 147 154 102 36 -29 65 158 162 278 230 -23 -42 54 255 641 348 -26 226 -9999 -9999 -203 -173 46 -140 65 183 -9999 -9999 -9999 -9999 -9999 -9999 5
-9999 -9999 -9999 -9999 -9999 -9999 -9999 -9999 -9999 -9999 169 -9999 -9999 -9999 -9999 -9999 -9999 -9999 -9999 -9999 -9999 -9999 -9999 -9999 -9999 261 411 613 601 345 -9999 -9999 819 328 313 380 -9999 288 393 363 226 11 -159 -81 108 35 -165 -193 -87 -15 -42 2 -9999 -9999 181 185 105 203 280 82 111 327 200 -87 310 -9999 560 -248 -165 269 -161 -7 341 368 290 142 -9999 -9999 -9999 -9999
-9999 -9999 -9999 -9999 -9999 -9999 -9999 -9999 -9999 -9999 -9999 -9999 -9999 -9999 -9999 -9999 -9999 -9999 -9999 -9999 -9999 -9999 -9999 -9999 331 9 207 717 724 -9999 -9999 -9999 -9999 387 206 236 166 241 397 434 205 90 187 247 65 -74 -192 -114 187 191 180 -9999 -9999 -9999 331 -9999 115 308 708 572 378 230 266 278 -9999 844 551 124 124 459 -17 -267 133 195 115 175 23 -135 -45 -9999
-9999 -9999 -9999 -9999 -9999 -9999 -9999 -9999 -9999 -9999 -9999 -9999 -9999 -9999 -9999 -9999 -9999 -9999 -9999 -9999 -9999 -9999 -9999 -9999 -9999 295 553 986 -9999 -9999 -9999 -9999 -9999 -9999 -9999 299 191 24 275 435 -19 -57 243 212 -107 -13 1 -79 170 238 295 404 426 -9999 -9999 -9999 213 46 84 237 318 198 289 460 411 345 462 415 130 369 258 -207 32 302 224 196 192 149 391 535
-9999 -9999 -9999 -9999 -9999 -9999 -9999 -9999 -9999 -9999 -9999 -9999 -9999 -9999 -9999 -9999 -9999 -9999 -9999 -9999 -9999 -9999 -9999 -9999 -9999 655 858 797 -9999 -9999 -9999 -9999 -9999 -9999 -9999 116 250 151 372 559 162 -9999 222 88 -87 116 195 23 8 2 -9999 343 455 -9999 -9999 101 181 184 75 136 215 89 274 513 271 58 318 440 314 674 484 13 -7 370 601 373 -37 -29 276 -9999
-9999 -9999 -9999 -9999 -9999 -9999 -9999 -9999 -9999 -9999 -9999 -9999 -9999 -9999 -9999 -9999 -9999 -9999 -9999 -9999 -9999 -9999 -9999 318 437 658 653 508 473 -9999 -9999 -9999 -9999 -9999 -9999 203 555 -9999 382 316 -9999 -9999 -9999 154 -66 -64 64 75 -83 -152 -9999 221 426 -9999 -9999 203 340 460 284 182 359 463 502 479 304 138 228 453 361 421 286 -30 -56 166 501 386 -18 218 550 -9999
-9999 -9999 -9999 -9999 -9999 -9999 -9999 -9999 -9999 -9999 -9999 -9999 -9999 -9999 -9999 -9999 -9999 -9999 -9999 -9999 -9999 -9999 407 417 421 444 532 674 818 721 -9999 -9999 -9999 274 -9999 -9999 -9999 -9999 -9999 127 -9999 -9999 177 444 306 -105 -137 101 75 -4 16 146 324 -9999 241 289 373 314 65 -97 134 447 395 302 279 197 65 231 144 -39 131 101 -52 39 223 462 420 462 647 -9999
-9999 -9999 -9999 -9999 -9999 -9999 -9999 -9999 -9999 -9999 -9999 -9999 -9999 -9999 -9999 -9999 -9999 -9999 -9999 -9999 400 392 427 324 526 613 480 593 867 500 104 -9999 -9999 98 162 -9999 -9999 -9999 -9999 135 51 -9999 -9999 -9999 -9999 -20 -97 212 197 188 130 157 238 87 -51 141 26 55 7 -63 106 258 208 212 339 370 48 -140 166 99 -6 41 32 239 275 267 528 358 -9999 -9999
-9999 -9999 -9999 -9999 -9999 -9999 -9999 -9999 -9999 -9999 -9999 -9999 -9999 -9999 -9999 -9999 -9999 -9999 -9999 -9999 243 329 557 550 413 419 257 221 391 138 219 449 145 152 279 -9999 -9999 -9999 251 258 195 -9999 -9999 -9999 -9999 59 252 212 29 174 58 -153 -192 -54 -50 -89 -299 -29 215 207 311 414 255 125 181 326 93 -368 -310 97 189 140 141 147 107 344 734 -9999 -9999 -9999
-9999 -9999 -9999 -9999 -9999 -9999 -9999 -9999 -9999 -9999 -9999 -9999 -9999 -9999 -9999 -9999 -9999 -9999 -9999 -9999 93 86 51 229 272 364 388 482 -9999 -9999 -9999 -9999 490 228 149 -9999 -9999 -9999 491 240 202 -9999 -9999 -9999 463 375 305 -34 -137 -34 -158 -267 -139 243 261 -24 -167 72 245 298 348 447 386 51 -118 -13 9 -250 -387 28 274 353 400 395 293 451 -9999 -9999 -9999 -100
-9999 -9999 -9999 -9999 -9999 -9999 -9999 -9999 -9999 -9999 -9999 -9999 -9999 -9999 -9999 -9999 -9999 -9999 -9999 -9999 -9999 -9999 145 113 392 500 539 640 -9999 -9999 -9999 -9999 -9999 -9999 -9999 -9999 -9999 -9999 -9999 305 495 657 414 134 435 509 161 -66 -13 -8 -102 24 226 434 442 146 -4 96 108 297 331 231 260 3 -149 17 39 10 -46 -45 64 235 242 315 371 -9999 -9999 -9999 73 86
-9999 -9999 -9999 -9999 -9999 -9999 -9999 -9999 -9999 -9999 -9999 -9999 -9999 -9999 -9999 -9999 -9999 -9999 -9999 -9999 -9999 -9999 424 110 194 586 614 561 -9999 -9999 -9999 -9999 -9999 -9999 -9999 -9999 -9999 -9999 223 707 949 -9999 545 287 295 456 123 57 93 33 102 205 108 61 33 -28 75 180 196 144 189 28 -58 -73 -159 -86 -16 145 320 136 -138 33 6 22 476 -9999 -9999 -9999 -9999 269
-9999 -9999 -9999 -9999 -9999 -9999 -9999 -9999 -9999 -9999 -9999 -9999 -9999 -9999 -9999 -9999 -9999 -9999 -9999 -9999 -9999 -9999 380 155 186 512 530 390 -9999 -9999 -9999 -9999 -9999 -9999 -9999 -9999 -9999 727 478 833 -9999 -9999 -9999 544 125 225 231 326 233 85 264 469 265 94 -55 -39 213 106 48 201 264 144 80 376 150 -116 -141 -39 120 104 -28 145 295 106 -9999 -9999 -9999 -9999 -9999 371
