test/net/g2lab/icchange/view/profile/olddata/rastert_delta053.txt
ncols         452
nrows         411
xllcorner     527595,50307841
yllcorner     5934256,8476051
cellsize      5
NODATA_value  -9999
[rows 222 to 258 of 411, columns 246 to 327 of 452]
-1715 -1404 -1144 -1009 -1168 -1286 -1317 -1178 -757 -459 -64 -93 -549 -669 -761 -789 -819 -867 -757 -780 -973 -843 -691 -633 -600 -732 -599 -599 -821 -814 -691 -592 -331 -1 -59 -331 -465 -417 -417 -442 -334 -408 -373 -716 -1293 -1494 -1285 -1068 -1168 -1302 -1442 -1711 -1930 -1974 -1929 -1658 -1217 -1002 -1023 -1175 -1055 -423 -372 -809 -1385 -1626 -1485 -1387 -1370 -1291 -1376 -1337 -1032 -648 -411 -423 -406 -275 -138 -153 -307 -294
-1572 -1342 -1202 -1165 -987 -985 -1228 -1159 -812 -600 -363 -6 -231 -635 -793 -734 -657 -806 -749 -782 -818 -696 -672 -686 -757 -752 -487 -531 -727 -845 -474 -162 -146 -29 -224 -495 -728 -726 -574 -582 -481 -419 -480 -697 -1136 -1307 -1140 -983 -1169 -1452 -1677 -2071 -2202 -2055 -1978 -1664 -1414 -1363 -1083 -788 -585 -221 -424 -912 -1138 -1109 -1006 -1031 -882 -906 -1136 -1182 -947 -728 -741 -766 -773 -645 -487 -533 -594 -464
-1605 -1443 -1348 -1226 -892 -897 -1118 -1053 -624 -427 -718 -280 -279 -539 -538 -577 -741 -905 -809 -786 -802 -735 -684 -580 -477 -397 -280 -484 -558 -506 -146 -13 -150 -356 -462 -460 -524 -601 -454 -368 -370 -521 -740 -810 -831 -897 -993 -1026 -1412 -1643 -1426 -1678 -1879 -1895 -1953 -1886 -1700 -1499 -1206 -1028 -969 -730 -982 -1459 -1343 -1186 -1059 -869 -774 -791 -824 -719 -660 -802 -1049 -1342 -1440 -1245 -1015 -947 -925 -960
-1778 -1612 -1485 -1452 -1382 -1199 -1046 -1114 -976 -712 -777 -512 -584 -586 -451 -605 -833 -962 -786 -675 -857 -997 -898 -613 -383 -441 -613 -595 -307 53 86 -309 -586 -663 -495 -267 -275 -362 -354 -453 -605 -725 -758 -667 -752 -879 -1060 -1249 -1478 -1541 -1283 -1297 -1430 -1636 -1779 -2008 -1820 -1468 -1392 -1645 -1952 -1723 -1609 -1824 -1659 -1651 -1314 -723 -580 -690 -612 -424 -519 -913 -1467 -1814 -1832 -1612 -1467 -1524 -1485 -1490
-1697 -1667 -1703 -1814 -1601 -1204 -1061 -1051 -1163 -572 -246 -338 -403 -524 -718 -981 -954 -1001 -823 -660 -850 -961 -885 -727 -632 -750 -604 -256 -54 132 -148 -632 -802 -586 -286 -189 -220 -284 -528 -804 -997 -1008 -600 -443 -747 -846 -1145 -1331 -1205 -1386 -1414 -1289 -1436 -1647 -1719 -1815 -1710 -1279 -1329 -1766 -2102 -2112 -1844 -1616 -1585 -1552 -1361 -749 -533 -730 -723 -526 -580 -1017 -1664 -1927 -1798 -1832 -2020 -2120 -1873 -1534
-1492 -1610 -1714 -1713 -1372 -1132 -1248 -1209 -1040 -610 -439 -621 -673 -835 -943 -1358 -1401 -1068 -845 -753 -868 -927 -881 -760 -806 -643 -367 -213 -237 -134 -507 -603 -554 -533 -221 -227 -188 -235 -609 -750 -912 -1005 -564 -653 -1058 -980 -1135 -1188 -1209 -1405 -1457 -1560 -1791 -1944 -2003 -1961 -1590 -1206 -1234 -1780 -2152 -1985 -1515 -1062 -1091 -1114 -1165 -890 -699 -895 -1058 -1196 -1234 -1386 -1756 -1990 -1911 -1943 -2108 -2127 -1781 -1429
-1334 -1320 -1408 -1431 -1379 -1291 -1410 -1252 -858 -473 -444 -666 -1004 -1132 -989 -1273 -1232 -744 -762 -817 -821 -795 -816 -833 -603 -248 -119 -235 -455 -435 -766 -650 -359 -340 -119 -135 -117 -180 -425 -362 -577 -754 -573 -1033 -1381 -1152 -1143 -955 -976 -1267 -1484 -1748 -1923 -1978 -2025 -1967 -1629 -1391 -1393 -1686 -1871 -1575 -1235 -691 -524 -739 -1083 -1034 -940 -1173 -1514 -1898 -1941 -1718 -1743 -1885 -1926 -1897 -1848 -1657 -1667 -1697
-1317 -1247 -1355 -1396 -1373 -1364 -1247 -873 -374 -261 -450 -578 -938 -1128 -936 -904 -711 -615 -637 -662 -587 -578 -736 -700 -515 -177 -58 -230 -674 -810 -1051 -696 -364 -134 -96 -290 -161 -89 -159 -253 -551 -569 -681 -1337 -1499 -1369 -1202 -762 -878 -1399 -1699 -1754 -1840 -1849 -1803 -1831 -1779 -1828 -1698 -1565 -1567 -1546 -1340 -956 -763 -876 -1075 -1015 -1250 -1472 -1754 -1993 -2019 -1930 -1849 -1860 -1910 -1991 -1950 -1734 -1805 -1879
-1411 -1591 -1572 -1280 -1231 -1366 -1197 -883 -506 -337 -536 -653 -844 -717 -751 -913 -704 -798 -827 -667 -518 -734 -775 -497 -288 -145 -224 -414 -774 -953 -863 -614 -496 -238 -238 -399 -236 -103 -120 -241 -450 -459 -805 -1447 -1487 -1566 -1376 -1047 -1375 -1788 -1967 -1731 -1628 -1629 -1606 -1734 -1859 -2025 -1768 -1467 -1535 -1650 -1575 -1312 -1256 -906 -563 -625 -1009 -1391 -1750 -1927 -1803 -1724 -1755 -1842 -1821 -1834 -1942 -1988 -2104 -1821
-1154 -1430 -1464 -1360 -1239 -1494 -1428 -1094 -853 -619 -648 -834 -953 -715 -949 -1093 -591 -819 -1016 -789 -545 -855 -735 -208 -19 0 -408 -651 -792 -732 -445 -394 -274 -211 -354 -411 -317 -104 -103 -205 -438 -678 -924 -1382 -1524 -1617 -1583 -1583 -1935 -1948 -1823 -1664 -1651 -1618 -1484 -1554 -1751 -1900 -1681 -1423 -1453 -1586 -1517 -1320 -1116 -474 97 115 -415 -1229 -1759 -1868 -1732 -1674 -1700 -1804 -1854 -1888 -2187 -2378 -2354 -2084
-798 -905 -1192 -1477 -1282 -1382 -1472 -1214 -1145 -1209 -1240 -1379 -1272 -957 -1088 -819 -219 -459 -726 -561 -414 -786 -562 -157 -45 105 -346 -724 -557 -479 -400 -440 -366 -149 -217 -406 -338 -282 -271 -194 -581 -1090 -1147 -1427 -1533 -1469 -1583 -1587 -1709 -1715 -1536 -1629 -1967 -2080 -1812 -1637 -1643 -1712 -1583 -1344 -1316 -1350 -1348 -1336 -982 -373 65 211 -396 -1297 -1620 -1821 -1879 -1853 -1811 -1868 -1982 -2119 -2452 -2556 -2228 -1925
-659 -588 -906 -1154 -998 -1181 -1439 -1460 -1383 -1382 -1436 -1523 -1141 -827 -1001 -772 -320 -271 -416 -293 -299 -541 -328 -269 -179 184 -75 -442 -185 -289 -334 -315 -291 10 -77 -537 -630 -556 -435 -313 -667 -1114 -1235 -1427 -1400 -1311 -1448 -1440 -1362 -1427 -1366 -1359 -1642 -1868 -1758 -1819 -1749 -1592 -1612 -1492 -1315 -1265 -1516 -1603 -1328 -839 -604 -414 -812 -1563 -1732 -1828 -1964 -1933 -1803 -1784 -1973 -2187 -2380 -2323 -1938 -1914
-596 -479 -469 -793 -856 -1062 -1505 -1542 -1364 -1279 -1260 -1310 -1119 -1022 -1088 -1004 -825 -691 -657 -583 -463 -288 -70 -67 -219 -7 132 -120 -17 -112 -300 -202 -93 -65 -325 -751 -748 -609 -496 -607 -869 -1117 -1266 -1319 -1264 -1204 -1299 -1402 -1170 -1128 -1197 -1191 -1351 -1454 -1456 -1760 -1858 -1754 -1868 -1725 -1359 -1187 -1432 -1630 -1611 -1170 -879 -931 -1352 -1762 -1782 -1678 -1750 -1651 -1547 -1644 -1895 -2235 -2451 -2333 -1982 -2029
-770 -509 -278 -664 -785 -879 -1340 -1445 -1374 -1346 -1214 -1043 -1020 -1169 -1102 -891 -966 -926 -758 -587 -322 -114 74 141 -171 -193 35 -202 -54 44 -220 -306 -123 -198 -419 -766 -709 -685 -615 -842 -1200 -1283 -1404 -1461 -1456 -1423 -1406 -1354 -924 -898 -1124 -1183 -1347 -1405 -1572 -1815 -1786 -1957 -2018 -1614 -1195 -1271 -1431 -1507 -1585 -1307 -1147 -1532 -1834 -1637 -1352 -1322 -1428 -1263 -1322 -1689 -2030 -2355 -2406 -2230 -1855 -1933
-965 -830 -653 -688 -560 -653 -1038 -1299 -1395 -1326 -1062 -857 -929 -967 -871 -893 -953 -895 -481 -37 8 -19 17 96 -43 -306 -250 -105 69 88 -168 -488 -455 -296 -395 -764 -883 -1044 -927 -1069 -1377 -1423 -1442 -1503 -1576 -1592 -1459 -1224 -964 -1154 -1352 -1248 -1181 -1102 -1385 -1695 -1738 -2017 -2016 -1606 -1435 -1673 -1751 -1537 -1565 -1749 -1839 -1907 -1980 -1689 -1184 -1129 -1335 -1160 -1050 -1384 -1751 -1913 -1966 -1811 -1648 -1784
-994 -982 -831 -570 -509 -821 -1131 -1264 -1329 -1163 -932 -928 -747 -562 -518 -650 -788 -732 -427 -119 -80 -140 -185 -103 -19 -259 -322 -61 28 -266 -493 -538 -446 -336 -521 -733 -864 -933 -857 -1169 -1392 -1498 -1482 -1482 -1449 -1394 -1258 -1238 -1371 -1534 -1637 -1365 -1026 -984 -1204 -1594 -1836 -1918 -1871 -1810 -1766 -1715 -1855 -1604 -1727 -2169 -2147 -1878 -1946 -1731 -1107 -1237 -1583 -1462 -1104 -885 -1141 -1319 -1540 -1499 -1391 -1620
-941 -848 -719 -595 -874 -1222 -1198 -1146 -1204 -1141 -1115 -1223 -997 -638 -422 -441 -599 -482 -253 -181 -152 -157 -155 -241 -364 -541 -708 -381 -162 -508 -550 -343 -337 -498 -852 -897 -741 -489 -507 -851 -753 -999 -1277 -1392 -1487 -1423 -1314 -1415 -1505 -1564 -1593 -1337 -1157 -1214 -1242 -1450 -1579 -1563 -1528 -1710 -1642 -1402 -1745 -1754 -1931 -2031 -1662 -1357 -1588 -1594 -1237 -1579 -1739 -1539 -1225 -842 -1082 -1564 -1401 -1352 -1451 -1675
-837 -829 -837 -868 -1195 -1339 -1136 -1120 -1260 -1297 -1186 -1193 -1044 -711 -520 -522 -611 -349 -72 -49 7 -12 -185 -702 -960 -1140 -1218 -842 -506 -606 -412 -374 -473 -669 -950 -928 -755 -580 -566 -598 -225 -454 -926 -1139 -1386 -1358 -1206 -1242 -1304 -1494 -1642 -1570 -1565 -1347 -1121 -1147 -1158 -1143 -1135 -1168 -1241 -1209 -1555 -1832 -1960 -1795 -1427 -1256 -1368 -1620 -1646 -1896 -1996 -1880 -1697 -1586 -1558 -1800 -1679 -1669 -1717 -1660
-616 -770 -892 -956 -1123 -1087 -1107 -1249 -1457 -1389 -1029 -952 -873 -554 -393 -549 -670 -217 53 -88 -20 -31 -539 -1176 -1094 -1128 -1270 -1147 -769 -409 -328 -614 -706 -712 -877 -848 -969 -968 -969 -743 -448 -415 -693 -1065 -1235 -1260 -858 -701 -868 -1363 -1755 -1768 -1745 -1437 -1014 -950 -729 -910 -1005 -787 -938 -1106 -1408 -1838 -1953 -1715 -1419 -1422 -1567 -1855 -1576 -1646 -2168 -2418 -2272 -1995 -1599 -1954 -2156 -1944 -1811 -1599
-394 -624 -834 -1003 -1155 -1109 -1246 -1310 -1427 -1390 -1085 -853 -688 -341 -293 -770 -766 -217 -39 -22 56 -24 -681 -1053 -684 -713 -907 -1080 -784 -405 -346 -619 -681 -675 -904 -604 -567 -936 -1159 -1048 -949 -1064 -1066 -1182 -1268 -1432 -1099 -832 -1097 -1404 -1650 -1480 -1327 -1307 -972 -707 -419 -698 -827 -540 -763 -1038 -1556 -1901 -1963 -1818 -1606 -1707 -1913 -1835 -1541 -1463 -1916 -2015 -1803 -1549 -1482 -1805 -1876 -1580 -1654 -1942
-501 -757 -777 -834 -1121 -1271 -1312 -1322 -1274 -1050 -945 -754 -561 -435 -344 -792 -668 -138 -132 28 11 -253 -792 -946 -509 -481 -598 -745 -571 -401 -319 -469 -605 -653 -778 -467 -245 -511 -864 -981 -1006 -1078 -1123 -1243 -1226 -1339 -1413 -1461 -1505 -1468 -1537 -1393 -1275 -1344 -842 -386 -400 -804 -802 -706 -806 -1084 -1713 -1872 -1861 -1964 -2204 -2148 -1959 -1829 -1949 -1776 -1714 -1534 -1140 -1015 -1096 -1016 -1115 -1242 -1548 -1894
-708 -718 -641 -682 -1091 -1194 -1220 -1203 -1055 -626 -431 -443 -412 -551 -424 -460 -153 179 111 72 -215 -566 -875 -983 -716 -630 -604 -747 -635 -468 -442 -637 -793 -749 -548 -496 -386 -152 -274 -505 -701 -557 -702 -1200 -1145 -1118 -1421 -1540 -1525 -1471 -1579 -1563 -1587 -1474 -981 -797 -1045 -1180 -1017 -1105 -1149 -1156 -1489 -1733 -1738 -2009 -2323 -2031 -1916 -2035 -2092 -1885 -1766 -1635 -1377 -1009 -1066 -1146 -1156 -1329 -1490 -1450
-730 -732 -596 -710 -1233 -1403 -1051 -1035 -1017 -693 -369 -362 -276 -519 -500 -201 -58 198 183 -102 -419 -747 -979 -1189 -946 -616 -549 -679 -671 -604 -765 -905 -963 -668 -209 -366 -485 -147 -38 -335 -615 -470 -512 -849 -706 -689 -958 -1151 -1371 -1362 -1410 -1484 -1520 -1546 -1477 -1399 -1493 -1506 -1265 -1460 -1642 -1304 -1216 -1662 -1740 -1609 -1810 -1852 -1920 -2063 -2139 -2024 -1965 -1885 -1673 -1424 -1663 -1791 -1628 -1529 -1685 -1532
-717 -844 -672 -928 -1230 -1130 -728 -956 -1175 -644 -377 -439 -243 -371 -398 -171 -180 0 -137 -661 -836 -949 -1045 -1171 -973 -523 -279 -322 -507 -651 -818 -849 -703 -297 -38 -362 -606 -514 -409 -495 -528 -306 -360 -417 -260 -404 -512 -587 -796 -853 -968 -1196 -1254 -1537 -1559 -1238 -1464 -1618 -1462 -1592 -1818 -1587 -1422 -1536 -1420 -1335 -1476 -1735 -1923 -1910 -2032 -1988 -1832 -1688 -1615 -1648 -1893 -1787 -1641 -1753 -1874 -1935
-722 -940 -950 -842 -873 -762 -766 -791 -888 -522 -369 -491 -365 -149 -157 -103 -112 -92 -392 -810 -939 -1055 -883 -666 -493 -306 -137 -164 -578 -827 -841 -642 -307 -55 -172 -560 -744 -807 -734 -579 -371 -258 -507 -314 -194 -510 -413 -214 -261 -457 -603 -725 -788 -977 -947 -896 -1260 -1316 -1197 -1421 -1624 -1574 -1538 -1407 -1342 -1696 -1680 -1677 -1720 -1584 -1841 -1898 -1696 -1584 -1650 -1611 -1647 -1756 -1806 -1859 -1843 -1985
-913 -980 -929 -728 -948 -881 -742 -708 -466 -332 -519 -621 -483 -47 -91 -86 31 -336 -636 -666 -769 -983 -778 -371 -202 -299 -485 -539 -680 -836 -890 -641 -339 -66 -140 -550 -751 -738 -715 -567 -412 -416 -692 -474 -417 -646 -449 -232 -280 -443 -410 -371 -348 -331 -404 -464 -614 -627 -750 -1049 -1211 -1242 -1227 -1309 -1360 -1413 -1331 -1333 -1366 -1356 -1580 -1748 -1643 -1562 -1703 -1456 -1490 -1896 -1894 -1738 -1613 -1654
-858 -1039 -977 -836 -809 -1089 -934 -796 -377 -316 -757 -615 -291 -11 -85 -260 -158 -549 -811 -677 -807 -819 -490 -280 -265 -461 -684 -721 -692 -829 -895 -568 -131 69 -25 -452 -893 -1033 -738 -450 -447 -360 -468 -554 -437 -400 -329 -300 -355 -474 -392 -317 -297 -314 -323 -296 -296 -315 -489 -575 -662 -758 -759 -982 -1056 -838 -742 -960 -1126 -1162 -1269 -1479 -1345 -1226 -1447 -1450 -1595 -1843 -1744 -1652 -1465 -1370
-792 -952 -845 -819 -845 -1049 -841 -648 -395 -340 -753 -523 -121 -10 -31 -400 -314 -534 -843 -761 -870 -573 -216 -301 -403 -669 -809 -738 -731 -818 -756 -381 -33 48 -79 -425 -846 -977 -576 -219 -291 -253 -246 -365 -218 -118 -236 -366 -268 -305 -438 -507 -422 -387 -387 -447 -537 -549 -636 -548 -502 -617 -497 -548 -816 -685 -532 -729 -675 -645 -737 -929 -911 -800 -949 -1294 -1452 -1562 -1532 -1475 -1406 -1265
-841 -952 -1014 -951 -869 -822 -806 -456 -167 -231 -452 -237 151 124 166 -119 -329 -504 -709 -678 -728 -418 -219 -431 -641 -747 -788 -755 -729 -850 -633 -250 -185 -13 -52 -334 -564 -595 -447 -212 -217 -250 -174 -240 -269 -145 -259 -297 -71 -114 -502 -651 -278 -237 -362 -512 -721 -861 -852 -729 -716 -684 -506 -597 -1035 -981 -587 -405 -388 -415 -416 -459 -430 -629 -590 -755 -1110 -1255 -1114 -989 -1063 -1110
-1016 -1036 -1033 -896 -755 -721 -748 -412 -104 83 48 -24 178 221 245 -86 -438 -552 -579 -424 -292 -274 -279 -550 -737 -584 -605 -681 -644 -751 -530 -229 -328 -140 -133 -335 -443 -412 -336 -292 -398 -453 -387 -425 -324 -162 -240 -257 -83 -50 -459 -485 -29 -255 -517 -680 -876 -943 -781 -687 -857 -887 -783 -904 -1165 -1015 -710 -598 -726 -762 -606 -404 -299 -434 -392 -437 -707 -764 -598 -404 -502 -627
-971 -944 -883 -775 -516 -394 -607 -528 -279 73 319 73 -50 -53 -40 -252 -493 -618 -667 -396 -243 -306 -319 -522 -600 -482 -614 -774 -577 -435 -422 -212 -315 -325 -359 -484 -566 -507 -515 -541 -628 -591 -441 -503 -313 -124 -233 -360 -244 -114 -266 -281 -173 -324 -337 -554 -843 -931 -710 -648 -928 -924 -810 -908 -1033 -1025 -976 -1000 -1084 -1064 -859 -688 -522 -511 -623 -516 -507 -552 -489 -374 -306 -324
-794 -792 -836 -746 -345 -187 -516 -510 -388 78 414 11 -330 -373 -355 -415 -332 -567 -610 -302 -340 -420 -354 -478 -474 -499 -774 -948 -630 -288 -269 -272 -376 -545 -563 -465 -568 -621 -601 -610 -511 -437 -467 -530 -283 -89 -219 -406 -372 -179 -106 -27 -188 -295 -199 -375 -745 -899 -729 -748 -908 -756 -640 -744 -852 -991 -1076 -1037 -1003 -925 -818 -792 -766 -810 -932 -905 -791 -731 -686 -649 -587 -579
-926 -713 -810 -713 -372 -241 -439 -397 -180 94 244 -264 -620 -424 -281 -348 -283 -532 -524 -178 -459 -526 -489 -579 -500 -577 -817 -934 -589 -203 -201 -426 -415 -603 -668 -404 -570 -575 -373 -344 -402 -496 -574 -492 -225 -3 -128 -357 -339 -248 -168 -120 -223 -308 -363 -526 -745 -822 -715 -828 -911 -720 -763 -794 -832 -996 -1068 -918 -714 -575 -546 -619 -693 -676 -862 -1053 -966 -775 -751 -895 -928 -859
-832 -675 -655 -452 -161 -162 -291 -122 137 -122 -266 -389 -476 -108 -98 -418 -557 -553 -365 -226 -501 -471 -542 -681 -614 -570 -711 -759 -487 -212 -202 -366 -532 -612 -603 -507 -637 -665 -408 -362 -609 -664 -595 -464 -295 -109 -138 -321 -312 -322 -347 -347 -293 -213 -373 -635 -729 -689 -603 -679 -777 -727 -860 -869 -808 -958 -967 -852 -683 -577 -523 -525 -492 -371 -511 -766 -750 -586 -543 -692 -783 -680
-713 -756 -748 -470 -204 -264 -204 -13 -40 -295 -445 -406 -244 -2 -146 -476 -549 -405 -332 -308 -340 -259 -380 -623 -649 -510 -516 -499 -361 -213 -226 -274 -361 -528 -533 -688 -749 -578 -517 -574 -656 -523 -411 -350 -345 -239 -237 -295 -308 -312 -463 -534 -488 -421 -632 -796 -677 -713 -675 -671 -766 -727 -769 -917 -887 -909 -920 -894 -884 -796 -721 -565 -443 -393 -414 -536 -562 -461 -401 -420 -439 -407
-781 -827 -757 -536 -405 -469 -212 24 -93 -183 -359 -424 -235 45 -125 -335 -319 -188 -177 -288 -205 -61 -138 -402 -600 -527 -431 -290 -199 -224 -221 -173 -205 -494 -430 -551 -651 -448 -470 -506 -510 -447 -337 -362 -286 -224 -361 -455 -376 -318 -519 -674 -609 -534 -738 -752 -634 -765 -677 -679 -857 -846 -786 -849 -915 -925 -905 -869 -1026 -973 -784 -631 -584 -614 -588 -536 -599 -625 -540 -416 -393 -418
-688 -716 -562 -469 -353 -318 -140 126 -88 -147 -300 -460 -391 -165 -147 -174 -222 -91 58 -121 -161 -30 -27 -161 -397 -515 -425 -189 -52 -195 -298 -228 -128 -162 -281 -431 -446 -303 -116 -295 -389 -320 -325 -504 -328 -248 -412 -486 -431 -385 -504 -606 -588 -522 -605 -566 -641 -862 -645 -691 -901 -938 -878 -943 -1060 -940 -789 -750 -907 -827 -685 -716 -846 -881 -803 -690 -659 -791 -805 -669 -568 -670
