test/net/g2lab/icchange/view/profile/olddata/rastert_classpr1.txt
ncols         452
nrows         411
xllcorner     527595,50307841
yllcorner     5934256,8476051
cellsize      5
NODATA_value  -9999
[rows 130 to 194 of 411, columns 96 to 191 of 452]
0 6 6 3 2 1 0 1 2 0 0 0 2 3 0 0 0 1 0 0 1 2 1 0 0 2 2 0 1 5 0 0 0 0 0 2 2 0 0 0 0 0 1 7 5 9 5 1 1 1 0 0 0 0 1 0 0 0 0 0 0 0 0 0 0 1 14 9 0 0 14 76 89 80 91 98 96 88 91 97 96 97 96 97 97 96 96 95 93 98 98 97 97 96 98 98
6 9 8 3 1 0 1 4 12 7 9 7 4 1 0 0 0 1 0 0 0 0 0 0 0 4 8 0 0 1 0 0 0 2 1 2 2 1 2 0 0 2 1 1 3 1 1 1 1 1 1 0 1 1 0 1 1 0 0 0 0 0 0 0 0 1 7 14 8 11 54 84 78 41 37 63 28 73 94 98 94 91 95 94 95 95 99 98 97 97 99 99 99 98 98 98
3 9 4 1 0 0 0 7 13 13 9 6 3 1 1 0 0 2 1 1 2 1 0 0 1 5 5 1 0 0 0 0 1 5 1 0 0 1 25 1 0 4 2 2 1 0 0 0 0 0 3 2 2 1 0 2 6 2 0 0 0 0 3 0 0 0 2 16 58 82 86 86 73 53 73 81 42 73 93 95 97 97 94 93 98 99 99 99 99 99 99 99 99 98 97 97
0 1 3 2 3 0 0 4 4 2 1 2 4 4 2 0 0 2 1 1 5 3 0 0 2 7 1 1 1 3 24 8 1 2 0 0 0 1 7 0 0 2 3 0 0 0 0 0 0 0 1 0 2 0 0 0 2 3 1 0 0 1 0 0 0 1 2 2 14 49 72 73 79 80 81 76 76 90 86 94 98 98 92 97 99 99 99 99 99 99 99 99 99 98 98 98
0 0 1 6 20 11 11 17 9 3 3 2 5 9 0 0 1 2 0 0 3 2 0 0 0 2 4 2 4 3 8 4 1 0 0 0 1 0 0 3 0 0 0 0 0 0 0 0 0 1 0 0 0 1 0 0 0 2 2 1 0 2 2 0 0 0 0 0 8 10 29 59 80 83 65 61 90 97 98 98 98 96 97 97 97 99 99 99 98 98 90 79 96 96 96 96
0 0 3 3 9 26 36 17 8 10 8 2 1 5 4 2 5 3 1 2 4 2 1 0 0 1 5 7 15 17 13 2 1 1 1 0 0 0 0 1 0 0 0 0 0 0 0 0 0 0 0 0 0 0 1 2 0 3 2 1 2 7 3 1 2 1 0 0 1 1 0 13 31 21 38 94 96 98 98 98 96 97 99 91 71 90 95 88 70 76 72 81 93 91 87 92
0 0 3 0 3 35 20 10 5 12 10 3 1 1 3 4 4 2 0 0 0 0 0 0 0 1 1 0 1 3 31 3 0 0 0 0 0 0 0 0 0 0 0 0 0 0 0 0 0 0 1 2 0 0 1 3 2 1 0 0 0 1 0 0 0 0 0 0 0 0 0 0 1 0 26 89 92 90 91 90 89 72 76 71 66 77 83 64 67 78 66 85 92 85 86 97
0 0 0 0 0 0 0 0 0 2 4 21 14 14 23 12 5 2 1 1 0 1 2 1 2 2 1 0 0 5 4 0 0 0 0 0 0 0 0 0 0 0 0 0 0 0 0 0 0 0 1 2 1 0 0 1 4 2 0 0 0 0 1 5 9 3 3 4 0 0 0 0 0 0 4 46 70 54 49 52 16 0 5 53 46 46 55 76 90 91 66 71 89 91 91 96
0 0 0 0 0 0 0 0 0 0 0 26 43 40 45 25 5 1 5 7 6 1 1 3 3 6 0 1 10 27 0 0 0 0 0 0 0 0 0 0 0 0 0 0 0 0 0 0 0 0 0 1 0 1 0 1 3 5 1 0 0 3 3 5 8 2 1 1 0 1 2 0 0 2 2 13 49 54 25 14 4 3 10 17 4 5 15 32 24 42 49 39 81 90 76 76
0 0 0 0 0 0 0 0 0 0 0 3 14 6 11 16 1 1 5 11 8 2 3 1 1 4 5 6 3 4 1 0 0 0 0 0 0 0 0 0 0 0 0 0 0 0 0 0 0 0 0 0 0 2 1 0 0 1 0 0 0 2 2 3 5 1 0 1 1 7 2 0 0 23 63 72 73 82 47 57 63 52 55 32 1 2 17 33 4 5 5 9 48 41 22 23
0 0 0 0 0 0 0 0 0 0 0 0 0 0 0 5 0 0 2 11 10 7 11 4 2 3 0 1 0 3 31 15 4 64 2 0 0 0 0 0 0 0 0 0 0 0 0 0 0 0 0 0 1 8 4 2 0 1 0 0 0 0 0 1 4 2 0 2 7 10 0 0 0 17 86 82 64 61 76 90 95 94 94 85 43 35 66 70 36 40 35 23 18 12 6 8
0 0 0 0 0 0 0 0 0 0 0 0 0 0 0 2 0 0 0 1 4 5 15 6 1 0 0 0 0 10 66 92 95 95 15 0 0 0 0 0 0 0 0 0 0 0 0 0 0 0 0 0 0 7 5 7 6 2 2 4 3 2 2 1 5 5 3 1 0 0 0 0 4 16 74 79 39 54 82 91 94 91 85 63 51 77 86 67 49 54 48 51 51 36 18 31
0 0 0 0 0 0 0 0 0 0 0 0 0 0 0 0 0 0 2 2 1 4 12 5 1 2 3 5 13 20 64 73 91 75 7 0 0 0 0 0 0 0 0 0 0 0 0 0 0 0 0 0 0 2 1 2 10 2 1 2 3 2 1 4 8 1 1 0 0 1 2 8 23 20 68 89 77 85 84 85 74 82 77 78 85 85 71 45 61 57 33 62 66 43 27 64
0 0 0 0 0 0 0 0 0 0 0 0 0 0 0 0 1 2 1 4 0 0 1 0 5 29 21 16 46 62 72 53 41 48 1 0 0 0 0 0 0 0 0 0 0 0 0 0 0 0 0 0 0 6 4 0 0 1 0 0 5 14 8 6 0 0 1 5 3 1 1 2 5 22 80 86 89 93 85 64 79 93 93 92 91 74 73 68 76 79 73 76 57 50 37 60
0 0 0 0 0 0 0 0 0 0 0 0 0 0 0 0 5 0 0 4 4 0 0 0 0 6 2 4 36 75 66 48 15 17 1 0 0 0 0 0 0 0 0 0 0 0 0 0 0 0 0 0 0 7 5 0 0 0 0 0 19 45 36 21 5 2 8 24 2 0 0 1 19 42 53 43 77 89 88 69 69 88 91 84 72 78 89 89 89 87 65 60 32 54 66 67
0 0 0 0 0 0 0 0 0 0 0 0 0 0 0 0 0 0 0 0 0 0 0 0 0 0 0 0 1 14 62 37 1 0 3 1 1 1 0 0 0 0 0 0 0 0 2 0 0 0 0 0 0 7 2 0 0 0 0 2 12 23 25 19 8 4 3 3 2 0 0 0 6 12 7 4 24 69 48 22 23 23 38 71 75 81 91 85 88 94 90 79 49 51 65 49
0 0 0 0 0 0 0 0 0 0 0 0 0 0 0 0 0 0 1 0 0 0 0 0 0 1 1 0 0 0 0 0 0 0 0 0 0 0 0 0 0 0 0 0 0 0 26 9 0 0 0 0 0 2 0 0 0 0 0 0 0 1 2 6 2 1 1 0 0 0 0 0 0 0 0 4 4 3 7 22 34 32 26 52 82 88 91 90 97 98 94 78 53 54 74 46
0 0 0 0 0 0 0 0 0 0 0 0 0 0 0 0 0 0 0 3 2 0 0 0 0 2 7 0 0 0 0 0 0 0 0 0 0 0 0 0 12 11 0 2 1 1 76 93 85 42 24 19 18 4 1 6 0 0 0 0 0 0 2 1 0 0 0 0 0 0 1 0 0 0 0 5 11 1 4 34 43 43 36 63 88 89 76 56 91 95 90 94 68 50 66 53
0 0 0 0 0 0 0 0 0 0 0 0 0 0 0 0 0 0 0 4 4 0 0 1 0 0 3 0 0 0 0 0 0 0 0 0 0 1 0 0 1 6 2 7 1 2 93 98 97 85 69 83 92 88 34 12 6 40 15 1 0 5 16 4 1 0 0 0 0 0 0 0 0 0 0 0 2 7 33 18 35 54 47 60 90 91 71 32 75 85 86 80 55 29 50 51
0 0 0 0 0 0 0 0 0 0 0 0 0 0 0 0 0 0 0 1 8 3 11 46 0 0 0 0 0 0 0 0 0 0 0 0 0 2 13 2 9 0 0 0 0 3 63 93 91 31 10 45 93 92 69 31 44 93 92 63 66 89 86 77 68 64 30 6 4 0 0 0 0 1 5 2 5 13 15 5 18 46 24 21 28 36 50 74 88 85 88 80 55 41 61 72
0 0 0 0 0 0 0 0 0 0 0 1 0 0 0 0 0 0 0 0 6 3 5 21 0 0 0 0 0 0 0 0 0 0 0 0 0 0 0 0 0 0 0 0 0 7 35 45 19 4 5 64 12 16 66 66 73 90 90 82 95 99 98 99 99 98 91 77 81 27 7 21 66 86 87 84 83 92 75 59 56 53 24 9 5 3 6 20 23 24 29 26 14 18 35 47
0 0 0 0 0 0 0 0 0 0 0 3 0 0 0 0 0 0 0 0 1 14 21 3 0 0 0 0 0 0 0 0 0 0 0 0 0 0 0 0 0 0 0 0 0 4 47 32 3 1 5 22 0 2 81 67 38 55 73 77 98 99 98 99 99 99 98 97 96 78 62 95 99 99 99 99 99 99 99 98 98 98 91 78 75 32 34 62 11 4 3 4 2 1 5 5
0 0 0 0 0 0 0 0 0 0 0 3 0 0 0 0 0 0 0 0 21 73 78 4 0 9 0 0 0 0 0 0 0 0 0 0 0 0 0 0 0 0 0 0 0 0 24 25 3 3 1 1 2 51 90 80 39 49 88 96 99 98 98 99 99 99 98 96 87 91 97 99 99 99 99 99 99 99 99 99 99 99 99 99 98 94 97 99 98 97 84 71 42 1 1 1
8 50 52 32 1 0 3 1 0 0 0 0 0 0 0 0 0 0 0 0 0 4 54 0 0 1 0 0 0 0 0 0 0 0 0 0 0 0 0 0 0 0 0 0 0 2 13 52 25 8 1 0 0 2 71 93 93 87 96 98 92 79 47 72 90 99 99 97 91 95 99 99 99 99 99 99 99 99 99 99 99 99 99 98 99 99 99 99 99 99 99 99 89 8 1 7
27 65 80 63 12 12 15 2 0 0 0 0 0 0 0 0 0 0 0 0 0 0 0 0 0 0 0 0 0 0 0 0 0 0 0 0 0 0 0 0 0 0 0 1 3 1 9 83 34 7 3 0 0 0 37 94 95 83 89 91 91 89 63 43 89 99 98 84 77 97 99 99 99 99 99 99 99 99 99 99 99 99 99 99 99 99 99 99 99 99 99 99 95 68 34 77
17 9 22 17 49 39 6 14 4 4 1 0 0 0 0 0 0 0 0 0 0 0 0 0 0 0 0 0 0 0 0 0 0 0 0 0 0 0 0 0 0 1 1 1 2 2 27 77 33 7 5 1 2 2 2 10 49 30 7 26 78 80 53 67 63 79 96 82 68 99 99 99 99 99 99 99 99 99 99 99 98 99 99 99 98 98 98 98 99 99 98 94 91 97 86 86
7 0 0 0 11 32 5 3 8 0 0 0 0 0 0 0 0 0 0 0 0 0 0 0 0 0 0 0 0 0 0 0 0 0 0 0 0 0 0 0 1 0 0 0 0 16 10 9 34 76 66 19 37 56 6 0 12 10 0 1 15 11 2 41 56 41 86 94 95 98 98 98 98 98 99 99 99 99 99 99 99 99 99 99 98 98 98 98 99 99 99 95 88 90 84 91
4 0 0 0 1 4 1 0 0 3 2 0 0 0 0 0 0 0 0 0 0 0 0 0 0 0 0 0 0 0 0 0 0 0 0 0 0 0 0 0 1 0 0 0 3 13 0 2 43 83 55 67 74 72 78 82 81 40 35 55 48 68 58 57 49 63 84 55 79 92 95 65 84 96 98 97 98 99 99 99 99 99 99 99 99 99 99 99 99 99 99 98 87 55 56 89
0 0 0 0 0 0 0 0 0 0 1 0 0 0 0 0 0 0 0 0 0 0 0 0 0 0 0 0 0 0 0 0 0 0 0 0 0 1 1 0 2 5 4 1 9 4 0 5 34 78 73 94 89 44 79 92 98 98 98 99 99 97 98 96 80 81 85 37 72 91 92 47 73 93 91 90 73 85 95 98 97 99 99 98 97 99 99 99 99 99 99 97 86 55 55 96
0 0 0 0 0 0 0 1 0 0 0 1 1 0 0 0 2 1 0 0 0 0 0 0 0 0 0 0 0 0 0 0 0 0 1 2 0 0 0 0 1 10 2 0 0 0 0 1 5 24 54 82 82 47 89 98 99 99 98 99 99 98 99 99 98 97 96 94 94 97 99 99 99 99 96 89 76 57 61 69 81 89 89 38 29 78 96 95 68 93 99 95 92 79 79 98
0 0 0 0 0 0 1 3 1 2 2 5 3 1 4 2 0 0 0 0 0 0 0 0 0 0 6 0 0 0 0 0 0 0 0 0 0 0 0 0 0 1 0 0 0 0 1 0 0 3 46 87 88 97 99 99 98 98 94 99 99 99 98 97 97 99 99 99 99 99 99 99 99 99 99 99 99 94 88 74 83 86 80 69 71 79 85 70 24 37 76 90 87 65 78 93
0 0 0 0 0 0 0 2 4 3 0 1 0 0 2 2 0 0 0 0 0 0 0 0 0 3 1 0 0 0 0 0 0 0 0 0 0 0 0 0 0 0 0 1 0 0 0 0 0 17 95 97 90 96 99 98 92 76 89 99 99 99 99 99 99 99 99 99 99 99 99 99 99 99 99 99 99 98 93 91 94 96 95 96 99 99 97 86 90 86 51 50 21 10 35 91
0 0 0 0 0 0 0 0 1 0 0 1 1 0 0 0 0 0 0 0 0 0 0 0 0 1 0 0 0 0 0 0 0 0 0 0 0 0 0 0 0 0 0 1 0 0 0 0 0 1 72 81 88 89 98 97 45 81 96 98 97 99 99 99 99 99 99 96 99 99 99 99 99 99 99 99 96 85 93 97 97 97 97 98 99 99 99 92 90 83 62 65 47 8 42 97
0 0 0 0 0 0 0 0 1 0 0 2 4 1 0 0 0 0 1 2 2 0 0 0 0 0 0 0 0 0 0 0 0 0 2 1 0 0 0 0 0 0 0 1 0 0 0 0 0 0 17 68 93 93 89 81 65 95 92 95 90 97 99 99 99 99 98 95 99 99 99 99 99 99 99 99 99 99 99 97 96 97 98 97 97 96 94 95 96 84 69 52 27 24 87 99
0 0 1 1 0 0 2 3 4 1 0 4 3 0 3 6 2 0 0 3 2 0 0 0 0 0 0 0 0 0 0 0 0 0 1 0 0 1 0 0 0 0 0 0 1 0 0 0 0 0 25 92 96 84 72 95 95 59 35 91 98 99 99 99 99 97 97 98 99 99 99 99 99 99 99 99 99 99 99 99 98 99 99 99 98 96 91 97 98 91 81 54 40 75 97 99
0 0 1 0 0 0 0 0 0 1 1 3 0 0 1 5 2 1 0 1 2 1 0 0 0 0 0 0 0 0 0 0 0 0 0 0 0 1 0 0 0 0 0 0 0 1 0 0 0 3 5 33 95 76 84 99 99 67 3 71 81 92 99 99 99 99 99 99 97 99 99 99 99 99 99 99 99 98 98 98 98 99 99 97 94 98 99 99 96 92 91 88 67 86 98 99
0 0 0 0 0 1 0 0 0 1 3 2 1 1 1 1 2 6 4 2 3 3 1 1 0 0 0 0 0 0 0 0 0 0 0 0 0 1 0 0 0 0 0 0 0 2 1 0 0 3 3 6 85 92 85 98 99 68 3 11 21 80 98 98 98 99 99 99 98 99 99 99 99 99 99 99 99 99 99 98 99 99 99 99 99 99 99 99 96 97 97 88 83 92 97 97
1 0 3 8 2 2 1 0 0 2 4 1 3 3 3 1 0 0 3 2 1 2 5 4 1 1 0 0 0 0 0 0 0 0 0 1 2 4 1 1 0 0 0 0 1 2 2 1 2 1 5 6 73 98 96 98 98 93 84 65 67 90 95 92 96 98 98 98 99 99 98 96 98 99 99 99 99 99 99 99 99 99 99 99 99 98 98 97 89 97 96 59 28 70 85 94
2 1 5 8 1 0 0 0 1 2 2 1 2 3 1 1 1 1 1 2 3 4 3 1 0 0 0 0 0 0 3 1 0 1 1 1 2 1 1 1 1 1 2 1 0 0 1 2 5 2 1 6 25 91 98 99 99 99 99 99 94 97 97 92 95 97 97 92 96 99 97 84 94 98 96 98 99 99 98 98 99 99 99 99 99 99 99 98 98 99 98 89 36 58 77 90
2 1 1 5 4 1 0 1 4 3 3 3 3 2 1 3 3 2 1 1 3 5 1 0 1 2 1 0 0 0 2 3 2 4 3 1 0 1 0 0 0 1 1 0 0 0 0 1 4 3 1 10 34 55 98 99 99 99 99 99 95 95 95 76 85 96 99 99 99 99 99 98 99 98 98 99 99 98 97 98 97 95 99 99 99 99 99 99 99 99 97 93 59 35 48 57
1 1 2 0 4 8 1 2 4 2 3 7 6 1 0 1 0 0 2 1 2 3 4 3 1 2 1 0 0 0 0 3 4 5 4 1 0 3 2 0 0 4 0 0 0 4 2 1 2 1 0 1 24 52 96 99 99 98 98 99 99 98 99 96 87 92 97 99 99 99 99 99 99 99 98 98 99 99 99 99 99 99 99 99 99 99 99 98 98 97 85 70 12 3 11 22
2 1 1 0 0 4 3 1 0 1 1 1 1 0 2 15 5 2 1 2 1 1 4 8 3 1 2 1 2 1 0 3 1 1 3 3 1 1 1 0 3 5 0 0 0 3 1 0 3 0 0 0 6 80 91 97 98 97 96 97 95 99 99 99 80 17 60 98 98 99 99 99 99 99 99 95 96 98 99 99 99 98 99 99 99 99 99 98 96 88 93 91 17 0 0 3
2 4 14 5 0 0 2 2 0 1 1 0 0 4 13 12 4 0 0 0 0 4 10 14 14 2 3 3 6 6 3 6 0 1 4 5 0 0 0 2 3 1 0 0 0 1 0 0 3 2 0 0 6 75 96 94 97 99 98 95 95 99 99 99 89 19 61 96 98 99 99 99 99 99 93 93 91 93 99 99 99 99 99 99 99 99 99 99 99 98 74 10 1 0 0 0
4 13 34 16 0 0 2 7 1 1 2 1 2 9 11 5 1 1 1 0 2 16 13 1 1 2 4 2 1 2 3 6 1 2 4 1 0 0 1 4 2 2 5 1 2 4 1 0 9 7 1 0 1 25 95 95 95 98 98 98 98 99 99 99 99 99 99 99 99 99 99 99 99 99 98 98 97 99 99 99 97 99 99 99 98 98 99 99 99 72 1 0 0 0 0 0
1 4 8 14 3 0 0 4 4 3 5 2 0 1 1 1 3 12 9 6 4 5 5 1 1 6 7 4 1 1 0 7 4 2 1 1 3 6 2 0 0 2 3 2 3 4 4 1 4 5 2 1 1 2 17 98 97 98 99 99 99 99 99 99 99 99 99 99 99 99 99 99 99 99 99 99 99 99 99 98 85 96 99 99 99 99 99 97 82 27 0 0 1 0 0 0
3 3 2 3 2 0 0 2 8 14 7 3 0 0 0 1 8 11 9 10 3 5 8 4 4 4 3 6 11 2 0 5 4 1 1 2 7 4 0 0 0 1 0 0 1 2 3 0 1 2 1 1 1 0 9 99 99 99 99 99 98 99 99 99 99 99 99 99 99 99 99 99 99 99 99 99 99 99 98 98 99 99 99 99 99 99 99 98 81 32 7 1 1 1 0 0
17 16 6 1 2 2 0 1 6 8 3 5 5 1 0 1 3 4 5 5 3 9 6 5 7 3 1 4 11 5 1 3 1 0 0 1 4 1 0 0 0 0 0 0 2 4 4 1 1 0 1 2 0 0 9 91 99 99 99 99 99 99 99 99 99 99 99 99 99 99 99 99 99 99 99 99 99 99 99 96 99 99 99 99 97 96 99 99 80 38 19 2 2 3 0 0
5 4 5 1 3 3 0 0 3 9 6 2 10 3 0 0 4 4 1 0 1 9 1 4 12 8 10 13 24 20 3 1 1 0 0 1 5 1 0 1 0 0 3 4 4 6 11 4 3 0 0 1 0 0 11 41 98 99 99 99 99 99 99 99 99 99 99 99 99 99 99 99 99 99 99 99 99 99 99 99 99 99 99 99 99 99 99 99 97 90 81 12 4 7 0 0
0 1 1 1 0 0 0 0 0 5 2 0 0 0 0 0 9 28 9 0 0 4 2 8 5 3 12 35 8 1 1 1 2 1 3 7 12 4 1 4 0 0 0 1 1 2 5 5 3 0 0 1 2 2 2 4 48 98 99 99 99 99 99 99 99 99 99 99 99 99 99 99 99 98 99 99 99 99 99 99 99 99 99 99 99 99 99 99 99 95 92 79 7 1 0 0
0 0 0 1 2 0 0 0 0 0 0 0 0 0 0 0 0 2 9 1 0 1 0 3 15 0 0 11 7 2 5 4 2 1 7 24 20 5 1 6 1 0 0 0 0 0 4 2 1 0 0 2 3 1 0 0 4 60 99 99 99 99 99 99 99 99 99 99 99 99 99 99 99 99 99 99 99 99 99 99 99 99 99 99 99 99 99 99 99 96 83 87 17 1 0 0
0 0 1 9 13 3 2 2 2 0 0 0 0 4 2 0 0 0 2 3 2 0 0 10 81 6 0 2 9 29 12 4 2 2 7 23 2 0 1 11 4 0 1 4 1 0 1 0 0 1 0 1 2 2 6 2 6 12 83 99 99 99 99 99 99 99 99 99 99 99 99 99 99 99 99 99 99 99 99 99 99 99 99 99 99 99 99 99 99 99 90 93 46 5 2 0
7 6 15 17 12 10 10 12 10 1 0 0 0 3 20 9 3 2 4 6 17 4 0 3 9 0 0 0 0 0 0 0 0 0 0 6 1 0 5 3 1 0 3 8 2 0 2 3 2 2 0 1 1 2 7 1 0 2 11 82 98 99 99 99 99 99 99 99 99 99 99 99 99 99 99 99 99 99 99 99 99 99 99 99 99 99 99 99 99 99 98 93 77 56 41 13
13 4 10 6 4 12 30 42 26 2 0 3 5 1 2 5 15 7 1 4 25 5 0 5 1 0 0 0 0 1 0 0 0 0 0 5 24 6 2 4 5 2 5 10 8 2 0 1 8 4 0 4 2 0 1 0 0 9 32 67 92 99 99 99 99 99 99 99 99 99 99 99 99 99 99 99 99 99 99 99 99 99 99 99 99 99 99 99 99 99 99 96 91 97 96 92
2 0 0 0 0 0 1 33 24 3 0 0 9 1 0 0 2 2 0 2 4 0 1 18 0 0 0 0 0 2 0 0 0 0 0 0 11 0 0 2 8 2 2 7 9 2 0 2 12 7 0 3 1 0 1 9 14 43 89 90 95 95 95 99 99 99 98 87 83 96 99 99 99 99 99 99 99 99 99 99 99 99 99 99 99 99 99 99 99 98 99 99 98 99 96 95
39 0 0 0 0 0 0 5 12 5 0 0 3 1 0 1 13 3 0 2 6 1 3 6 0 0 26 24 13 2 0 0 0 0 0 0 0 0 0 2 0 0 0 0 0 5 14 4 2 1 0 1 60 58 58 80 88 81 95 98 98 94 92 93 96 93 78 20 8 67 95 98 99 99 99 99 99 99 99 98 97 99 99 99 99 99 99 99 99 98 99 99 98 95 99 99
93 9 0 1 7 2 1 4 2 1 0 1 0 0 3 9 13 2 0 0 1 0 0 0 0 1 73 92 53 9 6 41 40 20 3 2 1 0 3 1 0 0 0 0 0 1 2 0 0 0 0 1 71 82 97 99 98 97 99 99 99 99 99 99 99 99 96 76 53 88 99 94 95 99 99 99 99 99 98 87 83 96 98 99 99 99 99 99 99 99 99 99 98 93 94 98
97 56 21 88 95 44 17 22 2 1 0 2 6 15 39 11 57 23 0 0 0 0 1 5 7 26 92 97 94 92 84 81 62 67 64 67 30 27 46 11 1 0 2 1 0 0 0 0 0 0 0 0 41 67 94 97 98 97 99 99 99 99 99 99 99 99 99 99 99 99 99 99 99 99 99 98 99 99 98 95 97 98 98 98 98 98 99 99 99 99 97 99 99 99 98 95
98 89 90 99 99 86 92 94 86 72 36 39 77 69 67 57 92 30 0 5 12 18 35 44 81 94 96 69 48 94 96 88 83 90 91 89 90 97 98 97 95 74 82 76 20 5 2 1 0 0 0 1 79 97 99 98 99 99 99 99 99 99 99 99 99 99 99 99 99 99 99 99 99 99 99 99 99 99 99 99 99 99 99 99 99 99 99 99 99 99 99 98 98 99 96 93
99 98 96 99 99 93 99 99 99 99 98 99 99 86 63 85 92 46 30 82 30 62 98 97 96 97 95 24 3 53 92 88 91 91 56 76 87 99 99 99 98 93 98 95 70 82 79 58 33 45 31 15 69 97 99 99 99 99 99 99 99 99 99 99 99 96 97 97 99 99 99 99 99 99 99 99 99 99 99 99 99 99 99 99 99 99 99 99 99 99 99 98 98 94 76 78
99 99 97 99 97 81 98 99 99 98 99 99 99 96 98 97 88 64 65 89 91 91 99 99 99 99 98 72 30 8 20 58 75 59 10 48 68 74 96 98 97 94 97 84 79 96 95 90 91 97 90 28 64 97 99 99 99 99 99 99 99 99 98 99 99 98 99 99 98 99 99 99 99 99 99 99 99 99 99 99 99 99 99 99 99 99 99 99 99 99 99 99 99 99 98 98
70 80 76 57 30 52 70 89 92 68 81 97 93 88 98 90 61 35 54 77 63 57 99 99 99 99 98 79 54 39 54 75 50 42 35 47 38 25 54 80 52 39 51 59 75 88 91 76 95 99 98 58 70 98 99 99 99 99 99 99 99 99 99 99 99 99 99 99 99 99 99 99 99 99 99 99 99 99 99 99 99 99 99 99 99 99 99 99 99 99 99 99 99 99 99 99
27 28 2 1 5 9 5 15 39 6 1 6 1 4 27 1 0 1 4 2 0 0 37 92 99 99 97 76 68 87 94 94 83 91 87 69 34 44 69 56 29 19 12 43 72 73 74 38 79 99 95 49 57 99 99 99 99 99 99 99 99 99 99 99 99 98 97 99 99 99 99 98 99 99 99 99 99 99 99 99 99 99 99 99 99 99 99 99 98 99 99 99 99 99 99 99
2 10 1 1 8 4 1 1 2 0 0 0 0 0 0 0 0 3 18 20 2 0 6 8 28 70 77 18 28 63 56 71 76 90 97 94 92 91 90 79 88 90 87 84 76 78 94 91 74 82 81 64 77 99 99 99 99 99 99 94 96 99 99 99 99 98 99 99 99 99 99 99 99 99 99 99 99 99 97 98 99 99 99 99 99 99 99 99 98 99 99 99 99 99 99 99
1 46 81 22 22 58 51 49 59 23 23 43 32 10 5 23 60 74 69 86 81 58 69 64 47 39 7 0 4 13 1 0 3 11 85 68 59 86 71 76 90 96 96 83 40 42 91 97 93 88 96 98 96 97 99 99 99 98 84 64 95 99 99 84 98 99 99 99 99 99 99 99 99 99 99 99 99 99 99 99 98 98 99 99 98 99 99 98 97 99 99 99 99 99 99 99
21 73 98 97 89 93 97 95 97 98 91 60 56 41 79 98 98 96 94 98 99 97 96 26 1 1 0 0 1 2 1 0 0 0 0 0 0 5 4 54 72 68 43 51 75 93 84 85 94 96 99 99 93 81 98 99 99 99 88 72 93 84 93 91 95 99 99 99 99 99 99 99 99 95 98 99 99 99 99 98 98 99 97 98 98 99 99 98 99 99 99 99 99 99 99 99
