test/net/g2lab/icchange/view/profile/olddata/rastert_delta051.txt
ncols         452
nrows         411
xllcorner     527595,50307841
yllcorner     5934256,8476051
cellsize      5
NODATA_value  -9999
[rows 70 to 104 of 411, columns 0 to 79 of 452]
-9999 -9999 -9999 -9999 42 82 18 243 135 -9999 -9999 -9999 327 154 -9999 -9999 -9999 -9999 274 80 -176 -151 82 84 -9999 -65 -86 19 75 98 176 232 -85 -228 5 135 -104 -144 48 284 338 224 319 435 -9999 362 277 -9999 373 343 -112 -9999 -9999 -9999 -9999 -9999 -9999 -9999 -9999 -9999 -9999 -9999 -9999 -9999 -9999 -9999 -9999 -9999 -9999 -9999 -9999 -9999 -9999 -9999 -9999 -9999 -9999 -9999 -9999 -9999
-9999 -9999 -9999 -9999 87 99 22 120 199 160 -45 -59 161 -31 -180 8 -194 -46 102 66 90 -53 -86 -36 180 143 97 202 247 -1 -190 -35 -322 -331 58 290 107 164 358 455 567 423 352 366 65 168 373 -22 -123 -9999 -35 -9999 -9999 -9999 -9999 -9999 -9999 -9999 -9999 -9999 -9999 -9999 -9999 -9999 -9999 -9999 -9999 -9999 -9999 -9999 -9999 -9999 -9999 -9999 -9999 -9999 -9999 -9999 -9999 -9999
-9999 -9 -55 46 -82 -90 -15 60 188 123 -9999 28 -96 31 -196 -126 -41 62 271 493 693 314 -157 -144 200 252 186 -1 -69 -9 -113 -43 -99 -87 111 207 115 278 357 336 326 113 -37 101 283 72 104 37 -38 -9999 -9999 -9999 -9999 -9999 -9999 -9999 -9999 -9999 -9999 -9999 -9999 -9999 -9999 -9999 -9999 -9999 -9999 -9999 -9999 -9999 -9999 -9999 -9999 -9999 -9999 -9999 -9999 -9999 -9999 -9999
-9999 -105 6 213 225 62 124 69 -64 -146 -9999 -76 -137 213 -56 -79 375 358 204 254 294 72 -142 -59 159 -14 -236 -141 104 106 66 122 106 79 205 163 -21 13 121 214 150 26 64 35 94 129 70 237 274 195 -9999 -9999 -9999 -9999 -9999 -9999 -9999 -9999 -9999 -9999 -9999 -9999 -9999 -9999 -9999 -9999 -9999 -9999 -9999 -9999 -9999 -9999 -9999 -9999 -9999 -9999 -9999 -9999 -9999 -9999
-150 -199 58 70 54 175 368 175 -160 -88 -51 -112 -165 -61 40 -118 49 -2 -385 -213 -28 -20 128 17 43 84 -29 98 188 -150 -94 245 202 -3 160 437 287 -45 -9999 18 108 24 -10 90 114 233 50 -2 263 301 254 -9999 -9999 -9999 -9999 -9999 -9999 -9999 -9999 -9999 -9999 -9999 -9999 -9999 -9999 -9999 -9999 -9999 -9999 -9999 -9999 -9999 -9999 -9999 -9999 -9999 -9999 -9999 -9999 -9999
-120 -171 110 -8 -9999 -85 113 165 43 -36 17 130 -72 -121 48 -195 -164 -87 -211 38 217 131 140 45 50 222 141 42 89 -87 -139 91 -30 -345 -183 167 151 81 65 15 172 232 119 211 -114 -135 126 82 206 276 43 240 -9999 -9999 -9999 -9999 -9999 -9999 -9999 -9999 -9999 -9999 -9999 -9999 -9999 -9999 -9999 -9999 -9999 -9999 -9999 -9999 -9999 -9999 -9999 -9999 -9999 -9999 -9999 -9999
-9999 -9999 126 118 -9999 -154 -45 25 31 -361 -107 446 208 95 50 -83 -19 4 -50 23 236 4 -174 -28 -46 -31 -45 -14 -50 -188 -183 -209 -267 -254 -34 216 53 54 180 -8 156 300 240 191 -135 -142 124 36 45 243 127 -154 71 -9999 -9999 -9999 -9999 -9999 -9999 -9999 -9999 -9999 -9999 -9999 -9999 -9999 -9999 -9999 -9999 -9999 -9999 -9999 -9999 -9999 -9999 -9999 -9999 -9999 -9999 -9999
-35 -190 -84 220 -9999 -119 -188 63 128 -299 -155 115 23 91 -129 -275 -73 111 -67 -189 -20 -9999 -107 16 -8 -2 14 111 116 -199 -315 -270 -76 132 135 166 -13 -9999 193 351 158 110 -9 44 294 61 -136 -23 237 419 229 -215 -176 -9999 -9999 -9999 -9999 -9999 -9999 -9999 -9999 -9999 -9999 -9999 -9999 -9999 -9999 -9999 -9999 -9999 -9999 -9999 -9999 -9999 -9999 -9999 -9999 -9999 -9999 -9999
-218 -349 13 322 136 -271 -181 103 -36 -261 -34 -72 -95 173 177 -80 -117 20 -35 -185 -96 -3 25 94 246 265 187 207 247 -79 -292 -194 -33 112 66 39 -92 -211 56 64 -162 -114 16 77 213 21 -267 -36 405 450 429 24 -276 -9999 -9999 -9999 -9999 -9999 -9999 -9999 -9999 -9999 -9999 -9999 -9999 -9999 -9999 -9999 -9999 -9999 -9999 -9999 -9999 -9999 -9999 -9999 -9999 -9999 -9999 -9999
-110 -96 19 109 -102 -192 -151 117 193 -14 31 88 -80 -38 202 99 -186 -132 37 -159 -171 -30 -50 -134 43 116 -13 -88 -65 -96 -46 -22 -68 47 191 214 -117 -349 -263 -351 56 277 130 85 144 348 203 169 229 177 258 417 63 -190 -9999 -9999 -9999 -9999 -9999 -9999 -9999 -9999 -9999 -9999 -9999 -9999 -9999 -9999 -9999 -9999 -9999 -9999 -9999 -9999 -9999 -9999 -9999 -9999 -9999 -9999
62 178 -39 -28 -220 -147 54 143 165 -133 -231 -43 -128 -109 73 -29 -157 -37 177 -149 -153 1 -74 -349 -169 39 -21 -109 -105 -36 95 -22 -196 -73 112 237 3 -213 -130 -9999 79 214 -53 175 129 202 288 128 125 -82 -212 278 151 -232 -9999 -9999 -9999 -9999 -9999 -9999 -9999 -9999 -9999 -9999 -9999 -9999 -9999 -9999 -9999 -9999 -9999 -9999 -9999 -9999 -9999 -9999 -9999 -9999 -9999 -9999
-84 72 -27 -272 -505 -324 21 52 -56 -228 -243 -25 -43 45 -175 -495 -191 103 184 -21 37 193 84 -239 -193 32 156 81 140 95 46 18 -61 -104 -155 22 108 -104 -263 -234 -26 -71 -22 99 129 93 169 167 206 26 -125 115 130 121 -9999 -9999 -9999 -9999 -9999 -9999 -9999 -9999 -9999 -9999 -9999 -9999 -9999 -9999 -9999 -9999 -9999 -9999 -9999 -9999 -9999 -9999 -9999 -9999 -9999 -9999
-295 -127 39 -35 -208 -216 -92 -33 -15 36 -39 -23 -146 -155 -94 -278 -114 14 120 217 323 226 96 14 19 14 -164 -113 158 -172 -313 -65 25 -2 -106 -250 -316 -385 -285 -107 32 14 319 363 104 -13 18 215 260 114 44 131 162 -34 -9999 -9999 -9999 -9999 -9999 -9999 -9999 -9999 -9999 -9999 -9999 -9999 -9999 -9999 -9999 -9999 -9999 -9999 -9999 -9999 -9999 -9999 -9999 -9999 -9999 -9999
-287 34 55 63 82 45 -16 -133 -114 42 12 119 -26 -117 -14 87 -43 -84 64 320 282 -30 -64 164 158 -176 -264 -18 194 -251 -226 -8 -86 -153 54 -124 -395 -351 -95 -110 -144 98 436 311 -18 121 -9999 -22 65 63 84 169 202 44 -52 -9999 -9999 -9999 -9999 -9999 -9999 -9999 -9999 -9999 -9999 -9999 -9999 -9999 -9999 -9999 -9999 -9999 -9999 -9999 -9999 -9999 -9999 -9999 -9999 -9999
-358 -299 -52 -8 61 20 -28 -188 -116 -45 -88 104 86 -5 17 97 248 56 19 78 -122 -267 -59 272 117 -307 -14 346 210 -152 29 142 -188 -358 106 68 -239 -165 26 -48 -144 -36 53 135 71 116 5 -34 48 95 56 101 219 226 85 -9999 -9999 -9999 -9999 -9999 -9999 -9999 -9999 -9999 -9999 -9999 -9999 -9999 -9999 -9999 -9999 -9999 -9999 -9999 -9999 -9999 -9999 -9999 -9999 -9999
54 -338 -74 -52 177 -86 -283 -57 -59 23 -49 -84 -13 25 117 -104 128 155 -83 -30 -141 -25 170 22 -4 -107 -14 112 -51 -60 50 -10 -312 -215 330 136 -252 -273 -154 51 -139 -225 -86 161 36 14 127 184 286 296 218 250 353 295 148 -9999 -9999 -9999 -9999 -9999 -9999 -9999 -9999 -9999 -9999 -9999 -9999 -9999 -9999 -9999 -9999 -9999 -9999 -9999 -9999 -9999 -9999 -9999 -9999 -9999
117 -219 -363 -249 -118 -392 -241 149 -360 -387 -181 -121 -7 40 141 130 -41 129 9 -70 137 365 331 -152 -138 56 69 55 28 118 155 132 -55 146 260 -35 -104 -19 17 107 -153 52 238 178 77 151 121 -17 -43 -35 113 361 464 441 156 -9999 -9999 -9999 -9999 -9999 -9999 -9999 -9999 -9999 -9999 -9999 -9999 -9999 -9999 -9999 -9999 -9999 -9999 -9999 -9999 -9999 -9999 -9999 -9999 -9999
-408 -153 -17 -173 -366 -285 97 215 -330 -339 -47 81 -3 366 197 103 -52 -111 73 43 161 265 425 233 6 -13 -65 43 211 204 103 46 -25 137 -46 -339 -138 204 -47 -26 67 300 128 -65 199 350 40 -290 -270 -279 -42 166 204 301 99 111 -9999 -9999 -9999 -9999 -9999 -9999 -9999 -9999 -9999 -9999 -9999 -9999 -9999 -9999 -9999 -9999 -9999 -9999 -9999 -9999 -9999 -9999 -9999 -9999
-36 -56 201 -30 -247 -59 177 158 -77 -26 52 -27 -223 56 1 -336 -136 -12 -9999 -38 -55 295 338 210 58 57 -129 -121 94 284 143 86 -53 -14 -96 -129 51 163 -317 -66 201 45 -118 -232 -21 74 26 89 140 79 269 409 266 148 135 36 -9999 -9999 -9999 -9999 -9999 -9999 -9999 -9999 -9999 -9999 -9999 -9999 -9999 -9999 -9999 -9999 -9999 -9999 -9999 -9999 -9999 -9999 -9999 -9999
-124 1 132 -40 -250 -98 111 37 -73 -28 -4 -70 -356 -460 -112 -9999 59 290 3 -47 197 505 176 -43 18 131 14 241 290 297 269 480 264 -90 -169 111 228 154 -23 337 261 -74 54 38 125 12 50 482 451 150 168 410 271 163 255 79 -9999 -9999 -9999 -9999 -9999 -9999 -9999 -9999 -9999 -9999 -9999 -9999 -9999 -9999 -9999 -9999 -9999 -9999 -9999 -9999 -9999 -9999 -9999 -9999
-72 205 60 68 122 -9 51 28 47 145 194 43 -126 -293 -54 195 246 124 145 532 489 146 -108 30 -23 -77 -12 406 377 262 273 231 78 -81 -21 90 90 51 72 223 126 82 121 -7 -37 -60 -133 267 342 125 24 149 -60 49 370 165 -9999 -9999 -9999 -9999 -9999 -9999 -9999 -9999 -9999 -9999 -9999 -9999 -9999 -9999 -9999 -9999 -9999 -9999 -9999 -9999 -9999 -9999 -9999 -9999
186 69 -169 28 270 107 -72 186 224 41 197 169 221 173 144 390 428 -251 -174 471 323 9 61 287 157 -19 22 243 279 197 270 206 52 75 163 245 90 46 -104 -188 -73 186 300 62 -196 133 299 176 76 249 308 288 40 136 342 345 -9999 -9999 -9999 -9999 -9999 -9999 -9999 -9999 -9999 -9999 -9999 -9999 -9999 -9999 -9999 -9999 -9999 -9999 -9999 -9999 -9999 -9999 -9999 -9999
352 143 -177 -101 153 320 64 448 530 -213 88 460 392 268 330 327 345 66 213 393 302 416 557 417 79 -11 139 196 153 -50 238 254 -7 199 290 212 60 69 9 -118 -57 212 374 359 211 283 120 -3 69 288 237 166 263 385 366 211 -9999 -9999 -9999 -9999 -9999 -9999 -9999 -9999 -9999 -9999 -9999 -9999 -9999 -9999 -9999 -9999 -9999 -9999 -9999 -9999 -9999 -9999 -9999 -9999
444 14 11 104 181 125 76 413 506 -82 -40 296 114 21 366 346 307 322 278 153 -33 66 166 40 -188 -97 295 184 -29 -94 140 -23 -246 88 321 155 74 121 36 -37 64 219 90 5 81 168 -157 76 287 112 231 319 466 604 411 248 184 -9999 -9999 -9999 -9999 -9999 -9999 -9999 -9999 -9999 -9999 -9999 -9999 -9999 -9999 -9999 -9999 -9999 -9999 -9999 -9999 -9999 -9999 -9999
156 -72 354 158 -103 6 342 225 217 14 -144 53 18 -87 130 231 313 133 -91 157 240 200 70 -15 46 182 441 207 142 155 126 30 101 239 277 171 250 248 12 29 232 295 96 90 217 140 -188 26 449 324 279 416 391 351 296 443 437 498 -9999 -9999 -9999 -9999 -9999 -9999 -9999 -9999 -9999 -9999 -9999 -9999 -9999 -9999 -9999 -9999 -9999 -9999 -9999 -9999 -9999 -9999
194 151 271 152 62 234 498 240 240 377 191 221 394 413 320 138 140 174 217 448 251 309 146 -197 -4 142 203 198 208 160 134 201 441 269 -115 -94 339 195 -97 92 226 169 124 324 440 34 -289 -44 297 319 -32 181 117 69 202 276 175 284 -9999 -9999 -9999 -9999 -9999 -9999 -9999 -9999 -9999 -9999 -9999 -9999 -9999 -9999 -9999 -9999 -9999 -9999 -9999 -9999 -9999 -9999
275 281 189 193 329 273 156 147 181 385 470 404 498 353 309 76 -16 133 217 106 -176 53 -9 -288 -32 29 53 206 98 82 59 142 265 220 31 146 491 -12 -90 210 219 106 103 268 501 168 -83 107 80 245 271 123 0 209 346 323 264 229 -9999 -9999 -9999 -9999 -9999 -9999 -9999 -9999 -9999 -9999 -9999 -9999 -9999 -9999 -9999 -9999 -9999 -9999 -9999 -9999 -9999 -9999
83 419 179 -217 -138 197 98 46 88 -99 129 300 390 224 147 73 35 113 62 -16 79 266 216 235 329 326 63 92 159 92 118 138 226 190 180 371 538 -32 48 193 35 32 179 60 -70 65 165 419 393 27 135 223 264 518 575 207 36 200 496 -9999 -9999 -9999 -9999 -9999 -9999 -9999 -9999 -9999 -9999 -9999 -9999 -9999 -9999 -9999 -9999 -9999 -9999 -9999 -9999 -9999
122 343 217 182 279 352 94 78 134 122 -43 169 297 228 -38 134 122 -29 70 -84 152 407 118 410 297 -74 -194 9 147 -125 -12 16 59 -10 173 406 278 -19 181 83 -171 -108 8 110 -51 33 113 135 156 34 238 369 400 406 403 285 126 144 52 -9999 -9999 -9999 -9999 -9999 -9999 -9999 -9999 -9999 -9999 -9999 -9999 -9999 -9999 -9999 -9999 -9999 -9999 -9999 -9999 -9999
15 6 389 373 418 82 -212 203 182 122 20 413 347 -284 -465 176 148 72 226 185 138 112 -213 245 144 -94 27 80 197 -19 116 339 202 -1 229 289 -29 109 300 105 -58 114 273 312 233 95 324 102 296 442 359 268 403 429 311 563 520 185 360 -9999 -9999 -9999 -9999 -9999 -9999 -9999 -9999 -9999 -9999 -9999 -9999 -9999 -9999 -9999 -9999 -9999 -9999 -9999 -9999 -9999
138 -45 70 124 103 19 164 579 279 147 337 562 241 -68 6 379 246 171 340 346 -120 -46 214 266 -118 32 270 34 -12 -13 150 355 139 42 215 160 34 225 153 -40 -177 140 305 -45 188 117 127 193 494 415 267 417 200 274 210 179 345 191 352 -9999 -9999 -9999 -9999 -9999 -9999 -9999 -9999 -9999 -9999 -9999 -9999 -9999 -9999 -9999 -9999 -9999 -9999 -9999 -9999 -9999
4 -275 -102 469 457 285 315 336 138 100 332 178 -284 278 367 -28 -226 -113 224 348 53 77 163 8 -289 20 73 -221 -42 168 187 -8 -77 151 378 252 98 136 -63 -111 -44 30 161 156 331 99 -16 170 218 128 -64 183 197 336 516 304 434 320 -99 -9999 -9999 -9999 -9999 -9999 -9999 -9999 -9999 -9999 -9999 -9999 -9999 -9999 -9999 -9999 -9999 -9999 -9999 -9999 -9999 -9999
-161 -3 262 205 51 396 303 -97 -284 18 288 -89 -425 111 145 -92 -158 97 301 198 88 315 -32 -64 136 228 12 -107 229 256 134 14 198 435 342 283 320 448 287 309 434 242 84 187 362 293 134 189 238 64 -325 165 751 359 152 118 365 406 65 126 -9999 -9999 -9999 -9999 -9999 -9999 -9999 -9999 -9999 -9999 -9999 -9999 -9999 -9999 -9999 -9999 -9999 -9999 -9999 -9999
399 318 206 2 -16 480 418 78 -141 7 98 117 224 260 48 226 201 109 154 346 343 333 17 189 331 94 58 120 211 103 36 229 385 328 69 186 301 409 432 329 358 166 60 78 229 354 325 322 262 57 -106 199 487 97 -80 141 163 113 62 -9999 -9999 -9999 -9999 -9999 -9999 -9999 -9999 -9999 -9999 -9999 -9999 -9999 -9999 -9999 -9999 -9999 -9999 -9999 -9999 -9999
173 178 -86 43 305 415 284 143 50 18 -85 -119 286 232 23 228 215 48 22 274 311 73 -63 92 153 -53 109 32 43 187 234 374 370 114 63 572 358 249 364 330 351 183 244 254 63 121 117 118 110 125 133 222 199 185 362 725 433 156 262 159 -9999 -9999 -9999 -9999 -9999 -9999 -9999 -9999 -9999 -9999 -9999 -9999 -9999 -9999 -9999 -9999 -9999 -9999 -9999 -9999
