test/net/g2lab/icchange/view/profile/olddata/rastert_delta055.txt
ncols         452
nrows         411
xllcorner     527595,50307841
yllcorner     5934256,8476051
cellsize      5
NODATA_value  -9999
[rows 0 to 34 of 411, columns 316 to 394 of 452]
-9999 -9999 6441 6587 6566 6387 6279 6140 6257 4450 -9999 -9999 -9999 -9999 4647 7510 7477 7702 7799 7694 7552 7027 6943 7558 7633 7121 6508 6352 6402 6552 6612 6887 7246 7377 7324 7014 6724 6766 6556 5550 -9999 -9999 -9999 5943 7131 7524 7545 7376 6941 6854 6933 6854 6770 6610 6853 6867 6663 6504 6472 6788 7042 7375 7835 7779 7814 7610 7487 7863 7930 7892 8150 8108 7705 -9999 -9999 -9999 -9999 -9999 -9999
-9999 -9999 6448 6716 6784 6488 6270 6150 5828 -9999 -9999 -9999 -9999 -9999 4365 7592 7727 7402 7338 7337 7249 6944 6928 7420 7493 6847 5970 5477 5316 5420 5598 5956 6442 6830 6877 6857 6755 6518 6504 5983 5037 -9999 -9999 5276 6968 7610 7873 7484 6952 6897 7163 7133 7091 6849 -9999 6871 6534 6277 6352 6703 7241 7781 8005 8017 7836 7886 7775 7954 7995 7668 7884 7967 7259 -9999 -9999 -9999 -9999 -9999 -9999
-9999 6118 6628 6705 6497 6441 6253 5974 -9999 -9999 -9999 -9999 -9999 -9999 3820 7168 8224 7475 7168 7095 7184 6995 6855 7005 7299 6784 6025 5548 5366 5487 5613 5905 6132 6372 6370 6354 6383 6054 6299 6601 6353 -9999 -9999 5205 6242 6870 7182 7075 7016 6944 7388 7438 7241 6947 -9999 -9999 -9999 6175 6591 7102 7553 7958 8051 8134 8135 8092 7870 8062 8056 7675 7793 7585 6697 -9999 -9999 -9999 -9999 -9999 -9999
6232 6288 6552 6794 6609 -9999 -9999 -9999 -9999 -9999 -9999 -9999 -9999 -9999 -9999 5534 7572 7720 7837 7510 7292 7086 6963 6881 6749 6245 5874 5676 -9999 -9999 6090 6434 6477 6469 6505 6251 6446 6531 6472 6562 6162 5429 5199 5697 5282 4911 5421 6263 6612 6812 7378 7761 7802 7263 6512 -9999 -9999 6383 6710 7160 7550 7763 7982 8260 8140 8022 7957 7975 7903 7771 7830 7386 -9999 -9999 -9999 -9999 -9999 -9999 -9999
6260 -9999 6123 6665 6726 6526 6137 -9999 5639 -9999 -9999 -9999 -9999 -9999 -9999 3804 6220 7657 8181 7863 7646 7756 7639 7022 6744 6619 6278 6034 5579 -9999 6085 6167 6318 6566 6551 6390 6678 6835 6429 6092 5240 4700 -9999 5739 4660 -9999 -9999 -9999 -9999 5984 6980 7934 8290 7563 6674 6366 6393 6333 6618 7175 7508 7793 7945 8080 8042 7975 7904 7739 8027 8165 7846 7066 -9999 -9999 -9999 -9999 -9999 -9999 -9999
6288 -9999 5752 6302 6564 6352 6099 5944 5909 5655 -9999 -9999 -9999 -9999 -9999 -9999 5810 7233 7983 8084 8138 8242 7698 7176 7252 7143 6822 6663 6610 6280 6294 6287 6270 6402 6418 6270 6404 6630 6473 5676 4798 -9999 -9999 -9999 -9999 -9999 -9999 -9999 -9999 -9999 5976 6659 7046 6687 6629 6641 6685 6464 6575 7165 7592 8022 8290 8251 8109 8022 7897 7895 8040 8086 7567 -9999 -9999 -9999 -9999 -9999 -9999 -9999 -9999
6274 -9999 -9999 6247 6288 6205 6146 6181 6047 5713 -9999 -9999 -9999 -9999 -9999 -9999 5662 6685 7599 8126 8075 8089 7682 7355 7287 7050 -9999 -9999 6643 6417 6289 6418 6468 6430 6535 6480 6356 6221 6378 5964 4980 -9999 -9999 5536 6033 5214 4336 -9999 -9999 -9999 -9999 -9999 4426 -9999 -9999 6446 6470 6621 6611 7196 7800 8074 8442 8435 8044 7866 7527 7670 7888 7823 7278 -9999 -9999 -9999 -9999 -9999 -9999 -9999 -9999
6277 -9999 -9999 6136 6302 6108 5824 5779 5621 -9999 -9999 -9999 -9999 -9999 -9999 -9999 5052 7025 7511 8053 8027 7821 7503 7240 -9999 -9999 -9999 -9999 6074 6101 6066 6065 6074 6170 6375 6371 6741 6906 6790 6651 5693 -9999 -9999 5966 7108 6974 6403 -9999 -9999 -9999 -9999 -9999 -9999 -9999 -9999 6352 6668 6939 6610 6777 7449 7820 8015 8297 8065 7721 7650 7952 8094 7661 7039 -9999 -9999 -9999 -9999 -9999 -9999 -9999 -9999
6366 -9999 5856 6040 6210 5919 5729 5963 5634 -9999 5454 -9999 -9999 -9999 -9999 -9999 4289 7301 7679 7968 7896 7354 7129 6938 -9999 -9999 -9999 -9999 -9999 -9999 -9999 -9999 -9999 -9999 6102 5988 6504 7077 6936 7198 6427 -9999 -9999 6318 7207 7335 7298 -9999 6169 -9999 -9999 -9999 -9999 -9999 -9999 6406 7166 7415 7198 7212 7492 7618 7902 8362 8082 8053 8341 8300 8203 7702 7164 6774 -9999 -9999 -9999 -9999 -9999 -9999 -9999
-9999 -9999 5728 5612 5983 -9999 -9999 -9999 5778 5599 5246 -9999 -9999 -9999 -9999 -9999 3535 6488 7662 7578 7408 6968 6817 6677 -9999 -9999 -9999 -9999 -9999 -9999 -9999 -9999 -9999 -9999 -9999 6135 6253 6459 6639 6779 6657 -9999 -9999 6819 7383 -9999 -9999 -9999 7102 -9999 -9999 -9999 -9999 -9999 -9999 -9999 6572 7368 7809 7645 7624 7719 8090 8490 8068 8176 8393 8193 8238 7889 7224 6630 -9999 -9999 -9999 -9999 -9999 -9999 6672
-9999 -9999 5685 5579 5792 -9999 -9999 -9999 5891 5736 5651 -9999 -9999 -9999 -9999 -9999 -9999 5407 7133 7260 7155 6875 -9999 -9999 -9999 -9999 -9999 -9999 -9999 -9999 5462 -9999 -9999 -9999 -9999 -9999 6419 -9999 -9999 -9999 6318 5979 5993 7464 8090 -9999 -9999 -9999 -9999 -9999 -9999 -9999 -9999 -9999 -9999 -9999 -9999 5912 6691 7065 7044 7448 7456 7379 7318 7338 6588 5974 6312 6883 6926 6511 -9999 -9999 -9999 5907 5886 6065 6392
-9999 -9999 5878 5800 5844 6088 6359 -9999 -9999 5802 6007 -9999 -9999 -9999 -9999 -9999 -9999 4908 6993 -9999 -9999 -9999 -9999 -9999 -9999 -9999 -9999 -9999 -9999 -9999 5252 5604 5828 -9999 -9999 -9999 6337 6279 6072 -9999 6102 6095 6355 7702 8623 -9999 -9999 -9999 -9999 -9999 -9999 -9999 -9999 -9999 -9999 -9999 -9999 -9999 -9999 5935 6314 6303 5488 5109 5403 5416 4198 -9999 -9999 5662 6397 6603 6450 6178 6179 6326 6237 5986 6344
-9999 -9999 6073 5916 5995 6350 6565 -9999 -9999 -9999 -9999 -9999 -9999 -9999 -9999 -9999 -9999 4480 6858 7382 -9999 -9999 -9999 -9999 -9999 -9999 -9999 -9999 -9999 -9999 -9999 -9999 -9999 -9999 6748 6552 6275 6277 6022 6237 6453 6461 6705 7578 8382 8428 8520 -9999 -9999 -9999 7741 -9999 -9999 -9999 -9999 -9999 -9999 -9999 -9999 -9999 -9999 -9999 -9999 -9999 -9999 -9999 -9999 -9999 -9999 5092 6138 6738 6790 6320 6086 6463 6663 6444 6721
-9999 -9999 -9999 -9999 -9999 6442 6630 -9999 -9999 -9999 5923 -9999 -9999 -9999 -9999 -9999 -9999 -9999 5547 6629 6640 -9999 -9999 -9999 -9999 -9999 -9999 -9999 -9999 -9999 -9999 -9999 -9999 -9999 6140 6056 6073 6035 6113 6205 6529 6623 6337 6469 7128 7181 7626 7813 7694 8169 8441 -9999 -9999 -9999 -9999 -9999 -9999 -9999 -9999 -9999 -9999 -9999 -9999 -9999 -9999 -9999 -9999 -9999 -9999 5531 6505 6602 6764 6705 6608 6806 7148 7042 6890
6816 6598 -9999 -9999 -9999 -9999 6578 -9999 -9999 -9999 -9999 -9999 -9999 -9999 -9999 -9999 -9999 -9999 3801 6210 6509 -9999 -9999 -9999 -9999 -9999 -9999 -9999 -9999 -9999 -9999 -9999 -9999 -9999 -9999 5924 6413 6789 6589 6301 -9999 6530 5277 -9999 -9999 -9999 5846 6929 7042 7375 7980 -9999 -9999 -9999 -9999 -9999 -9999 -9999 -9999 -9999 -9999 -9999 -9999 -9999 -9999 5294 6080 5520 5745 6243 6641 6633 6706 6737 6876 7006 7103 7243 7220
6921 6421 -9999 -9999 -9999 -9999 -9999 -9999 -9999 -9999 -9999 -9999 -9999 -9999 -9999 -9999 -9999 -9999 -9999 5346 6501 -9999 -9999 -9999 -9999 -9999 -9999 -9999 -9999 -9999 -9999 -9999 -9999 -9999 -9999 6695 6771 6776 6628 6513 6493 6286 4884 -9999 -9999 -9999 -9999 -9999 -9999 5992 6954 7823 -9999 -9999 -9999 6987 6084 -9999 4812 5866 5869 5491 -9999 -9999 -9999 5957 6719 6553 6434 6441 6420 6229 6311 6497 6632 6837 7040 7046 7298
-9999 -9999 -9999 -9999 -9999 -9999 -9999 -9999 -9999 -9999 -9999 -9999 -9999 -9999 -9999 -9999 -9999 -9999 -9999 -9999 6473 6866 7291 -9999 -9999 -9999 -9999 -9999 -9999 -9999 -9999 -9999 -9999 -9999 -9999 6184 5956 6017 6247 6721 6773 6023 5245 -9999 -9999 -9999 -9999 5462 5870 -9999 6260 7602 -9999 -9999 -9999 7613 6897 6426 6324 6866 7076 6680 5713 5717 6269 6227 6688 6820 6526 6170 5997 6112 6464 6901 6736 6859 7158 6851 7012
-9999 -9999 -9999 -9999 -9999 -9999 -9999 -9999 -9999 -9999 -9999 -9999 -9999 -9999 -9999 -9999 -9999 -9999 -9999 -9999 5196 7561 7579 7691 -9999 7144 6649 6559 -9999 -9999 6980 7173 7052 6633 6161 5672 5157 -9999 -9999 5607 5893 5700 -9999 -9999 5131 -9999 5053 5347 5337 -9999 6377 6589 -9999 -9999 -9999 -9999 -9999 -9999 7376 7431 7348 7119 7146 7114 6919 6697 6837 6640 6308 6238 6492 6975 7481 7749 7722 7822 7833 7326 7027
-9999 -9999 -9999 -9999 -9999 -9999 -9999 -9999 7147 -9999 -9999 -9999 -9999 -9999 -9999 -9999 -9999 -9999 -9999 -9999 3445 6531 7870 7793 7353 6927 6747 6523 6566 6780 7059 7184 7173 6812 6221 5821 5090 4429 -9999 -9999 -9999 -9999 -9999 -9999 -9999 -9999 -9999 -9999 -9999 5526 6339 5900 6380 -9999 -9999 -9999 -9999 -9999 -9999 -9999 -9999 7482 7390 -9999 -9999 7379 7250 6916 6757 7168 7698 7948 8610 8934 8738 8623 8500 7864 6610
-9999 -9999 -9999 -9999 -9999 -9999 -9999 -9999 -9999 -9999 -9999 -9999 -9999 -9999 6850 -9999 -9999 -9999 -9999 -9999 -9999 3953 6844 7375 7221 7103 6925 6792 6895 7306 7567 7316 7023 6919 6463 6022 5689 5180 5132 5226 -9999 -9999 -9999 -9999 4915 -9999 -9999 -9999 -9999 4888 5706 6171 7138 -9999 -9999 -9999 -9999 -9999 -9999 -9999 -9999 -9999 -9999 -9999 -9999 8009 -9999 -9999 -9999 -9999 8218 8371 8336 8020 7976 8132 7880 7614 6381
-9999 -9999 -9999 -9999 -9999 -9999 -9999 -9999 -9999 -9999 -9999 -9999 -9999 -9999 -9999 -9999 -9999 -9999 -9999 -9999 -9999 -9999 4885 7696 7937 7702 7475 7605 7703 7780 7599 7055 6909 7095 6814 6658 6772 6472 6398 6220 5595 -9999 -9999 -9999 4920 -9999 -9999 -9999 -9999 -9999 4848 6179 7638 7815 -9999 -9999 -9999 -9999 -9999 -9999 -9999 -9999 -9999 -9999 7979 -9999 -9999 -9999 7590 7860 7927 6741 5450 5326 5384 -9999 5168 6252 6248
-9999 -9999 -9999 -9999 -9999 -9999 -9999 -9999 -9999 -9999 6873 6945 -9999 -9999 -9999 -9999 -9999 -9999 -9999 -9999 -9999 -9999 -9999 6248 7929 7859 7745 7787 7912 7564 7009 6636 6971 7588 7533 7353 7415 7312 7202 7146 6320 -9999 -9999 -9999 -9999 -9999 -9999 -9999 -9999 -9999 -9999 -9999 6202 6899 -9999 -9999 -9999 -9999 -9999 -9999 -9999 -9999 7271 7348 7992 -9999 -9999 7279 6982 -9999 -9999 -9999 -9999 -9999 -9999 -9999 -9999 -9999 5672
-9999 -9999 -9999 -9999 -9999 -9999 -9999 -9999 -9999 -9999 -9999 -9999 -9999 -9999 -9999 -9999 -9999 -9999 -9999 -9999 -9999 -9999 -9999 3525 6525 8281 8349 7958 7398 6692 6194 6232 6408 6806 7007 7012 7176 7412 7403 7615 7175 5993 -9999 -9999 -9999 -9999 -9999 -9999 -9999 -9999 -9999 -9999 -9999 5501 -9999 -9999 -9999 -9999 -9999 7813 7469 7139 7213 7035 7091 7465 -9999 6664 5933 -9999 -9999 -9999 -9999 -9999 -9999 -9999 -9999 -9999 6276
-9999 -9999 -9999 -9999 -9999 -9999 -9999 -9999 -9999 -9999 -9999 -9999 -9999 -9999 -9999 -9999 -9999 -9999 -9999 -9999 -9999 -9999 -9999 -9999 4703 7928 8542 7631 6730 5852 5373 5498 5262 5225 5816 6240 6303 6466 6829 7298 7419 6338 5049 -9999 -9999 -9999 -9999 -9999 -9999 -9999 -9999 -9999 -9999 -9999 -9999 -9999 -9999 -9999 -9999 -9999 -9999 7147 -9999 -9999 -9999 -9999 -9999 5993 5531 -9999 -9999 -9999 -9999 -9999 -9999 -9999 -9999 -9999 7727
-9999 -9999 -9999 -9999 -9999 -9999 -9999 -9999 -9999 -9999 -9999 -9999 -9999 -9999 -9999 -9999 7960 -9999 -9999 -9999 -9999 -9999 -9999 -9999 -9999 4505 6631 6981 6948 5962 -9999 4892 4827 4894 -9999 -9999 5760 5828 6371 6948 7254 6408 4829 -9999 -9999 -9999 -9999 -9999 -9999 -9999 -9999 -9999 -9999 -9999 -9999 -9999 -9999 -9999 -9999 -9999 -9999 -9999 -9999 -9999 -9999 -9999 -9999 6205 5888 -9999 -9999 -9999 -9999 -9999 -9999 -9999 7751 8394 8189
-9999 -9999 -9999 -9999 -9999 -9999 -9999 -9999 -9999 -9999 -9999 -9999 -9999 -9999 -9999 -9999 -9999 -9999 -9999 -9999 -9999 -9999 -9999 -9999 -9999 -9999 4026 6243 6865 6167 -9999 -9999 -9999 -9999 -9999 -9999 -9999 5781 6334 6663 6403 5864 -9999 -9999 -9999 -9999 -9999 -9999 -9999 -9999 -9999 -9999 -9999 -9999 -9999 -9999 -9999 -9999 -9999 -9999 -9999 -9999 -9999 -9999 -9999 -9999 6701 7096 6675 -9999 -9999 -9999 -9999 -9999 -9999 7577 8443 8947 8687
-9999 -9999 -9999 -9999 -9999 -9999 -9999 -9999 7019 -9999 -9999 -9999 -9999 -9999 -9999 -9999 -9999 -9999 -9999 -9999 -9999 -9999 -9999 -9999 -9999 -9999 -9999 3158 4705 5570 5977 -9999 -9999 -9999 -9999 -9999 -9999 -9999 6332 6284 -9999 -9999 -9999 -9999 -9999 -9999 -9999 -9999 -9999 -9999 -9999 -9999 -9999 -9999 -9999 -9999 -9999 -9999 -9999 -9999 -9999 -9999 -9999 -9999 7234 7168 6888 7289 7272 6739 6317 -9999 -9999 6780 7050 7322 7256 7224 -9999
-9999 -9999 -9999 -9999 -9999 -9999 -9999 -9999 -9999 -9999 -9999 -9999 -9999 -9999 -9999 -9999 -9999 -9999 -9999 7799 7499 6505 5224 -9999 -9999 -9999 -9999 -9999 -9999 4651 6420 -9999 -9999 -9999 5984 5799 6127 6635 6588 6304 -9999 -9999 7047 7087 -9999 -9999 -9999 -9999 7785 7683 7326 -9999 -9999 -9999 7489 7676 -9999 7794 7919 7860 -9999 7300 7584 7829 7749 7601 7289 7340 7391 6992 6817 6905 7035 7177 7101 6998 5427 -9999 -9999
-9999 -9999 6660 -9999 -9999 -9999 -9999 -9999 -9999 -9999 -9999 6779 6726 7106 7432 7173 7431 7720 7652 7676 7155 6092 5316 4969 3586 1805 -9999 -9999 -9999 -9999 6121 6448 -9999 -9999 6250 6561 6661 6880 7085 6985 7042 7240 7342 7265 7518 7729 7676 7696 7817 7923 7880 7896 7989 8002 7737 7865 7743 7651 7833 7860 7712 7546 7554 7594 7588 7855 7899 7449 7336 7235 7237 7442 7499 7586 7402 6841 -9999 -9999 -9999
-9999 6733 6896 6912 6655 6944 7283 7227 7070 7101 7194 7013 6971 6961 7176 7139 7296 7463 7075 6647 6600 5853 5553 6176 5963 4958 -9999 -9999 -9999 -9999 5274 7028 -9999 -9999 7083 7233 6799 6884 7355 7654 7481 7311 7303 7330 7310 7468 7795 7888 7758 7837 7934 8060 7903 7894 7854 7970 7874 7644 7776 8098 8070 7896 7873 7877 7804 7835 8015 7789 7617 7571 7461 7362 7333 7610 7711 7378 -9999 6076 6342
6886 6986 7061 6993 6849 7123 7198 7089 7147 7122 7152 7172 7116 6759 6892 7138 7079 7041 6412 5779 5984 6191 6185 6584 6598 5856 3624 -9999 -9999 -9999 4714 7455 7507 -9999 7980 7907 7489 7504 7538 7638 7465 7493 7667 7542 7136 7328 7814 7976 7687 7741 7917 7900 7647 7761 7933 7841 7705 7817 8086 8423 8316 7990 8053 8140 7956 7636 8028 8237 7968 7817 7457 7033 6997 7519 7770 7641 7276 7016 7057
6825 6880 6969 6803 6667 6798 6751 6507 6617 6915 6982 6927 6831 6841 7004 7095 6846 6615 6301 5851 5967 6417 6258 6048 6344 6280 5427 2660 -9999 -9999 4548 7125 7999 8244 8655 8956 8812 8321 7772 7580 7775 7814 7341 6931 6812 7141 7316 7524 7668 7763 7759 7722 7640 7871 8106 7953 7690 7876 8059 8139 7966 7754 7774 7696 7671 7530 7701 8211 8164 7742 7321 6830 6863 7342 7423 7382 7320 7076 6618
6690 6486 6545 6618 6651 6581 6371 6246 6325 6828 6965 6963 7198 7529 7504 7034 6683 6163 5624 5273 5458 6075 6368 6507 6480 6293 5650 3853 -9999 -9999 3792 6086 7252 7776 8928 9387 9301 8828 8263 7923 7776 7766 7335 6887 6736 7078 7356 7352 7465 7429 7356 7715 7825 7612 7755 7911 7732 7848 7812 7654 7610 7662 7508 -9999 7384 7343 7237 7900 8180 7769 7412 7257 7057 6924 6681 6696 6808 6444 6075
6601 6504 6528 6616 6757 6557 6375 6527 6518 7017 7834 7924 7949 8084 7945 7461 7319 6459 5212 4762 5197 5959 6431 6486 6341 6210 5388 4110 -9999 -9999 -9999 5093 5695 5409 5878 6818 7866 8653 8413 7814 7399 7571 7686 7182 6782 6978 7296 7111 7151 7161 6979 7148 7332 7282 7311 7693 7546 7535 7472 7360 7466 7415 -9999 -9999 7190 7217 7121 7387 7730 7779 7662 7627 7347 6829 6402 6383 6517 6097 5931
6468 6734 6953 6877 6778 6724 6793 6973 7411 7842 7912 7402 7204 7503 8358 8354 8039 7348 6051 5293 5638 5819 5903 5842 5986 6188 5679 3991 -9999 -9999 -9999 -9999 -9999 -9999 -9999 -9999 6101 7745 7987 -9999 7333 7550 7784 7406 6963 7047 7332 7307 7347 7319 7018 6859 7082 7594 7588 7820 7736 7352 7320 7262 7242 -9999 -9999 -9999 -9999 -9999 -9999 7005 7145 7573 7527 7401 7180 7001 6655 6524 6708 6399 6118
