test/net/g2lab/icchange/view/profile/olddata/rastert_classpr1.txt
ncols         452
nrows         411
xllcorner     527595,50307841
yllcorner     5934256,8476051
cellsize      5
NODATA_value  -9999
[rows 325 to 389 of 411, columns 0 to 95 of 452]
85 63 9 6 20 26 10 1 0 1 0 0 0 0 0 0 0 0 0 0 0 0 1 0 0 0 0 0 0 0 0 0 0 1 2 1 1 1 1 0 0 2 6 4 0 0 5 1 7 37 46 63 94 99 95 36 4 0 92 99 99 99 99 99 99 99 99 98 84 36 89 74 1 0 0 0 0 0 0 0 0 5 3 1 2 1 1 3 0 1 3 0 0 0 0 0
92 31 2 0 2 3 1 0 0 1 6 6 4 2 0 0 0 0 0 0 0 0 0 0 0 0 2 0 0 0 0 1 0 1 2 0 1 1 0 1 0 0 1 1 0 0 9 36 64 97 99 99 85 69 45 48 64 9 65 99 99 99 99 99 99 99 99 55 36 42 14 0 0 0 0 0 0 0 0 0 42 37 70 68 21 7 6 2 0 2 25 2 1 0 0 0
12 4 4 1 0 0 0 0 1 7 24 16 26 4 0 0 0 0 0 0 0 0 0 0 0 0 0 0 0 2 1 0 0 1 3 0 0 0 1 1 0 0 1 0 2 0 25 87 95 99 99 99 98 69 46 25 58 14 46 99 99 99 99 99 99 99 92 14 8 3 0 0 0 0 0 0 0 0 0 1 53 95 94 96 76 36 24 9 3 15 40 19 2 1 1 2
0 0 0 0 0 0 0 1 5 2 2 2 2 0 0 0 0 0 0 0 0 1 1 0 0 0 0 0 0 1 0 0 1 6 3 1 1 2 1 0 0 0 3 1 3 0 15 89 99 99 99 99 99 96 24 3 10 24 44 97 99 99 99 99 98 94 69 21 5 0 5 1 0 0 0 0 0 0 0 0 27 53 30 90 92 69 64 71 71 53 57 64 47 25 19 6
0 0 0 0 0 0 3 4 1 0 0 8 12 1 0 0 0 0 0 0 0 2 6 5 1 0 1 2 0 1 3 17 26 6 10 14 14 3 3 0 0 0 1 9 6 1 4 74 97 99 99 99 98 94 3 0 0 2 24 92 97 98 99 99 98 91 31 8 3 0 30 6 0 0 0 0 0 0 0 2 0 1 5 41 83 74 70 74 87 89 84 82 94 96 70 14
0 0 0 0 0 1 2 1 1 2 4 8 12 5 2 0 0 0 0 0 0 1 5 10 12 5 7 16 6 4 12 23 20 6 36 64 30 2 9 0 0 0 0 1 28 15 9 80 99 97 68 13 8 5 0 0 0 0 4 90 91 94 99 99 98 94 26 3 3 1 6 10 0 0 0 0 0 5 14 9 3 38 19 7 60 69 32 61 88 97 97 96 94 96 91 71
0 0 0 0 0 3 0 0 0 2 1 0 0 0 0 0 0 0 0 0 1 2 2 3 9 13 24 24 20 18 11 14 17 12 35 46 23 14 25 1 0 0 0 6 54 61 30 43 61 70 43 15 1 0 0 0 11 4 6 66 93 95 97 99 98 98 62 2 1 0 0 10 1 0 0 0 6 71 23 1 5 74 36 8 16 18 32 74 75 56 92 96 74 47 88 90
2 3 0 0 0 1 0 0 1 1 3 3 2 3 0 0 0 0 0 0 1 13 10 6 10 18 24 18 19 31 7 19 30 13 6 12 30 17 29 0 0 0 3 2 81 92 64 29 9 40 90 92 54 4 0 0 38 4 4 75 99 99 93 97 98 93 42 1 4 2 0 0 0 0 0 0 1 27 3 0 4 17 14 56 71 55 61 90 77 28 60 88 58 51 44 45
2 2 0 0 0 0 0 0 1 2 1 5 8 11 1 0 0 0 0 0 0 4 7 7 11 8 7 6 12 28 6 11 20 4 0 8 23 3 2 0 0 0 1 15 96 97 94 27 13 79 96 88 85 17 0 0 0 0 38 98 99 99 98 98 92 54 34 19 15 7 0 0 0 0 4 0 0 1 5 2 31 45 42 86 95 83 77 85 82 63 70 53 17 35 27 26
1 0 0 0 0 0 0 0 0 1 1 1 1 1 1 0 0 0 0 0 0 2 2 3 5 5 6 7 8 13 10 17 12 7 4 6 16 5 4 0 0 0 2 25 93 99 97 9 4 40 81 70 44 2 0 0 0 0 11 95 98 99 99 99 65 3 35 14 2 1 1 0 0 0 7 7 5 21 16 8 66 41 11 67 94 88 72 60 81 85 67 32 18 28 54 86
1 1 4 0 0 0 1 1 0 0 4 1 2 1 0 0 0 0 0 0 0 3 1 3 6 5 7 18 7 7 20 23 13 8 3 5 8 15 5 0 0 0 2 6 98 99 38 27 2 16 73 50 7 0 0 0 0 0 0 24 96 99 99 99 87 15 12 0 0 0 1 0 0 0 0 72 69 33 2 0 15 21 26 65 89 95 97 90 77 78 59 29 45 29 54 87
3 1 1 0 0 0 2 4 0 0 1 0 1 1 0 0 0 0 0 0 0 0 0 0 1 2 1 5 7 13 21 24 7 2 2 2 1 1 1 0 3 20 62 84 99 99 92 95 32 49 82 61 53 7 0 0 0 0 0 7 56 97 99 99 97 42 11 2 0 10 12 2 0 4 79 91 50 2 14 1 21 90 96 98 94 97 99 99 95 80 88 93 86 33 41 86
2 0 0 0 0 0 0 0 0 0 1 1 1 0 0 0 0 0 0 0 0 0 1 1 1 2 1 4 16 17 9 8 2 1 6 2 0 0 0 0 4 62 98 99 99 99 91 91 84 86 89 57 15 12 1 1 2 0 0 0 1 69 95 99 94 9 6 7 14 76 57 19 58 89 86 21 71 29 4 2 63 87 14 84 86 85 92 90 63 42 95 99 98 65 10 69
1 0 0 0 0 0 0 0 0 0 2 6 5 1 0 0 0 6 10 1 0 0 0 4 3 1 1 8 33 18 2 0 0 0 6 4 1 1 0 0 0 0 91 93 70 63 99 98 91 88 98 96 46 22 10 63 96 5 0 0 1 15 74 99 98 70 86 68 43 93 87 58 89 71 4 0 6 2 0 0 10 4 0 1 2 0 0 4 4 3 45 98 98 51 0 47
0 0 0 0 0 0 1 1 0 0 8 13 6 8 6 1 0 8 59 4 0 0 0 2 8 5 4 8 23 14 2 0 0 1 1 0 0 0 1 0 0 0 34 54 45 17 86 96 94 99 99 98 97 99 99 98 97 0 0 0 6 2 10 83 93 93 94 90 80 95 95 62 54 24 17 6 1 1 0 0 1 0 0 0 0 0 0 0 0 1 25 42 24 4 1 84
0 0 0 1 1 2 5 5 1 2 15 12 7 5 3 2 0 8 75 18 1 1 2 0 2 12 20 15 12 4 3 1 0 0 0 0 0 0 1 0 0 0 10 62 70 8 90 95 99 99 99 97 99 99 99 99 90 0 0 0 8 6 8 85 98 92 63 8 28 44 31 41 44 32 25 61 31 10 0 0 3 0 0 0 0 0 0 0 0 0 0 1 0 0 3 52
0 0 0 2 1 4 3 5 6 23 25 15 14 7 3 3 1 11 42 11 3 0 0 1 1 4 18 20 14 3 3 2 0 0 0 0 0 0 0 3 0 0 3 1 4 14 90 87 99 98 88 99 97 97 99 99 94 0 0 23 19 11 21 96 99 97 12 0 0 0 0 1 3 5 13 87 60 50 66 52 95 91 15 5 2 3 10 5 0 0 0 0 0 0 27 81
3 3 0 0 1 1 0 0 7 50 47 20 9 9 3 1 2 14 10 2 3 1 0 6 2 1 6 0 0 0 0 2 1 0 0 0 0 0 2 11 0 0 0 3 10 46 68 83 97 99 99 97 72 74 98 91 94 62 5 7 6 4 39 80 93 89 0 0 0 0 0 0 0 4 1 6 5 52 98 99 99 99 98 99 98 93 97 82 63 71 66 60 50 44 93 99
3 13 11 12 12 3 4 1 2 11 13 11 10 11 9 10 15 4 1 0 1 1 0 3 1 0 1 0 0 0 0 0 0 0 1 0 0 0 8 45 1 0 0 2 45 40 1 25 98 99 99 83 89 90 68 43 98 51 0 11 1 0 20 65 39 1 0 0 0 0 0 0 0 67 31 2 1 2 85 98 91 98 99 99 99 99 99 99 99 98 98 96 94 98 99 99
27 36 28 7 9 4 8 18 13 8 5 14 26 25 7 16 6 0 0 21 6 0 0 0 0 0 0 1 0 0 0 0 22 6 0 0 0 0 2 5 0 0 0 5 82 41 0 0 99 97 99 99 99 95 37 73 99 78 2 2 1 0 4 5 0 0 0 0 0 0 0 0 0 55 20 44 36 0 11 78 78 87 79 95 99 99 99 99 98 98 99 86 29 91 98 90
13 4 9 8 7 1 3 14 12 4 2 2 4 8 2 2 1 2 2 10 1 0 0 0 0 3 17 8 0 0 7 84 95 43 0 0 0 0 39 3 0 0 2 95 96 45 0 0 85 81 94 96 94 96 84 96 99 95 37 0 1 4 11 0 0 0 0 0 0 0 0 0 0 1 3 90 80 0 3 52 82 66 2 49 99 99 99 99 99 97 82 7 2 19 71 13
5 0 11 29 8 1 1 4 3 1 0 1 1 1 0 0 0 2 2 0 0 0 1 3 9 58 69 9 0 0 96 92 90 14 0 0 16 64 66 9 0 1 76 81 75 35 0 0 2 26 3 2 31 95 86 95 99 95 90 2 0 78 46 0 0 0 0 0 0 0 0 0 0 0 23 90 71 4 2 3 16 51 41 79 99 99 99 99 96 14 1 0 0 3 27 10
6 0 0 11 21 9 1 0 1 1 1 1 3 2 1 1 0 0 0 0 0 0 0 15 10 9 8 5 3 46 95 89 93 0 0 0 29 78 55 37 17 81 99 94 8 0 0 0 39 82 4 0 0 90 54 91 98 99 94 0 0 44 18 0 0 0 0 0 0 0 0 0 0 0 38 77 68 54 3 0 0 49 97 96 99 99 96 93 33 0 1 5 24 8 25 12
13 2 0 10 26 7 1 0 0 0 0 0 2 1 1 1 0 0 1 0 0 0 0 6 3 8 6 6 15 77 98 98 94 0 0 0 41 76 68 85 78 92 98 51 0 0 0 62 97 99 72 0 5 88 78 71 0 0 0 0 0 4 4 0 0 0 0 0 0 0 0 0 0 13 70 85 91 92 16 0 0 11 84 97 97 96 88 79 36 31 45 49 90 73 30 10
33 35 17 11 7 2 0 0 0 0 0 0 0 0 0 0 1 0 4 2 0 6 4 4 3 23 11 0 4 24 95 99 96 0 0 0 61 96 82 81 82 79 93 2 0 0 4 88 89 99 99 22 75 91 74 10 0 0 0 0 0 0 0 0 0 0 0 0 0 0 0 0 0 6 21 74 82 75 53 1 1 4 47 89 87 88 96 96 68 35 70 85 97 92 13 9
37 38 31 28 22 18 7 1 0 2 0 0 1 0 0 1 0 0 2 3 7 9 0 0 0 13 2 0 0 26 77 96 95 84 5 33 74 96 95 76 60 28 27 5 0 0 0 23 91 99 99 24 68 96 81 4 0 0 3 0 0 0 0 0 0 0 0 0 0 0 0 0 0 3 2 14 73 85 80 22 7 1 2 16 55 89 91 94 75 18 66 97 94 67 4 12
1 6 38 61 81 76 51 9 0 0 1 0 0 0 0 0 1 1 2 3 1 0 0 0 3 6 1 0 2 41 60 10 36 82 39 48 90 95 80 76 43 41 32 5 0 0 0 31 87 94 87 50 85 97 87 3 0 0 1 0 0 0 0 0 0 0 0 0 0 0 0 0 1 37 13 2 62 92 75 56 25 1 0 0 15 65 79 93 94 91 16 29 24 39 11 2
1 5 92 95 97 99 95 23 0 0 0 0 0 0 0 1 0 0 0 1 0 0 1 8 5 4 5 5 6 3 0 0 0 3 53 48 59 59 50 74 54 15 26 8 0 0 0 93 42 0 5 78 63 82 61 0 0 0 0 0 0 0 0 0 0 0 0 0 0 0 0 1 16 74 26 4 31 63 69 78 77 13 2 0 4 66 89 93 96 98 28 2 26 54 5 0
98 99 99 99 99 99 99 59 1 0 0 2 2 1 3 2 0 0 0 1 0 4 4 0 0 5 11 2 1 0 0 0 0 0 13 12 6 2 4 37 68 25 33 58 34 27 56 77 8 0 0 7 16 26 74 28 0 0 0 0 0 0 0 0 0 0 0 0 0 0 9 11 18 60 40 29 61 5 48 93 92 85 14 0 2 75 92 77 97 99 94 78 41 60 21 33
99 99 99 99 99 99 99 97 19 1 2 1 3 1 0 1 2 0 0 5 10 3 2 0 0 2 3 0 0 0 0 0 0 0 6 4 2 1 0 3 60 40 34 51 83 94 38 52 1 0 0 1 18 19 32 21 0 0 0 0 0 0 0 0 0 0 0 0 0 1 26 31 8 30 26 79 91 35 54 94 98 98 60 2 3 45 91 59 89 99 99 95 72 56 77 72
99 99 99 99 99 99 99 99 83 1 0 0 4 2 0 0 2 2 2 0 1 1 2 2 3 5 2 1 0 0 0 0 0 0 4 0 0 0 0 2 3 17 16 16 20 49 5 14 3 0 1 2 2 0 3 12 1 0 0 0 0 0 0 0 0 0 0 0 0 5 48 20 27 46 50 93 98 92 49 69 88 95 67 9 2 51 90 64 68 98 99 98 93 74 77 38
99 99 99 99 99 99 99 99 90 0 0 4 2 1 0 0 0 1 4 1 4 2 0 0 1 5 1 0 0 0 1 0 0 0 2 0 0 0 2 25 27 57 7 0 0 0 0 0 2 22 59 75 5 0 2 12 1 0 0 0 0 0 0 0 0 0 0 0 0 1 36 47 60 86 86 94 94 88 84 73 84 88 78 40 1 22 75 89 97 99 99 99 98 94 79 31
99 99 99 99 99 99 99 99 97 48 15 12 1 0 0 0 0 1 8 13 16 0 0 0 2 9 4 1 0 0 2 0 0 1 0 0 1 3 27 61 59 20 0 0 0 0 0 0 4 51 75 63 19 0 0 4 0 0 0 0 0 0 0 0 0 0 0 0 18 28 46 48 41 57 87 94 91 84 80 80 89 96 89 80 16 11 31 87 98 97 99 99 99 99 99 98
99 99 99 99 99 99 97 99 99 91 30 7 2 0 0 1 2 1 2 1 1 0 0 1 10 8 5 2 1 0 0 4 1 0 0 0 4 9 22 6 0 0 0 0 0 0 1 13 11 56 49 30 4 0 0 2 0 0 0 2 3 0 0 0 0 0 0 7 97 94 75 49 7 0 50 94 88 85 72 67 93 98 95 85 70 16 2 12 90 98 99 99 99 99 99 99
99 99 99 99 97 96 96 98 98 96 42 4 2 1 2 2 1 0 0 0 0 0 1 9 4 0 0 7 13 0 0 1 1 1 1 7 13 1 1 0 0 1 0 0 1 2 62 28 10 57 57 79 8 0 0 1 0 0 0 1 1 0 0 0 0 0 0 58 91 68 11 20 46 44 85 69 62 85 98 98 99 97 93 85 81 37 3 8 69 99 99 99 99 99 99 98
99 99 99 94 92 90 94 99 99 95 19 2 1 1 1 1 0 0 0 0 1 1 0 3 0 0 0 15 22 1 0 0 3 4 1 1 3 0 0 0 1 5 2 1 10 22 76 13 5 62 84 85 3 0 0 0 0 0 0 0 0 0 0 0 0 1 3 8 17 7 0 2 7 34 66 15 51 85 91 97 91 81 81 88 89 80 27 1 8 98 99 99 99 99 99 74
98 98 94 57 31 18 4 22 52 32 5 3 0 0 1 1 1 0 0 1 1 0 0 1 2 1 2 6 9 2 0 0 1 1 0 0 1 1 0 1 8 0 0 0 10 30 68 1 13 75 82 33 0 0 0 0 1 0 0 0 0 0 0 0 0 1 4 1 1 2 1 2 2 2 6 9 7 22 12 14 37 47 75 64 81 78 8 0 2 70 95 94 94 97 97 82
94 63 27 9 0 0 0 0 5 7 0 0 0 0 7 4 1 0 0 1 1 0 0 0 2 2 2 4 5 0 0 0 1 1 0 0 0 0 0 0 1 0 1 24 57 71 29 0 3 23 17 3 0 0 0 0 0 0 0 0 0 0 1 0 0 1 0 0 1 0 1 1 0 0 0 3 0 0 0 1 2 12 38 25 37 61 5 2 2 1 25 63 41 24 33 54
83 4 0 0 0 0 0 0 0 1 0 0 1 0 1 3 1 0 0 0 0 0 0 0 0 0 0 2 13 4 0 1 5 8 6 3 0 0 2 0 0 0 7 29 90 78 2 0 2 3 1 0 0 1 1 0 0 0 0 2 2 0 0 1 1 0 0 1 3 3 3 1 0 0 0 0 0 0 0 1 0 1 4 5 2 4 0 1 4 2 3 1 4 2 1 4
34 2 0 0 0 0 1 1 4 1 0 9 11 3 1 2 0 0 0 0 0 3 2 1 0 0 0 1 6 10 2 0 2 3 3 1 1 1 0 0 0 1 1 0 6 41 1 1 1 1 0 0 1 0 0 0 1 1 2 3 1 0 0 1 2 0 0 2 4 2 1 1 2 3 0 0 1 0 0 0 0 0 3 1 0 0 0 0 0 0 0 0 2 1 0 0
14 15 14 1 0 2 6 14 27 2 0 10 21 46 13 1 0 0 2 3 1 4 1 0 0 1 0 1 1 1 0 0 2 1 1 0 0 0 0 0 0 0 0 1 6 7 0 0 0 0 0 0 0 0 1 2 1 3 2 0 0 0 0 1 2 3 0 0 1 1 0 1 6 6 2 1 1 0 0 0 0 0 2 1 0 0 0 0 0 0 0 0 0 1 1 0
15 80 94 37 1 1 3 0 2 7 19 36 45 57 44 3 0 0 1 8 1 0 0 0 0 0 1 1 0 0 0 0 1 1 0 0 0 0 0 0 0 0 0 0 2 3 0 0 3 0 0 0 0 0 0 0 0 6 6 1 0 2 2 2 5 3 1 0 0 5 9 6 15 10 2 0 0 1 1 0 0 0 0 0 0 0 0 0 0 0 0 0 0 3 2 0
47 94 88 39 11 9 10 0 0 11 13 7 16 16 2 1 1 0 0 1 0 0 2 4 1 0 2 1 0 0 4 0 0 0 0 0 0 0 0 0 0 0 0 0 0 6 4 3 3 2 0 0 0 0 0 0 0 3 1 0 2 5 2 3 4 0 2 4 1 1 4 5 3 1 1 1 0 2 3 2 2 0 0 0 2 5 2 1 0 0 1 0 1 11 2 0
76 89 58 24 73 23 12 11 34 42 15 4 18 32 0 1 4 1 0 0 0 0 0 0 0 0 0 0 0 2 2 1 0 0 0 0 0 0 0 0 0 0 0 0 0 4 1 0 0 0 1 0 1 0 0 0 2 6 0 0 2 3 0 0 0 2 3 7 3 0 0 1 3 3 4 1 1 6 5 2 3 1 0 2 7 4 0 1 1 0 0 0 5 18 3 0
19 52 20 8 61 33 26 28 66 78 66 58 82 85 3 0 1 0 0 0 0 0 0 0 0 0 0 0 0 1 0 0 2 5 2 0 0 0 0 0 0 0 0 0 0 0 0 0 0 0 1 1 2 2 0 1 6 8 1 1 7 8 1 1 0 2 2 1 1 4 2 3 6 3 1 0 0 2 2 4 3 1 1 0 0 0 0 1 3 1 0 1 3 8 3 1
0 1 1 0 0 5 2 31 87 85 85 95 99 99 86 0 0 0 0 0 0 0 0 1 0 0 0 0 1 3 0 0 1 1 0 0 0 0 0 0 0 0 0 0 0 0 0 0 0 1 3 0 0 3 2 2 6 5 2 2 6 9 2 1 0 0 2 2 1 3 2 0 0 0 0 0 0 0 1 3 1 0 1 0 0 1 1 2 3 1 1 1 2 2 1 1
0 0 0 0 0 0 2 59 90 78 83 94 99 99 98 17 1 1 0 0 0 0 1 4 4 0 0 1 13 7 0 1 7 2 2 0 0 0 0 0 0 0 0 0 0 0 2 0 0 1 2 0 1 3 2 2 1 0 0 0 1 1 0 0 3 3 2 2 0 0 1 1 0 0 0 1 1 1 1 0 0 0 2 3 4 6 3 1 1 1 4 4 0 0 0 1
1 0 0 0 0 2 11 14 18 16 24 23 57 86 43 5 1 0 1 1 1 1 4 3 1 0 0 1 41 28 13 68 75 8 0 0 0 0 0 0 0 0 0 0 0 9 4 0 0 0 0 0 1 0 0 1 0 0 0 0 0 1 1 1 4 4 4 5 1 0 0 1 0 0 0 1 3 1 0 1 0 0 1 3 6 9 4 0 1 1 1 1 0 0 0 1
0 0 0 0 0 0 0 0 0 3 4 3 11 14 0 0 0 0 3 5 3 2 5 3 0 0 0 0 22 53 72 92 81 2 0 0 2 1 0 0 0 0 0 0 1 6 0 0 2 3 0 0 0 0 0 0 2 2 0 0 1 3 3 1 1 3 10 9 3 0 0 0 1 0 0 0 3 4 2 2 2 0 0 1 1 2 2 2 7 1 0 0 2 3 0 0
0 0 0 0 0 0 0 0 0 1 1 0 1 0 0 0 4 4 6 2 1 0 1 2 0 0 0 0 9 51 46 4 7 0 0 5 6 3 0 0 1 0 1 1 0 0 1 1 2 2 0 0 2 2 0 0 1 4 2 0 2 1 0 0 0 0 2 5 4 0 0 1 0 0 2 1 1 2 2 1 1 1 1 2 0 0 1 1 3 2 0 0 4 11 0 0
0 0 0 0 0 0 0 1 3 1 0 0 0 0 0 5 11 2 1 2 1 0 1 1 0 0 0 0 3 17 17 3 2 0 1 27 1 1 2 1 0 0 0 1 0 0 1 5 1 1 4 3 3 2 0 0 0 0 0 0 3 1 0 0 1 0 0 2 5 3 0 0 0 0 1 3 5 6 4 1 1 0 0 3 1 0 0 0 1 3 0 0 4 10 1 0
0 0 0 0 0 0 0 1 1 0 0 0 0 0 0 15 16 0 0 0 0 4 16 13 5 0 0 0 1 8 12 3 1 0 14 17 0 1 2 2 0 0 0 0 2 1 0 0 0 0 0 3 1 1 2 0 0 0 0 0 2 3 1 5 7 1 0 1 4 3 0 0 0 0 0 1 5 8 6 2 1 1 0 1 2 1 0 1 6 8 1 1 4 4 0 0
0 0 0 0 0 0 0 0 0 0 0 0 0 0 0 14 18 0 0 0 1 5 20 11 2 0 0 1 0 0 3 0 0 0 1 1 0 0 1 0 0 1 0 0 0 0 1 0 0 0 0 1 0 4 2 0 1 5 4 1 1 1 1 5 2 0 0 1 5 4 1 1 1 3 3 2 4 2 1 1 2 2 1 1 2 2 0 1 7 3 3 4 1 1 1 2
0 0 0 0 0 0 0 0 0 0 0 0 0 1 2 2 3 1 1 2 2 1 1 0 0 0 1 0 0 0 0 0 0 0 0 1 1 0 0 0 3 4 0 3 0 0 4 0 0 0 0 0 0 3 2 0 1 3 6 5 1 0 0 1 0 0 0 1 1 1 0 1 1 1 1 1 7 5 1 1 2 2 2 4 3 1 0 0 1 0 2 1 0 0 2 4
0 0 0 0 0 0 0 0 0 1 0 0 0 0 0 0 1 0 0 1 2 0 0 0 0 3 3 0 0 0 0 0 0 1 1 4 9 2 0 0 4 2 2 18 0 0 0 0 0 0 0 0 1 2 4 4 2 2 1 3 5 0 0 1 1 1 0 0 0 0 0 3 3 1 1 2 6 5 3 2 1 2 4 4 2 3 2 2 2 1 2 0 0 0 2 6
0 0 0 0 1 0 0 4 52 60 10 0 0 0 0 0 0 0 0 0 1 0 0 0 1 1 1 1 1 0 1 1 1 2 10 15 2 2 0 2 7 0 0 0 0 1 0 0 0 0 0 0 1 2 3 3 3 1 0 2 9 2 1 1 3 2 1 0 1 3 5 11 7 1 1 4 2 3 4 1 0 1 1 1 1 3 7 4 6 5 3 0 0 1 6 8
1 0 0 7 22 18 54 73 99 99 68 2 0 0 0 0 0 0 0 0 0 0 1 0 1 1 1 1 2 1 0 0 0 1 3 0 0 0 0 5 13 0 0 0 3 12 1 0 0 0 0 0 0 0 0 0 2 5 0 0 1 0 0 1 1 0 0 2 5 3 2 1 1 2 1 0 0 3 11 3 1 3 7 5 3 5 7 1 3 8 3 1 0 1 8 4
3 10 42 64 66 99 99 99 99 99 99 25 0 0 0 0 0 1 0 0 0 0 0 0 2 5 4 1 5 0 0 0 0 0 0 0 0 0 0 1 1 0 1 2 16 27 7 1 0 0 0 0 0 0 1 1 1 3 1 0 0 0 0 0 1 0 0 4 4 3 6 1 2 8 6 1 1 4 4 4 5 5 5 2 0 1 2 0 1 3 2 3 0 0 2 2
99 99 99 99 99 99 99 99 99 99 99 8 0 0 0 0 0 0 0 0 0 0 0 0 1 2 1 1 3 0 0 0 0 0 0 0 0 0 0 0 0 0 4 9 9 22 14 7 0 0 0 0 0 0 6 10 2 2 3 3 3 6 2 1 1 0 0 1 1 2 7 0 0 2 7 6 7 3 0 2 2 1 2 0 0 3 5 1 1 1 1 1 0 0 3 6
99 99 99 99 99 99 99 99 99 98 80 5 0 0 0 0 0 0 0 0 0 0 0 0 0 0 0 0 0 0 0 0 0 0 0 0 0 0 0 0 0 0 0 2 7 27 33 9 2 0 4 3 1 0 2 2 0 0 2 1 3 13 6 1 0 0 1 2 2 1 5 1 0 3 13 9 11 2 0 2 1 1 3 1 0 7 8 3 1 0 0 0 0 5 2 1
99 99 99 95 75 28 7 1 6 48 44 4 0 0 0 0 0 0 0 1 0 0 0 0 0 0 0 2 0 0 0 1 0 0 0 0 0 1 0 0 0 0 0 0 0 4 17 1 5 0 0 2 1 0 0 3 1 0 1 1 1 2 0 0 0 1 6 3 3 1 2 2 3 20 14 4 8 3 2 2 1 1 4 8 4 3 1 1 1 0 0 0 0 1 2 1
98 91 54 30 3 0 0 0 2 11 4 1 0 0 0 0 0 0 0 0 0 0 0 0 0 0 0 1 1 0 0 1 0 0 0 0 0 0 0 0 0 0 0 0 0 16 2 0 0 0 0 2 5 0 0 4 6 1 0 0 1 2 1 0 0 2 6 2 3 4 5 7 8 10 2 1 3 5 7 3 1 0 4 13 5 1 0 1 0 0 1 0 0 1 3 3
53 30 31 18 1 0 0 1 0 1 3 2 0 0 0 0 0 0 0 1 0 0 0 0 0 0 0 1 0 0 0 0 0 0 0 0 1 1 0 0 0 0 0 0 0 63 9 1 2 1 18 12 2 0 0 1 4 3 0 0 1 3 3 2 1 1 2 1 2 8 7 1 0 0 0 0 3 6 6 4 2 2 3 3 1 0 1 2 0 0 0 1 3 2 0 0
35 47 55 15 5 31 37 9 0 0 2 1 0 0 0 1 0 0 0 0 0 0 0 0 0 0 0 1 0 0 0 0 0 0 0 0 1 0 0 0 0 0 0 0 0 56 16 11 6 3 21 1 0 1 0 0 1 2 2 1 1 3 3 3 1 0 0 0 1 2 5 4 0 0 0 4 14 8 1 1 2 5 7 0 0 0 2 5 3 1 0 4 4 4 1 0
53 71 79 31 7 44 66 18 0 0 1 0 0 0 0 0 0 0 0 0 0 0 0 0 0 0 0 0 1 1 1 0 0 0 0 0 0 0 0 0 0 0 0 0 10 1 0 0 0 0 18 3 3 0 0 0 0 1 3 1 2 2 4 4 1 1 2 3 1 1 4 7 4 2 1 5 17 12 2 0 1 3 2 1 2 0 0 1 3 5 2 2 1 1 2 1
