test/net/g2lab/icchange/view/profile/olddata/rastert_delta052.txt
ncols         452
nrows         411
xllcorner     527595,50307841
yllcorner     5934256,8476051
cellsize      5
NODATA_value  -9999
[rows 315 to 349 of 411, columns 80 to 159 of 452]
-9999 -9999 -9999 -9999 -9999 546 562 -9999 -9999 -9999 -9999 -9999 -9999 -9999 -9999 -9999 -9999 -9999 -9999 -9999 -118 -9999 -9999 -9999 -135 -143 -451 49 368 107 -189 -76 -9999 -314 -345 -156 9 -170 -506 -527 -338 -278 -370 -532 -541 -452 -151 3 616 1101 807 279 -99 -141 -93 -214 -51 266 343 348 193 129 351 -16 -260 93 324 -175 -467 -222 -90 -396 -659 -495 -350 -536 -519 -146 232 152
-9999 -9999 -9999 -9999 -9999 -160 -259 -9999 -9999 -9999 -9999 -9999 -9999 -9999 17 -9999 -228 -538 -494 -27 193 106 57 106 -353 -307 -211 -340 -317 -377 -441 -135 -158 -364 -453 -415 -401 -351 -397 -314 -38 -9 -400 -607 -457 -322 -325 -124 -9999 1066 711 263 155 -96 -229 -323 -54 324 478 453 383 216 130 -52 -36 198 186 -14 -256 -252 -41 -330 -732 -629 -289 -278 -240 -48 153 77
-9999 206 -9999 -146 -288 -413 -543 -497 -134 -9999 -408 2 271 50 -219 -196 -67 -52 -166 -105 -84 -65 -201 -153 -197 -320 -414 -777 -736 -326 -129 -224 -308 -254 -199 -191 -76 -221 -194 -252 -270 -162 -140 -216 -278 -238 -253 -107 -9999 -9999 493 221 414 -141 -381 -166 -38 90 170 212 364 369 216 76 295 233 -17 10 144 -9999 239 -49 -623 -576 -228 -82 26 -53 -9999 7
-444 -479 -434 -467 -399 -510 -742 -733 -456 -380 -333 -141 -11 -156 -420 -451 -295 -179 -367 -606 -500 30 23 -140 -189 -641 -768 -786 -868 -695 -560 -567 -619 -647 -470 -146 51 -345 -535 -308 -116 -26 89 107 -122 -292 -258 -99 -9999 -9999 324 43 204 -131 -165 16 -4 17 214 234 281 348 157 82 389 390 109 -25 154 -9999 -9999 96 -349 -425 -445 -412 -218 -140 -235 -119
-942 -744 -501 -426 -492 -590 -814 -760 -434 -306 -452 -309 -268 -333 -480 -435 -380 -396 -530 -533 -340 68 -71 -310 -403 -600 -758 -858 -990 -1106 -1124 -551 -129 -265 -493 -438 -234 -225 -223 -173 -143 -110 -115 -137 -98 -251 -249 3 605 -9999 313 -27 58 206 168 94 92 248 602 581 271 140 31 5 339 433 200 -57 -9999 -9999 -9999 -9999 -9999 -365 -463 -651 -642 -441 -386 -231
-761 -451 -601 -529 -587 -526 -457 -300 -206 -341 -553 -245 -198 -403 -400 -239 -155 -265 -338 -303 -316 -195 -171 -405 -510 -617 -667 -707 -866 -968 -941 -561 -17 -66 -482 -437 -394 -433 -440 -394 -470 -364 -34 116 -5 -250 -278 0 560 701 260 134 180 229 131 37 111 315 407 291 122 122 97 1 236 265 77 -9999 -9999 -9999 -9999 -9999 -9999 -49 -17 -346 -396 -328 -299 -214
-508 -448 -456 -579 -522 -199 87 18 127 -127 -347 -187 -33 -179 -286 -258 -67 -63 -148 -154 -320 -236 -3 -263 -334 -424 -472 -524 -729 -911 -767 -496 -247 -265 -438 -292 -383 -615 -696 -498 -240 -239 -104 49 -121 -310 -102 188 505 446 179 41 207 236 91 47 19 329 497 301 191 232 267 280 355 150 -94 -9999 -9999 -9999 -20 -111 -344 -26 174 -118 -99 -63 -169 -198
-238 -533 -502 -470 -371 -224 79 206 229 -47 -354 -347 -321 -246 -254 -326 -253 -234 -104 -12 -23 -93 -66 -153 -301 -397 -479 -515 -569 -615 -466 -304 -276 -264 -124 51 -204 -345 -397 -241 -8 -103 -364 -248 33 5 82 419 548 405 422 449 519 294 178 202 84 167 408 391 217 147 359 610 512 184 -198 -9999 -9999 192 -2 23 -194 -224 -9999 -9999 -160 52 -6 -276
-335 -755 -506 -403 -512 -264 -59 70 -56 -100 -416 -510 -390 -305 -101 13 71 28 184 223 263 236 81 -75 -397 -469 -515 -585 -555 -456 -324 -318 -363 -156 -101 -1 -96 -160 -150 -128 -78 -81 -188 -177 98 126 166 473 529 431 620 825 690 185 -40 176 282 60 126 327 391 374 532 691 443 179 -135 -9999 -9999 -9999 -9999 -9999 -94 -286 -421 -9999 -9999 -9999 -9999 -9999
-475 -619 -438 -296 -401 -235 -177 89 6 -419 -332 -190 -126 -277 -61 91 55 61 189 114 102 178 113 -28 -260 -430 -497 -396 -406 -460 -399 -271 -268 -214 -362 -198 28 -82 -179 -290 -291 -78 75 43 130 176 257 466 418 395 493 713 548 91 39 69 230 156 268 453 573 498 532 353 -141 -9999 -58 -9999 132 59 -9999 -141 -213 -258 -405 -9999 -9999 -9999 -9999 -9999
-378 -334 -338 -179 -390 -303 97 90 -146 -512 -188 -108 -195 -355 -342 -287 -280 -134 98 44 -42 -136 -53 -19 9 -88 -124 70 38 -274 -440 -331 -191 -134 -71 -172 6 -35 -278 -331 -329 -246 -43 202 -9999 321 554 726 560 393 366 475 397 314 351 -23 -99 180 448 523 493 316 171 3 -9999 -9999 111 -9 52 -84 -9999 -209 -273 -323 -265 -9999 -9999 -9999 -9999 -9999
-669 -536 -9999 -9999 -355 -421 -181 -225 -283 -373 -360 -262 -287 -290 -270 -261 -191 30 103 -74 -104 -252 -243 -82 16 122 96 174 191 -9999 -331 -256 18 58 -146 -280 -73 -73 -238 -288 -369 -372 -256 311 -9999 -9999 -9999 821 606 590 536 437 362 452 496 295 213 353 505 468 454 374 124 -9999 -9999 -9999 -9999 -9999 -155 -175 -9999 -255 -229 -239 -30 -9999 -9999 -9999 -9999 -9999
-9999 -9999 -9999 -9999 -212 -291 -387 -378 -369 -215 -86 -96 -184 -12 161 160 67 58 -161 -356 -97 122 -29 -71 -26 -23 -231 -213 120 -9999 -68 29 90 -48 -159 -132 -122 -279 -407 -357 -304 -238 -9999 -9999 -9999 -9999 -9999 497 296 484 688 560 394 233 171 184 350 451 448 365 398 536 361 -9999 -9999 -9999 -9999 -9999 -213 -231 -274 -193 -58 55 -9999 -9999 -9999 -9999 -9999 -9999
-383 -81 -400 -9999 -9999 -272 -313 -9999 -9999 -227 -51 69 -58 41 95 79 6 -88 -355 -440 -93 187 -2 -4 -20 -260 -249 -158 70 -45 71 -9999 -9999 -11 75 170 180 14 -298 -284 -176 -9999 -9999 -9999 -9999 -9999 -9999 244 378 487 728 663 411 111 177 382 480 505 653 563 367 371 -9999 -9999 -9999 -9999 -9999 -9999 -48 -156 -311 -157 -15 -9999 -9999 -9999 -9999 -9999 -9999 -9999
-426 -251 -523 -373 -9999 -427 -203 -267 -9999 -9999 -64 88 -9999 -9999 -164 -67 -24 12 -132 -87 -155 -159 -106 -12 1 -186 -93 -9 77 84 -9999 -9999 -9999 91 140 9 36 166 3 -77 -163 -9999 -9999 -9999 -9999 -9999 113 298 386 428 667 541 332 328 632 652 588 515 619 595 284 35 -9999 -9999 -9999 -9999 -9999 -9999 -9999 -9999 -303 -290 -270 -9999 -9999 -9999 -9999 -9999 -9999 -9999
-344 -226 -352 -356 -139 -137 -134 -243 -9999 -9999 -9999 -9999 -115 -343 -264 73 168 -49 -223 42 -226 -339 -38 89 179 -72 -151 -27 17 -9999 -9999 -9999 -9999 -9999 315 190 -29 98 281 267 -88 -309 215 -9999 367 293 375 407 210 345 637 546 445 546 720 508 461 473 451 411 312 195 -9999 -9999 -9999 -9999 -9999 -9999 -9999 -9999 -313 -378 -331 -9999 -9999 -9999 -9999 -9999 -9999 -9999
-405 -154 -174 -382 -185 -9999 -9999 -206 -9999 -9999 -9999 -9999 -126 -355 -9999 -9999 -170 -202 -99 104 -52 -13 200 186 43 -39 -164 -111 -9999 -9999 -9999 -9999 -9999 -9999 -9999 374 77 6 26 -72 -226 -155 404 943 568 307 375 327 116 178 409 500 428 250 310 380 416 305 199 198 321 387 -9999 -9999 -9999 -9999 -9999 -9999 -106 -204 -270 -279 -202 -9999 -9999 -9999 -9999 -9999 -9999 -9999
-376 -183 -105 -9999 -9999 -9999 -337 -286 -298 21 328 -9999 -215 -9999 -9999 150 -94 50 396 254 -9999 -9999 -9999 -9999 -286 231 -9999 -9999 -9999 -9999 -9999 -9999 -9999 -9999 -9999 -9999 -9999 -9999 -9999 -340 -167 -9999 709 954 565 98 59 138 138 29 210 368 254 216 182 275 297 41 -111 -9 171 -9999 -9999 -9999 -9999 -9999 -9999 101 -112 -225 -259 -293 -154 -9999 -9999 -9999 -9999 -9999 -9999 -9999
-191 -173 -172 -9999 -9999 -53 -173 -200 -83 6 113 31 47 -9999 -9999 177 187 15 -7 -15 -9999 -9999 -320 -431 -422 -41 -138 -94 16 -9999 -9999 -9999 -9999 -9999 -9999 -9999 -9999 -9999 -86 -78 29 -9999 517 638 529 97 -10 238 320 105 281 365 129 46 288 310 132 -80 -172 -9999 -9999 -9999 -9999 -9999 -9999 -159 -9999 -9999 -64 -313 -425 -313 -9999 -9999 -9999 -9999 -9999 -9999 -9999 -9999
-389 -240 -325 -522 -9999 -9999 -288 -152 -90 -172 -19 -131 30 -9999 -320 -196 129 152 -35 -1 181 -196 -594 -598 -681 -537 -415 -343 -168 -278 -9999 -312 -162 -136 -9999 -281 -284 -249 -223 -7 217 418 417 573 555 158 -4 395 442 188 182 126 20 94 538 609 142 -139 29 -9999 642 -9999 -9999 -9999 -9999 -9999 -9999 -9999 177 -25 -272 35 -9999 -9999 -9999 -9999 -9999 -9999 -9999 -9999
-419 -309 -319 -249 -9999 -9999 -9999 -9999 -144 146 269 -138 -175 7 -192 77 457 329 -4 1 135 -172 -771 -842 -695 -391 -325 -514 -311 -302 -504 -421 -1 -22 -285 -144 -295 -318 -209 -5 368 630 571 582 434 159 42 340 425 301 135 37 114 190 374 598 264 -49 167 -9999 -9999 -9999 -9999 -9999 -9999 -15 -9999 -9999 392 249 35 -9999 -9999 -9999 -9999 -9999 -9999 -9999 -9999 -9999
-394 -9999 -9999 -9999 -9999 -9999 -9999 -9999 -9999 -9999 -9999 -9999 -9999 -9999 -152 82 433 185 -149 44 232 -170 -650 -638 -377 -346 -334 -402 -338 -241 -214 -88 77 -17 -186 -64 -263 -229 -17 156 442 739 561 339 151 194 135 248 355 366 271 181 103 177 227 254 132 128 183 -9999 -9999 -9999 -9999 -9999 -9999 -9999 -9999 -9999 -9999 -9999 -9999 -9999 -9999 -9999 -9999 -9999 -9999 -9999 -9999 -9999
-427 -9999 -252 -199 -202 -210 -9999 -9999 -9999 -9999 -9999 -9999 -9999 -9999 -342 -221 -9999 -9999 175 322 221 -106 -240 -189 -150 -182 -209 -219 -228 -57 -116 -134 -80 38 41 -99 -255 -10 286 403 472 612 281 87 103 332 250 129 233 263 319 232 -7 -25 -53 -223 -214 -9999 -9999 -9999 -9999 -9999 -9999 -9999 -9999 -9999 -9999 -9999 -9999 -9999 -9999 -9999 -9999 -9999 -9999 -9999 -9999 -9999 -9999 -9999
-416 -257 -323 -186 -171 -356 -552 -385 -156 -403 -330 -9999 -9999 -9999 -448 -238 -9999 -9999 -9999 257 230 16 -51 51 19 -6 -36 -110 -65 80 -207 -206 -55 -5 212 76 -36 168 293 522 605 438 74 114 282 368 220 -25 -10 55 125 275 156 -71 -194 -241 -9999 -9999 -9999 -9999 -9999 -9999 292 -9999 -9999 -9999 -9999 -9999 -9999 -35 -9999 -9999 -9999 -9999 -9999 -9999 -9999 -9999 -9999 -9999
-71 -136 -331 -239 -466 -744 -666 -366 -371 -660 -424 -123 -9999 -9999 -280 -9999 -9999 -9999 -9999 -9999 344 -9999 169 390 193 159 279 -9999 -9999 -9999 -9999 -9999 81 -9999 -9999 -9999 -9999 144 301 414 456 351 68 166 356 306 157 -191 -205 -72 -41 286 401 60 -237 -247 -9999 17 -9999 -9999 -9999 349 -9999 -9999 -9999 -9999 -9999 -9999 -9999 -9999 -9999 -9999 -9999 -9999 -9999 -9999 -9999 -9999 -9999 -9999
-9999 -9999 -186 -244 -398 -424 -237 -76 39 -215 -239 6 -9999 -9999 -9999 -42 -9999 -9999 -9999 -9999 -9999 -9999 -9999 -9999 -9999 -9999 -9999 -9999 -9999 -9999 -9999 -9999 -9999 -9999 -9999 -9999 -9999 312 473 245 253 309 66 162 215 181 112 -87 -15 -12 -25 216 177 -196 -247 -9999 -9999 -9999 -9999 -9999 -9999 -9999 -9999 -9999 90 167 -9999 -9999 -9999 -9999 -9999 -9999 -9999 -9999 -9999 -9999 -9999 -9999 -9999 -9999
-9999 -9999 -9999 -9999 -9999 -9999 -9999 -9999 -9999 -9999 -9999 -9999 -9999 479 -9999 -9999 -9999 -9999 -9999 -9999 -9999 -9999 -9999 -9999 -9999 -9999 -9999 -9999 -9999 -9999 -9999 -9999 -9999 -9999 -9999 -9999 518 642 604 243 60 76 103 143 53 -21 24 106 279 157 138 291 125 -306 -42 466 -9999 -9999 -9999 -9999 -9999 -9999 -9999 -9999 -116 -9999 -9999 -9999 -9999 -9999 -9999 -9999 -9999 -9999 -9999 -9999 -9999 -9999 -9999 -9999
-9999 -9999 -9999 -9999 -9999 -9999 -9999 -9999 -9999 -9999 -9999 -9999 -9999 -9999 -9999 -9999 -9999 -9999 -9999 -9999 -9999 -9999 -9999 -9999 -9999 -9999 -9999 -9999 -9999 -9999 -9999 -9999 -9999 -9999 -9999 -9999 733 645 571 332 171 140 191 203 253 273 149 226 348 233 165 119 -3 -188 -9999 356 -9999 -9999 -9999 -9999 -9999 -9999 -9999 65 -207 -9999 -9999 -90 -9999 -9999 -9999 -9999 -9999 -9999 -9999 -9999 -9999 -9999 -9999 -9999
-9999 -9999 -9999 -9999 -9999 -9999 -9999 -9999 -9999 -9999 -9999 -9999 -9999 -9999 -9999 -9999 -9999 -9999 -9999 -9999 -9999 -9999 -9999 -9999 -9999 -9999 -9999 -9999 -9999 -9999 -9999 -9999 -9999 -9999 -9999 -9999 484 463 428 220 216 250 231 73 154 228 55 173 156 -38 -105 -165 -74 -9999 -9999 -9999 -9999 -9999 -9999 200 -9999 -9999 -9999 -9999 -9999 -9999 -9999 -9999 -9999 -9999 -9999 -9999 -9999 -9999 -9999 -9999 -9999 -9999 -9999 -9999
-314 -207 -140 -9999 -9999 -9999 -9999 -9999 -9999 -9999 -9999 -9999 -156 -317 -9999 363 -129 -614 -359 -9999 -9999 -9999 -9999 -9999 -9999 -9999 -9999 -9999 -9999 -9999 -9999 -9999 -9999 -9999 -9999 -9999 367 425 146 -76 69 333 365 228 135 -22 -66 241 296 -5 -218 -289 -9999 -9999 -9999 -9999 -9999 -9999 -9999 -9999 -9999 -9999 -9999 215 -9999 -9999 338 -9999 -9999 -9999 -9999 -9999 -9999 -9999 -9999 -9999 -9999 -9999 -9999 -9999
-419 -251 -106 -292 -9999 -9999 -9999 -9999 -9999 -170 60 209 -33 -137 97 195 -228 -343 23 64 -9999 82 -65 116 -9999 -9999 -9999 -9999 -9999 -9999 -9999 -9999 -9999 -9999 -9999 404 386 108 -174 -213 47 328 411 377 307 15 -44 232 301 142 -84 -54 -9999 -9999 -9999 -9999 -9999 -9999 -9999 -9999 -9999 397 -246 -382 183 513 -9999 -9999 -9999 -9999 -9999 -9999 -9999 -9999 -9999 -9999 -9999 -9999 -9999 -9999
-194 -102 -153 -175 -9999 -9999 -9999 15 -112 -181 -221 -220 -314 -279 -81 -119 -316 -171 -141 -175 180 49 -212 -84 -134 -210 -42 -9999 -9999 213 219 313 290 -60 -101 296 205 -145 -246 -98 141 345 299 277 178 -103 -15 189 106 2 -36 -9999 -9999 -9999 484 -9999 -9999 -9999 -9999 -9999 -9999 138 -199 -325 225 412 -9999 -9999 -9999 -9999 -9999 -9999 -9999 -9999 -9999 -9999 -9999 -9999 -9999 -9999
-12 -330 -9999 -9999 -9999 -9999 434 13 -226 -229 -245 -314 -341 -293 -26 -112 -283 -297 -455 -203 11 -231 -251 -289 -205 -43 87 -122 -305 17 -24 167 467 397 232 218 207 73 70 119 252 350 274 255 -6 -239 78 359 276 121 -9999 179 -9999 -9999 -9999 467 273 -9999 -9999 -9999 -9999 62 159 205 -9999 -9999 -9999 -9999 -9999 -9999 -9999 -9999 -9999 -9999 -9999 -9999 -9999 -9999 -9999 -9999
-312 -762 -596 -9999 -9999 -9999 334 54 -324 -318 -193 -128 -80 -15 249 124 -154 -295 -199 -31 -128 -349 -244 -302 -169 32 -83 -325 -297 183 174 231 532 775 823 327 169 386 359 296 297 207 -20 149 -41 -261 94 334 401 366 214 241 -9999 -9999 -9999 392 -9999 -9999 -9999 -9999 -9999 -9999 -9999 188 164 -9999 -9999 -9999 -9999 -9999 -9999 -9999 -9999 -9999 -9999 -9999 -9999 -9999 -9999 -9999
-348 -552 -437 -253 -134 -9999 -9999 -9999 -366 -335 -69 -172 -152 -10 30 -151 -212 -128 -158 -251 -506 -496 -301 -253 -369 -361 -358 -282 -255 -145 -35 154 317 587 743 148 47 459 417 464 426 245 130 314 95 -190 63 294 -9999 -9999 -9999 -9999 -9999 -9999 -9999 -9999 -9999 -9999 -9999 -9999 -9999 -9999 259 305 235 -9999 -9999 -9999 -9999 -9999 -9999 -9999 -9999 -9999 -9999 -9999 -9999 -9999 -9999 -9999
