test/net/g2lab/icchange/view/profile/olddata/rastert_delta053.txt
ncols         452
nrows         411
xllcorner     527595,50307841
yllcorner     5934256,8476051
cellsize      5
NODATA_value  -9999
[rows 296 to 332 of 411, columns 82 to 163 of 452]
-445 -270 -134 -380 -579 -189 -132 -296 -372 -493 -483 -392 -469 -418 289 623 190 -215 -955 -1537 -1621 -1585 -1518 -1468 -1422 -1255 -939 -919 -953 -765 -771 -909 -1077 -1079 -933 -821 -810 -618 -624 -874 -1020 -1105 -898 -751 -879 -1056 -1270 -1466 -1951 -2164 -1910 -1496 -1344 -1492 -1389 -1500 -1707 -1711 -1963 -1663 -928 -476 -516 -807 -820 -1145 -1509 -1456 -1483 -1624 -1577 -1807 -2159 -2056 -1855 -1784 -1466 -1051 -936 -954 -968 -854
-699 -485 -339 -450 -434 -118 -25 -78 -86 -116 -151 -34 -56 -77 84 -45 -280 -393 -1066 -1656 -1375 -1312 -1341 -1336 -1176 -1047 -1046 -1116 -832 -478 -534 -836 -1100 -1183 -1186 -1060 -994 -836 -531 -689 -783 -853 -857 -624 -673 -815 -1017 -1309 -1736 -2148 -2097 -1737 -1520 -1585 -1601 -1539 -1680 -1752 -1672 -1138 -648 -706 -783 -992 -1271 -1391 -1467 -1518 -1465 -1687 -1811 -1911 -2081 -1905 -1484 -1232 -1124 -940 -828 -827 -775 -659
-878 -606 -411 -469 -398 -283 -291 -383 -233 -168 -414 -402 -296 -395 -617 -604 -411 -526 -1280 -1745 -1291 -1147 -1161 -1236 -1109 -993 -1062 -959 -544 -309 -479 -740 -1123 -1301 -1328 -1224 -1135 -953 -664 -755 -889 -1001 -969 -627 -601 -787 -855 -1096 -1451 -1939 -2038 -1725 -1562 -1362 -1334 -1347 -1484 -1604 -1362 -875 -719 -913 -982 -1088 -1404 -1343 -1532 -1847 -1904 -2094 -2025 -1645 -1556 -1721 -1442 -967 -956 -950 -881 -822 -790 -626
-804 -608 -538 -659 -705 -650 -734 -855 -524 -317 -690 -821 -612 -671 -823 -667 -454 -817 -1429 -1973 -1725 -1299 -1341 -1520 -1270 -1087 -1059 -882 -574 -579 -592 -669 -1068 -1258 -1134 -1036 -917 -779 -692 -804 -1058 -1116 -930 -647 -584 -813 -716 -825 -1311 -1742 -1836 -1594 -1382 -1139 -1154 -1339 -1413 -1431 -1362 -1242 -1214 -1282 -1261 -1229 -1541 -1577 -1705 -1950 -2168 -2236 -1912 -1404 -1246 -1445 -1342 -1050 -901 -864 -835 -858 -922 -732
-741 -824 -920 -1065 -1089 -817 -788 -973 -889 -692 -700 -746 -661 -755 -826 -694 -556 -1015 -1556 -2111 -2047 -1639 -1685 -1791 -1652 -1472 -1284 -1048 -868 -863 -643 -513 -774 -962 -770 -630 -643 -630 -632 -763 -917 -672 -533 -461 -494 -788 -736 -748 -1274 -1670 -1710 -1518 -1285 -1244 -1375 -1551 -1480 -1314 -1492 -1675 -1521 -1375 -1363 -1488 -1841 -2086 -2199 -2247 -2227 -2068 -1725 -1336 -1126 -1208 -1078 -1091 -1026 -923 -775 -911 -1014 -720
-839 -1018 -1042 -1129 -1096 -825 -769 -1035 -1186 -1052 -827 -827 -819 -801 -809 -710 -596 -953 -1709 -2104 -2091 -1948 -2040 -2057 -1991 -1798 -1533 -1195 -970 -932 -738 -493 -570 -702 -591 -431 -427 -505 -653 -700 -574 -330 -325 -321 -406 -685 -701 -705 -1311 -1750 -1726 -1551 -1360 -1344 -1367 -1676 -1695 -1454 -1515 -1757 -1739 -1598 -1665 -1915 -2164 -2380 -2219 -2008 -1959 -1848 -1506 -1263 -1327 -1213 -1014 -1194 -1242 -1020 -823 -1125 -1163 -891
-843 -803 -871 -835 -962 -979 -969 -976 -1111 -1076 -856 -980 -949 -709 -648 -632 -596 -711 -1639 -2311 -2282 -2248 -2255 -2181 -2081 -1884 -1647 -1473 -1189 -980 -960 -789 -773 -873 -795 -601 -398 -447 -643 -715 -468 -281 -298 -377 -496 -657 -545 -751 -1188 -1684 -1799 -1550 -1403 -1250 -1172 -1590 -1831 -1731 -1630 -1680 -1923 -2057 -2123 -2305 -2335 -2253 -1908 -1608 -1597 -1563 -1496 -1404 -1524 -1348 -1100 -1329 -1380 -1182 -1014 -1310 -1273 -1134
-754 -774 -914 -760 -958 -1138 -1045 -820 -923 -1061 -921 -1047 -857 -532 -514 -584 -514 -637 -1544 -2557 -2767 -2574 -2424 -2268 -2140 -2045 -1910 -1817 -1511 -1201 -980 -748 -861 -1032 -997 -729 -423 -459 -665 -768 -492 -277 -332 -492 -636 -529 -421 -822 -1109 -1616 -1907 -1599 -1313 -1069 -1073 -1461 -1539 -1655 -1893 -2046 -2251 -2414 -2487 -2458 -2261 -2062 -1860 -1736 -1759 -1755 -1679 -1522 -1419 -1491 -1469 -1557 -1593 -1516 -1443 -1569 -1457 -1258
-931 -1130 -1161 -969 -1006 -1024 -915 -723 -877 -998 -889 -826 -653 -468 -576 -749 -526 -766 -1426 -2462 -3065 -2694 -2600 -2462 -2260 -2203 -2135 -1774 -1292 -1035 -748 -652 -901 -1103 -1031 -866 -500 -498 -741 -821 -582 -299 -406 -708 -743 -564 -600 -935 -1231 -1747 -2083 -1837 -1303 -1135 -967 -1278 -1799 -2042 -2283 -2383 -2499 -2419 -2117 -2029 -2204 -1997 -1732 -2046 -2124 -1914 -1724 -1810 -1853 -1796 -1569 -1613 -1705 -1762 -1684 -1583 -1470 -1322
-937 -960 -1031 -950 -871 -824 -791 -748 -874 -814 -669 -523 -573 -646 -723 -779 -595 -783 -1211 -1952 -2703 -2590 -2482 -2389 -2214 -2156 -2126 -1695 -1122 -987 -941 -1008 -1169 -1266 -1227 -996 -633 -583 -783 -792 -480 -379 -497 -791 -837 -888 -1117 -1208 -1577 -2110 -2125 -1898 -1552 -1476 -1245 -1523 -2294 -2353 -2557 -2516 -2348 -2085 -1806 -1922 -2183 -2120 -1862 -2043 -1975 -1802 -1802 -2048 -2204 -1833 -1450 -1717 -1961 -1811 -1602 -1255 -1084 -1049
-902 -865 -835 -790 -694 -661 -720 -753 -733 -569 -617 -555 -614 -781 -725 -590 -553 -603 -994 -1638 -2156 -2243 -2155 -2246 -2117 -1970 -1907 -1660 -1347 -1315 -1398 -1443 -1618 -1688 -1358 -1041 -793 -631 -440 -245 -103 -597 -865 -794 -723 -983 -1329 -1381 -1941 -2201 -1886 -1763 -1590 -1656 -1878 -2069 -2280 -2409 -2556 -2509 -2169 -2041 -2007 -2093 -2066 -1827 -1522 -1582 -1807 -1988 -2096 -2169 -2236 -2037 -1784 -1933 -1916 -1719 -1569 -1166 -1024 -1171
-936 -948 -911 -996 -938 -829 -793 -736 -726 -753 -899 -769 -685 -807 -749 -616 -574 -490 -875 -1466 -1764 -1680 -1804 -2215 -2251 -2123 -1963 -1945 -1693 -1583 -1741 -1582 -1553 -1526 -1152 -964 -698 -353 -112 106 75 -585 -1111 -796 -566 -749 -990 -1071 -1505 -1686 -1109 -895 -941 -1531 -2269 -2722 -2920 -2624 -2297 -2351 -2125 -1907 -1994 -2218 -2116 -1594 -1252 -1695 -2141 -2110 -2180 -2218 -2179 -2167 -2001 -1794 -1646 -1466 -1312 -1120 -1399 -1723
-855 -702 -615 -777 -922 -902 -803 -840 -861 -918 -1023 -910 -796 -765 -548 -552 -539 -427 -667 -1203 -1380 -1071 -1523 -2101 -2116 -2052 -1899 -1912 -1778 -1710 -1622 -1354 -973 -833 -763 -849 -548 -328 -464 -530 -463 -806 -1231 -985 -628 -669 -657 -473 -717 -1211 -790 -371 -629 -1242 -2167 -2816 -2945 -2654 -2221 -2110 -1929 -1785 -1923 -2224 -2353 -2044 -1698 -2090 -2271 -1864 -2034 -2325 -2242 -2139 -1991 -1805 -1668 -1302 -1271 -1520 -1783 -1914
-822 -819 -680 -637 -720 -852 -811 -746 -599 -650 -857 -948 -824 -578 -400 -532 -516 -406 -552 -1099 -1270 -1110 -1454 -1816 -1725 -1581 -1430 -1219 -1055 -1042 -1010 -889 -595 -489 -716 -883 -689 -485 -776 -1041 -951 -1006 -1113 -998 -733 -725 -801 -376 -510 -888 -633 -406 -807 -1324 -1859 -2339 -2499 -2653 -2258 -1937 -1896 -1702 -1737 -1885 -1885 -1899 -1955 -2153 -2036 -1710 -1903 -2271 -2170 -1937 -1975 -1892 -1713 -1581 -1844 -2027 -2005 -1941
-744 -861 -824 -765 -832 -960 -915 -640 -448 -650 -781 -812 -688 -595 -507 -520 -591 -584 -693 -1248 -1494 -1204 -1214 -1324 -1321 -1214 -1128 -838 -615 -670 -626 -662 -680 -698 -824 -923 -801 -573 -726 -926 -845 -990 -1147 -1176 -1013 -1116 -1131 -465 -555 -1025 -914 -810 -1094 -1392 -1514 -1703 -2113 -2439 -2199 -1942 -1989 -1772 -1897 -2005 -1922 -1983 -2018 -2028 -2065 -1951 -1858 -1924 -1915 -1736 -1737 -1789 -2004 -2225 -2316 -2068 -1872 -1822
-707 -692 -591 -606 -799 -967 -880 -690 -679 -905 -870 -753 -731 -881 -875 -692 -669 -700 -934 -1259 -1180 -963 -998 -1002 -1048 -989 -1006 -928 -862 -926 -846 -856 -1037 -1000 -736 -734 -1012 -1012 -848 -927 -1035 -1312 -1517 -1477 -1301 -1442 -1316 -726 -833 -1426 -1682 -1300 -1211 -1497 -1642 -1409 -1579 -1953 -1883 -2025 -2282 -2153 -2188 -2226 -2243 -2226 -2199 -2001 -1867 -1961 -1769 -1692 -1819 -1575 -1582 -2012 -2269 -2323 -2073 -1652 -1585 -1605
-793 -724 -573 -539 -748 -890 -794 -739 -855 -1017 -950 -744 -590 -714 -754 -682 -564 -527 -711 -706 -669 -837 -982 -960 -1061 -1136 -1159 -1111 -945 -1015 -1137 -1046 -1078 -1042 -801 -923 -1396 -1514 -1346 -1608 -1738 -1680 -1676 -1727 -1696 -1817 -1362 -786 -1088 -1597 -1809 -1578 -1544 -1769 -1841 -1418 -1382 -1451 -1515 -1992 -2533 -2560 -2204 -2098 -2222 -2208 -2176 -1802 -1508 -1704 -1598 -1595 -1801 -1742 -1922 -2275 -2173 -1973 -1536 -1261 -1426 -1395
-889 -873 -631 -527 -580 -631 -614 -742 -812 -708 -685 -591 -483 -475 -498 -610 -604 -543 -547 -473 -654 -832 -917 -1061 -1334 -1346 -1143 -984 -950 -1183 -1304 -1058 -1066 -1142 -1220 -1441 -1757 -1803 -1867 -2163 -2117 -1877 -1775 -2094 -2304 -2088 -1339 -670 -937 -1248 -1592 -1983 -1962 -1733 -1718 -1595 -1475 -1238 -1376 -1928 -2228 -2343 -2113 -2050 -2239 -2218 -2024 -1710 -1584 -1751 -1685 -1869 -2124 -2102 -2025 -1923 -1579 -1449 -1273 -1263 -1413 -1398
-743 -704 -638 -446 -284 -317 -495 -712 -688 -417 -366 -452 -608 -634 -721 -971 -1015 -988 -1013 -747 -776 -1121 -1325 -1525 -1690 -1591 -1556 -1493 -1460 -1465 -1491 -1432 -1475 -1606 -1772 -1992 -2079 -2106 -2154 -2286 -2296 -2107 -2101 -2282 -2359 -1865 -1169 -603 -768 -1431 -1744 -1964 -1950 -1751 -1698 -1707 -1513 -1501 -1689 -1859 -1626 -1821 -1803 -1664 -1875 -1894 -1715 -1692 -1672 -1687 -1910 -2314 -2400 -2082 -1815 -1551 -1216 -1217 -1284 -1254 -1393 -1698
-527 -567 -675 -727 -686 -757 -787 -921 -936 -804 -679 -793 -1047 -1044 -1104 -1383 -1501 -1551 -1580 -1244 -1241 -1594 -1817 -2079 -2045 -1891 -1886 -1972 -1920 -1719 -1597 -1808 -2020 -2125 -2090 -2182 -2213 -2047 -2089 -2174 -2385 -2301 -2315 -2447 -2428 -1748 -930 -715 -1048 -1725 -1930 -1897 -1792 -1761 -1735 -1652 -1470 -1493 -1686 -1611 -1462 -1785 -1746 -1254 -1228 -1459 -1506 -1630 -1728 -1783 -2012 -2364 -2242 -1874 -1592 -1462 -1214 -1251 -1475 -1401 -1628 -2032
-893 -1040 -1318 -1630 -1841 -1722 -1396 -1340 -1422 -1385 -1296 -1328 -1530 -1598 -1646 -1707 -1729 -1907 -1849 -1536 -1566 -1664 -1811 -2139 -2214 -2034 -1934 -1949 -2036 -1961 -1772 -1959 -2180 -2086 -1932 -1976 -1970 -1705 -1801 -1944 -1997 -1935 -2140 -2519 -2514 -1597 -677 -670 -1121 -1675 -2033 -1827 -1691 -1711 -1700 -1612 -1562 -1502 -1635 -1617 -1538 -1612 -1663 -1058 -860 -1436 -1395 -1423 -1800 -2052 -2254 -2315 -2047 -1774 -1562 -1368 -1167 -1351 -1634 -1524 -1803 -2082
-1601 -1884 -2178 -2297 -2607 -2505 -2108 -1825 -1730 -1802 -1770 -1880 -1982 -1944 -1915 -1771 -1719 -1977 -1968 -1762 -1716 -1572 -1691 -1985 -2172 -2259 -2106 -1948 -1901 -1908 -1886 -1990 -1981 -1927 -1793 -1777 -1756 -1577 -1657 -1883 -1869 -1732 -2017 -2356 -2186 -1449 -723 -780 -1256 -1487 -1722 -1728 -1873 -2003 -1779 -1439 -1663 -1817 -1861 -1733 -1485 -1262 -1314 -1135 -1105 -1461 -1187 -1085 -1471 -1803 -1964 -1945 -1916 -1746 -1489 -1252 -1157 -1476 -1632 -1439 -1609 -1811
-2161 -2420 -2395 -2267 -2562 -2595 -2339 -2147 -1982 -1878 -1875 -2059 -2125 -2000 -1943 -1798 -1793 -1978 -2022 -1931 -1882 -1734 -1860 -2091 -2268 -2484 -2480 -2192 -1845 -1847 -2036 -2123 -1813 -1751 -1814 -1741 -1628 -1665 -1676 -1546 -1628 -1747 -1960 -2174 -1952 -1355 -849 -871 -1336 -1530 -1468 -1618 -1871 -1887 -1696 -1371 -1605 -1627 -1610 -1641 -1733 -1487 -1248 -1341 -1348 -1260 -1103 -1055 -1236 -1282 -1260 -1661 -1938 -1702 -1568 -1381 -1340 -1562 -1535 -1366 -1404 -1625
-2318 -2428 -2505 -2482 -2521 -2215 -2221 -2358 -2267 -2035 -1923 -2004 -1969 -1953 -1871 -1769 -1840 -1992 -2146 -2077 -1888 -1898 -2140 -2240 -2317 -2524 -2715 -2559 -2188 -2272 -2332 -2123 -1719 -1691 -1837 -1967 -1874 -1859 -1752 -1446 -1518 -1710 -1901 -2116 -2041 -1408 -917 -871 -1334 -1819 -1529 -1439 -1635 -1641 -1539 -1494 -1609 -1412 -1606 -1813 -1979 -2103 -1705 -1366 -1284 -1210 -1186 -1171 -1074 -909 -1025 -1471 -1723 -1577 -1784 -1729 -1627 -1606 -1498 -1419 -1454 -1688
-2301 -2203 -2351 -2454 -2207 -1825 -1951 -2258 -2265 -2083 -1924 -1939 -1826 -1886 -1918 -1800 -1914 -2088 -2087 -1967 -1761 -1878 -2208 -2269 -2363 -2536 -2690 -2726 -2465 -2352 -2349 -2073 -1932 -2065 -2036 -2073 -2100 -2035 -1864 -1733 -1751 -1788 -1862 -2009 -2106 -1500 -1078 -1277 -1682 -2012 -1834 -1393 -1339 -1533 -1385 -1367 -1375 -1312 -1691 -1758 -1580 -1724 -1537 -1243 -1251 -1231 -1154 -1106 -1096 -1029 -1284 -1419 -1431 -1562 -1905 -1947 -1735 -1464 -1418 -1490 -1546 -1599
-2578 -2084 -1930 -1957 -1770 -1466 -1641 -1953 -2074 -1885 -1736 -1845 -1928 -1917 -1937 -1726 -1660 -2001 -1957 -1746 -1661 -1938 -2249 -2228 -2266 -2360 -2457 -2422 -2284 -2200 -2323 -2098 -1953 -2127 -2238 -2183 -2191 -2259 -1975 -1789 -1687 -1605 -1507 -1662 -1834 -1302 -1072 -1410 -1701 -1796 -1710 -1327 -1425 -1727 -1487 -1402 -1352 -1287 -1437 -1512 -1245 -1145 -1274 -1376 -1321 -1035 -868 -1073 -1290 -1266 -1410 -1324 -1360 -1477 -1733 -1799 -1653 -1354 -1350 -1369 -1383 -1494
-2120 -1956 -1689 -1625 -1761 -1684 -1603 -1733 -1891 -1764 -1612 -1865 -1967 -1771 -1716 -1644 -1687 -1964 -1820 -1597 -1649 -1878 -2124 -2139 -2084 -2113 -2143 -2066 -2120 -2125 -1998 -1830 -1843 -1953 -2114 -2195 -2091 -1893 -1792 -1799 -1830 -1614 -1290 -1517 -1773 -1362 -1219 -1488 -1622 -1589 -1563 -1579 -1842 -1878 -1613 -1521 -1485 -1362 -1291 -1292 -1159 -1076 -1279 -1342 -1258 -913 -733 -989 -1194 -1161 -1294 -1256 -1321 -1324 -1432 -1527 -1482 -1374 -1488 -1500 -1347 -1306
-1899 -2090 -2107 -1883 -1851 -1851 -1657 -1657 -1790 -1810 -1754 -1901 -1769 -1550 -1554 -1629 -1773 -1813 -1648 -1490 -1564 -1736 -1925 -2103 -2171 -2170 -2191 -2108 -2129 -2280 -2040 -1728 -1782 -1688 -1699 -1883 -1949 -1801 -1830 -1899 -1989 -1786 -1429 -1656 -1700 -1539 -1469 -1424 -1471 -1565 -1665 -1833 -1949 -1785 -1583 -1517 -1542 -1350 -1181 -1228 -1298 -1215 -1209 -1231 -1282 -1124 -832 -992 -1073 -1039 -1311 -1270 -1287 -1242 -1201 -1258 -1326 -1316 -1531 -1563 -1263 -1120
-2085 -2136 -2009 -1741 -1585 -1708 -1730 -1585 -1654 -1888 -1974 -1941 -1763 -1686 -1705 -1679 -1692 -1582 -1383 -1278 -1350 -1556 -1728 -1885 -2002 -2102 -2294 -2101 -1819 -1859 -1904 -1772 -1729 -1628 -1609 -1712 -1823 -1875 -1863 -1923 -1996 -1644 -1373 -1510 -1414 -1385 -1151 -912 -1202 -1478 -1517 -1753 -1761 -1536 -1472 -1491 -1479 -1337 -1252 -1274 -1380 -1247 -1054 -1125 -1322 -1202 -1090 -1183 -1091 -1170 -1427 -1297 -1236 -1185 -1047 -1022 -1063 -1109 -1348 -1418 -1304 -1269
-1855 -1839 -1729 -1662 -1654 -1694 -1946 -1735 -1512 -1794 -2000 -2002 -1992 -2044 -1920 -1730 -1800 -1674 -1391 -1236 -1199 -1299 -1406 -1509 -1650 -1785 -1878 -1679 -1474 -1554 -1808 -1861 -1701 -1578 -1515 -1596 -1798 -2067 -1995 -1933 -1899 -1491 -1137 -983 -830 -838 -789 -662 -899 -1263 -1241 -1519 -1735 -1664 -1594 -1591 -1520 -1410 -1470 -1260 -1176 -1198 -1051 -1068 -1293 -1291 -1340 -1323 -1149 -1309 -1627 -1436 -1230 -1068 -881 -827 -802 -834 -909 -1081 -1314 -1376
-1655 -1559 -1656 -1701 -1660 -1739 -2097 -1855 -1479 -1647 -1881 -1970 -1941 -1945 -1931 -1771 -1837 -1744 -1536 -1396 -1322 -1244 -1271 -1356 -1512 -1589 -1438 -1278 -1455 -1661 -1730 -1705 -1595 -1505 -1390 -1660 -2141 -2322 -2116 -1897 -1746 -1469 -1169 -738 -510 -521 -786 -881 -1029 -1228 -1202 -1385 -1703 -1786 -1691 -1697 -1574 -1434 -1463 -1073 -962 -1246 -1270 -1072 -1110 -1243 -1382 -1310 -1208 -1388 -1684 -1487 -1203 -1023 -759 -580 -679 -606 -423 -588 -860 -1183
-1693 -1587 -1687 -1724 -1723 -1765 -1932 -1874 -1677 -1667 -1744 -1699 -1507 -1560 -1848 -1657 -1607 -1631 -1608 -1533 -1483 -1445 -1463 -1527 -1589 -1529 -1318 -1271 -1480 -1594 -1520 -1474 -1519 -1445 -1424 -1749 -2204 -2296 -2089 -1756 -1430 -1237 -1088 -773 -656 -563 -784 -997 -1079 -1159 -1081 -1225 -1454 -1539 -1538 -1580 -1489 -1343 -1224 -1056 -929 -1114 -1202 -978 -949 -1182 -1354 -1210 -1326 -1487 -1555 -1415 -1269 -1106 -798 -576 -703 -597 -433 -545 -613 -977
-1941 -1744 -1656 -1633 -1598 -1536 -1642 -1750 -1655 -1523 -1490 -1440 -1302 -1244 -1624 -1702 -1534 -1551 -1724 -1775 -1683 -1578 -1582 -1727 -1813 -1745 -1589 -1388 -1359 -1348 -1271 -1335 -1524 -1483 -1543 -1852 -2082 -2121 -1838 -1537 -1205 -1033 -968 -800 -1026 -1220 -1082 -808 -879 -1187 -1127 -1231 -1401 -1252 -1317 -1430 -1341 -1180 -1189 -1160 -921 -918 -1020 -963 -1115 -1236 -1262 -1164 -1520 -1664 -1430 -1234 -1074 -1015 -916 -697 -652 -489 -452 -558 -647 -902
-1968 -1875 -1652 -1530 -1448 -1410 -1455 -1576 -1533 -1369 -1296 -1351 -1559 -1534 -1720 -1924 -1744 -1638 -1754 -1834 -1716 -1557 -1531 -1677 -1785 -1742 -1687 -1287 -1055 -1160 -1165 -1339 -1588 -1566 -1588 -1809 -2002 -2064 -1843 -1511 -1248 -991 -1080 -1100 -1396 -1529 -1298 -1295 -1228 -1302 -1430 -1553 -1511 -1254 -1264 -1421 -1342 -1059 -1194 -1178 -899 -921 -961 -1007 -1175 -1151 -1164 -1188 -1617 -1934 -1469 -991 -789 -862 -829 -612 -493 -431 -353 -375 -448 -605
-1755 -1945 -1709 -1678 -1813 -1693 -1513 -1341 -1266 -1253 -1475 -1653 -1719 -1617 -1596 -1616 -1577 -1558 -1644 -1696 -1665 -1564 -1493 -1529 -1509 -1436 -1412 -1028 -957 -1202 -1186 -1229 -1455 -1562 -1450 -1606 -1788 -1721 -1700 -1535 -1293 -984 -1126 -1271 -1276 -1174 -1160 -1270 -1100 -1099 -1259 -1147 -1127 -1110 -1186 -1164 -1163 -1080 -1222 -1237 -960 -846 -943 -1067 -1141 -1053 -1090 -1283 -1745 -2013 -1540 -913 -796 -873 -753 -529 -524 -495 -359 -361 -345 -427
-1683 -1918 -1854 -1602 -1744 -1877 -1693 -1422 -1147 -1121 -1485 -1643 -1421 -1281 -1394 -1410 -1383 -1335 -1359 -1419 -1365 -1346 -1340 -1363 -1247 -1129 -1066 -893 -1043 -1267 -1139 -864 -1021 -1317 -1270 -1362 -1431 -1344 -1403 -1333 -1013 -796 -1039 -1215 -1101 -985 -974 -1054 -1084 -1070 -1092 -973 -957 -1139 -1252 -1053 -1100 -1254 -1263 -1119 -885 -737 -934 -1076 -1102 -1126 -1287 -1471 -1694 -1831 -1621 -1030 -909 -1005 -778 -538 -723 -568 -355 -442 -430 -448
-1748 -1637 -1676 -1672 -1775 -1884 -1749 -1597 -1458 -1352 -1361 -1330 -1508 -1533 -1477 -1390 -1372 -1334 -1092 -1108 -1218 -1280 -1334 -1322 -1230 -1124 -1223 -1149 -1131 -1328 -1222 -883 -983 -1277 -1345 -1329 -1477 -1465 -1327 -1089 -601 -631 -1092 -1261 -1310 -1261 -1371 -1408 -1374 -1322 -1317 -1301 -1283 -1351 -1348 -1196 -1237 -1329 -1142 -802 -768 -812 -983 -1129 -1142 -1326 -1594 -1537 -1588 -1644 -1325 -724 -691 -962 -665 -403 -695 -519 -330 -466 -538 -448
