test/net/g2lab/icchange/view/profile/olddata/rastert_delta052.txt
ncols         452
nrows         411
xllcorner     527595,50307841
yllcorner     5934256,8476051
cellsize      5
NODATA_value  -9999
[rows 70 to 104 of 411, columns 0 to 79 of 452]
-9999 -9999 -9999 -9999 842 769 596 585 724 -9999 -9999 -9999 452 422 -9999 -9999 -9999 -9999 212 31 97 319 329 89 -9999 154 127 286 413 -109 -203 325 313 3 15 220 234 1 55 424 465 468 309 299 -9999 284 386 -9999 567 382 271 -9999 -9999 -9999 -9999 -9999 -9999 -9999 -9999 -9999 -9999 -9999 -9999 -9999 -9999 -9999 -9999 -9999 -9999 -9999 -9999 -9999 -9999 -9999 -9999 -9999 -9999 -9999 -9999 -9999
-9999 -9999 -9999 -9999 773 638 357 445 698 357 -24 152 443 444 436 397 242 102 59 16 76 409 287 -86 308 403 150 140 261 -11 30 412 229 -100 -18 226 212 -2 177 485 238 215 468 566 315 121 126 357 668 -9999 254 -9999 -9999 -9999 -9999 -9999 -9999 -9999 -9999 -9999 -9999 -9999 -9999 -9999 -9999 -9999 -9999 -9999 -9999 -9999 -9999 -9999 -9999 -9999 -9999 -9999 -9999 -9999 -9999 -9999
-9999 485 462 376 461 393 170 340 676 565 -9999 110 304 437 280 204 150 49 152 230 179 309 323 34 184 292 112 48 50 18 193 199 10 57 138 215 214 214 244 374 366 320 442 562 365 180 -32 227 612 -9999 -9999 -9999 -9999 -9999 -9999 -9999 -9999 -9999 -9999 -9999 -9999 -9999 -9999 -9999 -9999 -9999 -9999 -9999 -9999 -9999 -9999 -9999 -9999 -9999 -9999 -9999 -9999 -9999 -9999 -9999
-9999 274 482 356 269 322 344 337 520 629 -9999 116 181 414 192 231 361 259 172 193 167 238 378 204 101 189 153 231 238 184 186 -92 -31 227 129 111 265 504 598 327 233 286 229 317 350 236 89 165 435 469 -9999 -9999 -9999 -9999 -9999 -9999 -9999 -9999 -9999 -9999 -9999 -9999 -9999 -9999 -9999 -9999 -9999 -9999 -9999 -9999 -9999 -9999 -9999 -9999 -9999 -9999 -9999 -9999 -9999 -9999
-91 -117 484 537 194 308 475 222 126 139 177 278 215 263 286 284 291 309 162 163 311 370 346 389 361 361 355 300 195 128 153 -26 299 435 16 95 168 224 -9999 110 32 232 358 334 327 280 279 327 526 536 434 -9999 -9999 -9999 -9999 -9999 -9999 -9999 -9999 -9999 -9999 -9999 -9999 -9999 -9999 -9999 -9999 -9999 -9999 -9999 -9999 -9999 -9999 -9999 -9999 -9999 -9999 -9999 -9999 -9999
48 -12 511 632 -9999 172 255 125 125 104 194 428 418 194 152 219 132 366 536 401 244 229 265 435 347 392 446 202 -127 -65 32 44 420 374 29 157 79 -62 30 191 150 258 369 313 391 194 63 180 515 527 355 490 -9999 -9999 -9999 -9999 -9999 -9999 -9999 -9999 -9999 -9999 -9999 -9999 -9999 -9999 -9999 -9999 -9999 -9999 -9999 -9999 -9999 -9999 -9999 -9999 -9999 -9999 -9999 -9999
-9999 -9999 272 428 -9999 222 158 107 266 430 259 155 249 177 86 216 252 319 413 238 -38 229 283 144 105 344 411 153 -131 -10 143 145 205 235 16 44 139 186 310 311 119 129 365 469 549 323 55 146 408 426 340 397 429 -9999 -9999 -9999 -9999 -9999 -9999 -9999 -9999 -9999 -9999 -9999 -9999 -9999 -9999 -9999 -9999 -9999 -9999 -9999 -9999 -9999 -9999 -9999 -9999 -9999 -9999 -9999
84 145 1 81 -9999 178 269 255 332 416 277 158 253 317 86 42 197 195 119 99 103 -9999 300 54 88 275 361 162 -62 145 367 300 165 223 75 59 314 -9999 526 298 108 177 499 406 135 252 351 395 390 381 440 438 381 -9999 -9999 -9999 -9999 -9999 -9999 -9999 -9999 -9999 -9999 -9999 -9999 -9999 -9999 -9999 -9999 -9999 -9999 -9999 -9999 -9999 -9999 -9999 -9999 -9999 -9999 -9999
72 127 82 262 364 310 334 317 364 325 121 216 251 216 67 34 268 358 207 300 506 603 324 99 160 243 170 40 5 266 452 485 193 71 208 176 196 358 403 252 221 372 446 369 152 290 502 595 441 342 479 496 452 -9999 -9999 -9999 -9999 -9999 -9999 -9999 -9999 -9999 -9999 -9999 -9999 -9999 -9999 -9999 -9999 -9999 -9999 -9999 -9999 -9999 -9999 -9999 -9999 -9999 -9999 -9999
311 188 316 473 371 249 151 26 122 216 178 345 175 35 24 99 216 363 279 222 278 381 163 36 -37 66 259 296 201 281 330 288 193 94 309 256 58 63 205 213 234 244 251 429 326 225 342 417 342 255 436 454 319 451 -9999 -9999 -9999 -9999 -9999 -9999 -9999 -9999 -9999 -9999 -9999 -9999 -9999 -9999 -9999 -9999 -9999 -9999 -9999 -9999 -9999 -9999 -9999 -9999 -9999 -9999
224 183 304 207 -30 104 121 15 95 184 329 314 130 -1 -8 4 -131 28 194 167 163 196 258 374 284 187 487 694 481 243 221 245 394 250 63 44 -15 25 80 -9999 -3 194 271 305 273 284 362 418 452 323 342 478 409 301 -9999 -9999 -9999 -9999 -9999 -9999 -9999 -9999 -9999 -9999 -9999 -9999 -9999 -9999 -9999 -9999 -9999 -9999 -9999 -9999 -9999 -9999 -9999 -9999 -9999 -9999
-21 75 149 -106 -203 126 236 183 162 163 268 214 57 59 134 86 -68 269 476 425 425 413 421 444 302 182 206 364 335 145 275 408 240 124 18 -7 65 139 87 2 31 282 336 207 377 519 432 425 575 475 406 504 474 526 -9999 -9999 -9999 -9999 -9999 -9999 -9999 -9999 -9999 -9999 -9999 -9999 -9999 -9999 -9999 -9999 -9999 -9999 -9999 -9999 -9999 -9999 -9999 -9999 -9999 -9999
-112 181 322 151 54 109 141 100 101 126 80 35 55 122 237 92 92 512 548 250 111 224 362 287 121 204 357 359 348 184 160 172 172 272 184 67 -11 34 88 151 181 189 459 383 328 453 276 78 114 185 401 439 281 456 -9999 -9999 -9999 -9999 -9999 -9999 -9999 -9999 -9999 -9999 -9999 -9999 -9999 -9999 -9999 -9999 -9999 -9999 -9999 -9999 -9999 -9999 -9999 -9999 -9999 -9999
5 346 331 219 189 41 -78 -192 35 286 197 66 126 344 512 337 229 372 327 232 105 228 392 456 317 278 336 340 347 315 336 247 171 308 196 153 201 174 116 173 245 286 436 283 105 187 -9999 170 139 191 409 464 341 406 398 -9999 -9999 -9999 -9999 -9999 -9999 -9999 -9999 -9999 -9999 -9999 -9999 -9999 -9999 -9999 -9999 -9999 -9999 -9999 -9999 -9999 -9999 -9999 -9999 -9999
249 464 229 170 259 274 314 74 282 471 449 351 294 417 546 479 385 231 147 313 344 343 420 412 269 151 137 156 135 236 318 165 87 173 341 249 222 205 104 148 367 344 169 110 144 192 259 477 378 323 449 328 102 152 465 -9999 -9999 -9999 -9999 -9999 -9999 -9999 -9999 -9999 -9999 -9999 -9999 -9999 -9999 -9999 -9999 -9999 -9999 -9999 -9999 -9999 -9999 -9999 -9999 -9999
340 404 207 225 408 250 130 60 306 135 49 146 209 257 271 266 348 214 196 388 417 306 248 215 228 142 114 208 212 178 171 151 526 383 139 62 51 109 287 324 452 305 45 33 149 303 467 548 200 116 368 379 152 137 461 -9999 -9999 -9999 -9999 -9999 -9999 -9999 -9999 -9999 -9999 -9999 -9999 -9999 -9999 -9999 -9999 -9999 -9999 -9999 -9999 -9999 -9999 -9999 -9999 -9999
218 227 133 75 126 -63 -227 -205 -64 -67 -82 -27 114 226 371 419 391 248 336 458 444 315 233 303 420 384 305 431 415 209 442 525 405 359 52 103 315 247 425 427 340 290 160 148 251 425 563 437 57 136 419 540 519 361 366 -9999 -9999 -9999 -9999 -9999 -9999 -9999 -9999 -9999 -9999 -9999 -9999 -9999 -9999 -9999 -9999 -9999 -9999 -9999 -9999 -9999 -9999 -9999 -9999 -9999
35 147 119 120 229 78 -20 45 11 104 174 49 109 215 393 383 289 249 444 402 307 373 483 545 563 505 445 487 465 314 319 509 407 501 367 224 352 460 484 282 169 266 236 206 295 437 516 504 329 384 418 347 569 478 273 218 -9999 -9999 -9999 -9999 -9999 -9999 -9999 -9999 -9999 -9999 -9999 -9999 -9999 -9999 -9999 -9999 -9999 -9999 -9999 -9999 -9999 -9999 -9999 -9999
35 -156 204 356 378 150 -77 136 38 82 252 200 148 190 293 119 198 341 -9999 315 260 461 589 497 359 401 456 419 340 248 145 497 599 288 279 383 456 535 374 171 193 308 205 148 273 399 424 592 595 493 406 357 587 477 187 182 -9999 -9999 -9999 -9999 -9999 -9999 -9999 -9999 -9999 -9999 -9999 -9999 -9999 -9999 -9999 -9999 -9999 -9999 -9999 -9999 -9999 -9999 -9999 -9999
139 62 291 281 -66 -34 253 270 -19 -81 49 160 277 391 342 -9999 302 561 502 450 367 482 624 447 319 425 626 682 481 350 291 307 540 383 209 372 450 386 322 209 294 320 193 144 272 300 274 345 387 460 441 285 424 353 162 209 -9999 -9999 -9999 -9999 -9999 -9999 -9999 -9999 -9999 -9999 -9999 -9999 -9999 -9999 -9999 -9999 -9999 -9999 -9999 -9999 -9999 -9999 -9999 -9999
648 494 94 30 -2 173 548 291 50 171 218 177 346 637 624 387 447 512 500 450 579 725 698 564 633 606 609 610 472 484 496 416 370 292 135 258 555 533 298 183 298 271 210 225 331 248 198 217 269 459 461 315 334 324 370 421 -9999 -9999 -9999 -9999 -9999 -9999 -9999 -9999 -9999 -9999 -9999 -9999 -9999 -9999 -9999 -9999 -9999 -9999 -9999 -9999 -9999 -9999 -9999 -9999
815 582 102 154 421 323 401 328 169 335 333 284 330 439 385 404 455 227 181 340 590 676 656 502 417 309 408 430 354 415 444 465 353 188 303 471 568 482 217 152 308 254 291 372 405 307 314 362 347 404 593 505 346 352 592 566 -9999 -9999 -9999 -9999 -9999 -9999 -9999 -9999 -9999 -9999 -9999 -9999 -9999 -9999 -9999 -9999 -9999 -9999 -9999 -9999 -9999 -9999 -9999 -9999
755 334 65 404 641 450 222 256 337 350 304 434 600 572 347 391 592 563 592 590 489 439 612 717 505 198 420 584 538 478 414 591 488 106 283 518 446 323 248 286 380 327 419 428 458 449 449 446 385 437 717 629 377 480 631 576 -9999 -9999 -9999 -9999 -9999 -9999 -9999 -9999 -9999 -9999 -9999 -9999 -9999 -9999 -9999 -9999 -9999 -9999 -9999 -9999 -9999 -9999 -9999 -9999
550 399 200 534 669 332 273 434 444 426 495 623 647 663 627 554 353 472 782 734 443 287 460 758 647 324 472 531 537 448 449 552 296 131 419 546 361 300 475 427 320 298 427 423 497 484 293 298 403 394 386 461 504 586 645 684 644 -9999 -9999 -9999 -9999 -9999 -9999 -9999 -9999 -9999 -9999 -9999 -9999 -9999 -9999 -9999 -9999 -9999 -9999 -9999 -9999 -9999 -9999 -9999
563 578 370 454 667 402 497 688 365 314 515 603 422 392 498 567 388 440 649 557 509 458 523 649 578 437 478 374 431 422 451 505 367 420 652 579 394 436 612 448 309 126 226 474 479 305 119 195 453 335 172 424 625 693 639 618 642 815 -9999 -9999 -9999 -9999 -9999 -9999 -9999 -9999 -9999 -9999 -9999 -9999 -9999 -9999 -9999 -9999 -9999 -9999 -9999 -9999 -9999 -9999
438 270 337 584 787 355 552 919 395 378 541 615 555 677 659 566 568 686 678 562 610 624 602 613 540 421 351 346 461 542 493 427 426 567 786 525 209 193 424 514 513 373 326 421 254 290 222 222 438 477 404 510 484 469 411 439 576 608 -9999 -9999 -9999 -9999 -9999 -9999 -9999 -9999 -9999 -9999 -9999 -9999 -9999 -9999 -9999 -9999 -9999 -9999 -9999 -9999 -9999 -9999
421 275 386 655 544 431 560 557 339 571 685 552 468 756 652 327 285 516 541 456 445 447 313 305 386 346 420 379 391 571 552 420 354 444 555 389 160 94 282 555 618 581 442 241 148 384 437 345 401 620 515 449 494 391 367 539 855 600 -9999 -9999 -9999 -9999 -9999 -9999 -9999 -9999 -9999 -9999 -9999 -9999 -9999 -9999 -9999 -9999 -9999 -9999 -9999 -9999 -9999 -9999
296 339 464 415 262 424 656 421 353 540 642 481 469 644 456 244 201 363 432 279 335 460 369 388 419 416 619 587 517 638 527 538 512 420 310 373 478 456 373 413 532 556 492 391 356 532 588 428 305 385 590 612 536 468 658 653 733 675 809 -9999 -9999 -9999 -9999 -9999 -9999 -9999 -9999 -9999 -9999 -9999 -9999 -9999 -9999 -9999 -9999 -9999 -9999 -9999 -9999 -9999
274 388 447 235 301 499 668 541 551 592 462 318 469 618 496 414 347 387 433 166 298 516 456 547 476 304 365 459 592 581 373 365 332 204 257 439 423 437 422 415 449 521 587 675 530 515 642 411 394 623 836 676 273 373 892 859 626 588 688 -9999 -9999 -9999 -9999 -9999 -9999 -9999 -9999 -9999 -9999 -9999 -9999 -9999 -9999 -9999 -9999 -9999 -9999 -9999 -9999 -9999
321 339 325 196 438 456 281 307 608 656 293 108 349 361 438 652 647 444 311 215 340 400 307 413 489 204 146 403 549 550 434 433 285 245 448 629 556 505 559 565 535 419 477 677 480 448 542 358 384 696 806 625 369 492 823 817 684 603 728 -9999 -9999 -9999 -9999 -9999 -9999 -9999 -9999 -9999 -9999 -9999 -9999 -9999 -9999 -9999 -9999 -9999 -9999 -9999 -9999 -9999
351 227 228 337 509 636 606 543 597 451 297 329 552 274 399 790 814 605 423 366 284 320 300 316 293 153 254 598 669 622 514 496 462 634 840 779 562 530 525 476 392 280 381 548 432 545 472 258 263 490 524 529 661 694 510 485 594 538 571 -9999 -9999 -9999 -9999 -9999 -9999 -9999 -9999 -9999 -9999 -9999 -9999 -9999 -9999 -9999 -9999 -9999 -9999 -9999 -9999 -9999
389 152 321 465 455 380 571 587 372 200 258 628 749 313 438 710 690 531 538 381 271 432 531 327 110 212 351 563 602 468 389 274 277 610 812 603 375 457 388 233 246 406 551 551 479 592 445 342 626 979 625 401 658 741 452 392 683 484 308 -9999 -9999 -9999 -9999 -9999 -9999 -9999 -9999 -9999 -9999 -9999 -9999 -9999 -9999 -9999 -9999 -9999 -9999 -9999 -9999 -9999
395 227 501 430 506 573 596 327 256 242 320 669 721 370 408 339 256 329 535 404 364 600 739 362 168 352 523 600 439 242 304 306 411 595 460 361 401 578 542 242 301 637 773 594 443 539 540 466 740 987 525 209 401 625 478 498 667 468 203 315 -9999 -9999 -9999 -9999 -9999 -9999 -9999 -9999 -9999 -9999 -9999 -9999 -9999 -9999 -9999 -9999 -9999 -9999 -9999 -9999
392 385 621 460 632 917 811 443 441 582 559 647 708 547 459 377 306 370 543 497 590 772 757 288 305 536 551 496 382 261 321 356 667 603 197 180 343 543 597 462 366 526 576 514 408 540 654 542 576 595 373 328 359 496 574 725 621 507 530 -9999 -9999 -9999 -9999 -9999 -9999 -9999 -9999 -9999 -9999 -9999 -9999 -9999 -9999 -9999 -9999 -9999 -9999 -9999 -9999 -9999
403 499 658 523 388 400 385 339 653 712 581 540 681 733 621 619 670 523 416 448 662 801 652 285 465 579 393 314 385 525 565 464 642 601 468 587 582 420 511 723 558 401 392 503 507 647 604 337 413 480 677 820 560 346 396 645 760 537 442 548 -9999 -9999 -9999 -9999 -9999 -9999 -9999 -9999 -9999 -9999 -9999 -9999 -9999 -9999 -9999 -9999 -9999 -9999 -9999 -9999
