test/net/g2lab/icchange/view/profile/olddata/rastert_classpr1.txt
ncols         452
nrows         411
xllcorner     527595,50307841
yllcorner     5934256,8476051
cellsize      5
NODATA_value  -9999
[rows 0 to 64 of 411, columns 192 to 287 of 452]
99 99 99 97 80 44 24 27 73 88 67 98 99 99 99 99 99 99 99 99 99 99 99 99 98 99 99 99 90 90 97 99 97 95 94 89 73 92 96 92 88 96 98 94 95 87 96 99 99 99 99 99 99 97 99 99 99 99 99 99 99 99 99 99 97 97 98 97 97 98 98 95 62 92 98 98 96 96 98 97 97 98 98 97 95 79 63 80 87 94 95 97 97 95 93 70
99 99 99 98 95 84 49 30 29 42 56 78 98 99 99 99 99 99 99 99 99 99 99 99 98 99 99 99 78 91 97 89 91 92 91 95 95 95 93 91 94 99 99 75 91 97 98 99 99 99 99 99 99 98 99 99 99 99 99 99 99 99 99 98 97 98 99 98 96 97 96 84 62 96 98 98 90 96 99 98 98 99 98 96 95 86 85 90 91 96 96 95 96 95 91 39
98 99 99 98 97 96 73 34 14 8 50 75 94 98 98 99 99 99 99 99 99 99 99 99 99 99 99 89 30 91 98 78 70 98 99 99 98 97 95 97 95 95 99 92 98 99 99 99 99 99 99 99 99 99 99 99 99 99 99 99 99 99 98 97 99 98 97 95 95 96 96 90 91 98 98 96 88 94 97 95 95 97 95 93 84 87 91 90 95 97 95 93 95 97 84 28
99 99 99 98 97 92 35 16 15 23 17 52 38 72 97 99 99 99 99 99 99 99 99 99 99 99 97 86 87 88 97 92 86 96 98 98 99 99 98 97 93 81 97 99 99 99 99 99 99 99 99 98 99 99 99 99 99 98 98 99 99 99 97 96 98 98 98 96 98 98 97 96 97 99 99 96 95 97 98 98 92 95 94 87 68 86 89 88 96 98 95 90 92 98 90 28
99 99 99 98 99 98 82 42 52 74 43 9 5 5 86 91 92 98 99 99 99 99 99 99 99 99 99 91 71 74 96 98 97 90 88 78 96 99 99 98 98 95 97 98 98 98 99 99 99 99 99 99 98 98 98 99 99 96 95 97 99 98 97 97 98 99 99 99 98 98 97 95 96 99 99 94 94 98 99 99 99 98 97 84 82 88 83 84 96 98 94 87 96 98 81 16
99 99 97 99 99 99 96 77 62 28 12 3 2 6 7 77 94 98 99 99 99 99 99 99 99 99 97 94 47 62 95 96 97 96 96 90 80 93 97 99 98 98 97 97 92 93 99 99 99 99 99 99 99 99 99 99 98 98 98 98 99 98 98 98 98 99 98 99 98 96 93 90 96 99 98 92 91 98 97 94 93 98 97 89 91 88 73 88 97 97 95 95 96 95 64 59
99 99 97 98 99 99 97 88 71 49 53 31 40 34 26 27 94 98 97 98 99 99 99 99 99 99 96 93 59 55 94 94 97 97 93 86 70 78 97 99 97 92 96 97 93 91 99 99 99 99 99 99 99 99 99 98 98 98 98 98 99 99 99 99 99 98 96 97 98 96 93 92 97 99 98 95 97 99 98 89 88 98 94 77 80 81 76 94 99 97 93 96 97 95 42 15
99 99 99 99 99 97 95 96 97 96 96 90 67 31 10 3 16 84 93 97 98 99 99 99 99 99 99 95 86 85 88 85 91 94 90 88 82 86 97 98 96 73 89 93 95 99 99 99 99 99 99 99 99 99 99 99 98 99 97 98 99 99 99 99 99 99 98 97 99 98 95 93 98 99 97 96 97 98 98 93 92 98 92 76 86 89 77 82 94 94 94 97 97 93 25 3
99 99 99 99 98 98 98 94 94 94 93 90 62 39 18 22 21 18 77 96 97 99 99 99 99 99 99 94 38 66 88 91 96 98 96 96 95 93 94 95 97 95 87 93 97 99 99 98 99 99 99 99 99 99 99 99 98 98 98 98 99 99 99 99 99 99 98 97 99 99 93 89 98 98 96 90 86 96 98 92 91 98 79 86 96 95 90 89 92 95 97 98 98 96 60 20
99 99 99 99 99 99 92 42 40 83 94 91 34 43 62 55 43 4 15 80 94 97 99 99 99 99 99 98 57 80 98 98 98 99 97 98 98 96 96 95 97 98 97 96 98 99 99 99 99 99 99 98 99 99 99 99 97 91 95 99 99 99 97 98 99 99 98 98 99 98 93 86 98 98 97 89 89 98 99 95 97 97 82 78 85 92 94 90 95 98 98 99 98 96 72 41
98 99 99 99 99 96 38 41 18 22 77 93 67 46 84 81 55 10 2 12 57 35 76 99 99 99 99 97 90 92 98 97 97 95 89 97 98 97 98 99 97 93 80 91 98 99 99 99 99 99 99 99 99 99 99 99 98 99 99 99 99 99 98 97 99 99 98 99 99 98 94 92 98 98 95 94 97 97 97 94 97 97 96 97 92 91 93 92 98 98 95 98 98 90 61 70
98 97 96 95 89 87 69 63 29 6 46 91 93 81 87 91 84 32 1 0 1 5 63 97 96 97 77 13 54 92 97 95 97 95 90 98 98 96 97 97 96 95 87 88 99 99 99 99 99 99 99 99 99 99 99 99 99 99 99 99 99 99 99 99 99 99 99 99 99 97 96 95 97 98 96 92 92 95 99 97 93 95 97 98 95 92 91 96 98 98 96 98 99 83 32 77
93 93 94 86 92 99 97 86 72 22 35 86 93 75 53 66 78 62 12 4 1 3 20 30 21 23 0 1 47 95 97 97 99 98 98 99 98 98 99 99 98 99 99 88 96 99 99 98 98 99 99 99 99 99 99 99 99 99 99 99 99 99 99 99 99 98 99 99 99 96 94 85 95 98 94 75 87 97 99 97 94 98 97 97 97 93 92 97 98 98 98 98 98 81 47 73
95 98 98 98 98 99 98 95 92 67 30 70 87 76 65 76 86 83 52 32 4 1 3 1 0 0 0 0 65 93 82 91 98 99 97 98 98 99 99 98 89 95 99 94 93 99 99 95 98 99 99 99 99 99 99 99 99 99 99 99 99 99 99 99 99 98 98 98 98 95 95 96 97 98 95 82 89 96 95 80 83 96 96 94 91 94 94 93 89 86 96 97 95 89 83 84
95 98 99 99 99 98 99 98 93 88 70 41 74 83 83 82 75 73 75 60 17 7 6 1 0 0 0 2 54 78 55 87 96 97 92 98 99 99 97 92 94 98 99 99 99 99 99 98 99 99 99 98 99 99 99 99 98 97 97 99 99 99 99 99 99 99 98 98 98 94 97 98 97 95 93 87 80 95 95 85 87 95 95 93 90 92 93 95 92 78 93 95 94 86 91 90
98 98 99 99 99 98 99 99 98 89 88 43 47 88 80 48 31 58 83 91 77 61 43 14 0 0 0 0 30 88 91 90 87 88 92 99 99 99 82 96 99 99 99 98 99 99 99 99 99 99 99 99 99 99 99 99 98 95 99 99 99 99 99 99 99 99 96 98 99 96 93 98 98 96 94 81 85 96 96 94 92 97 97 87 72 88 95 95 85 75 94 94 92 82 86 81
99 98 98 99 99 98 98 99 98 89 83 64 38 48 31 2 4 38 65 78 75 53 46 23 2 3 0 0 22 93 95 86 93 93 96 98 98 98 80 98 99 98 98 97 98 98 99 99 99 99 99 99 99 99 99 99 98 97 98 99 99 99 99 99 99 99 97 98 98 98 96 98 99 98 96 91 96 98 97 93 94 94 94 74 66 77 90 92 78 80 94 95 86 74 77 66
99 98 98 99 99 99 98 93 82 81 86 86 60 15 15 14 18 23 13 45 74 58 27 22 16 12 0 0 17 81 89 84 96 98 96 93 98 98 95 97 91 88 94 96 98 99 99 99 99 99 99 99 98 99 99 99 97 98 99 99 99 99 99 99 99 97 97 98 96 96 97 97 97 96 96 97 97 98 98 92 88 84 82 76 86 83 90 88 72 78 88 88 76 72 75 64
99 99 99 99 99 99 99 95 91 96 98 98 87 15 2 20 26 7 1 7 25 34 32 30 42 27 15 5 4 21 41 87 94 99 98 95 99 98 97 94 89 86 84 97 99 99 99 99 99 99 99 98 97 99 99 99 96 96 99 99 99 99 99 99 97 89 95 99 93 96 98 98 98 98 98 98 96 95 96 86 86 81 65 59 77 78 84 85 79 75 89 87 72 60 53 29
99 99 99 98 98 98 98 97 97 99 98 98 96 75 30 24 42 6 1 2 3 27 58 60 43 37 32 21 3 1 15 87 95 98 96 89 98 98 96 90 90 81 80 98 99 99 99 99 99 99 99 99 99 99 99 97 94 97 99 99 99 99 99 99 98 96 92 98 98 97 98 98 99 99 98 96 95 97 95 79 62 76 62 63 72 69 48 38 64 82 95 89 56 29 30 9
99 98 98 98 98 98 99 99 98 98 96 98 98 95 76 26 18 10 6 8 3 12 45 72 36 35 65 41 30 13 6 50 73 93 96 91 98 99 97 89 86 68 81 99 99 99 98 99 99 98 98 99 99 99 99 97 98 98 99 99 99 99 99 99 99 97 92 98 98 94 95 98 99 99 97 92 91 94 94 47 30 78 83 68 59 55 48 63 82 91 94 84 55 18 29 24
98 98 98 98 99 99 99 99 98 98 99 99 99 95 80 59 4 3 14 14 4 3 10 14 18 46 77 78 62 44 4 6 26 48 95 98 96 98 98 96 90 80 86 94 99 98 97 98 99 99 99 99 99 99 99 98 98 99 99 99 99 96 97 98 99 96 96 98 98 97 98 98 99 99 99 96 89 87 89 65 68 87 73 37 42 72 75 83 84 89 88 77 51 16 23 25
99 99 99 99 99 99 99 95 94 98 99 98 97 93 87 80 6 0 15 22 15 4 3 5 17 42 65 56 65 45 11 5 18 16 63 97 96 98 99 96 80 91 97 95 98 99 98 98 99 99 99 99 99 99 99 98 98 99 99 99 98 96 98 99 98 96 98 99 99 99 99 99 98 98 98 97 94 90 84 69 86 92 47 30 63 82 79 72 83 78 58 56 49 10 10 12
99 99 99 99 99 99 97 93 94 99 97 95 96 97 97 88 29 0 2 22 17 7 6 9 22 27 16 15 39 53 32 40 26 11 16 79 95 98 96 81 91 98 99 99 98 98 98 98 99 99 99 99 99 99 99 99 98 99 99 99 98 92 98 99 99 97 99 99 99 98 99 99 98 93 95 97 95 82 66 49 73 74 42 33 74 77 29 21 75 77 74 68 59 29 20 10
99 99 99 99 99 98 96 91 96 99 99 98 99 99 99 96 62 13 5 9 6 4 5 12 25 38 11 3 22 63 82 72 36 15 17 31 81 97 93 78 91 93 94 98 98 95 97 98 99 97 98 99 99 99 99 99 98 99 99 99 96 92 97 99 99 99 99 99 99 98 95 93 95 96 95 94 88 73 52 53 81 69 36 24 54 68 39 51 85 88 84 78 36 4 18 16
98 98 99 99 99 99 98 95 95 99 99 98 99 99 98 97 83 29 23 17 17 22 28 34 25 18 10 16 63 87 88 83 68 59 31 16 25 44 74 78 52 65 95 99 99 92 98 99 99 98 99 99 99 99 99 99 99 99 99 99 96 95 98 99 99 99 99 98 98 98 94 89 96 98 97 90 82 89 46 37 69 58 35 17 26 50 59 79 90 90 81 78 21 0 12 8
98 99 98 98 98 99 99 97 96 98 98 93 95 94 80 96 89 43 15 3 4 41 72 66 34 6 42 77 87 94 94 83 70 69 44 20 3 0 26 87 38 43 98 99 99 97 98 99 99 99 99 98 99 99 99 99 98 99 99 98 96 95 98 99 99 97 97 98 98 98 96 93 93 95 94 84 72 72 39 48 71 53 30 17 21 59 60 71 86 86 76 72 20 16 52 6
99 98 93 96 98 98 96 94 93 94 94 90 94 90 85 91 86 70 16 1 1 20 74 80 67 60 93 94 92 91 75 45 55 84 72 44 6 0 3 29 11 38 93 97 99 99 99 99 99 98 99 98 98 99 98 98 97 99 99 98 91 90 97 99 98 97 98 98 96 97 96 94 92 93 91 80 86 79 47 74 82 52 17 19 44 74 60 67 84 83 84 69 22 16 34 6
97 96 92 98 99 98 97 96 89 90 97 96 88 82 64 33 28 32 4 0 0 0 2 8 21 62 82 63 36 40 36 37 76 95 94 85 63 52 6 4 10 17 84 98 99 99 99 99 99 98 98 98 98 98 98 99 98 99 99 99 96 94 97 98 98 97 99 97 92 91 93 94 94 97 90 68 88 82 62 74 77 56 34 52 61 54 52 71 88 88 81 33 6 5 2 3
97 97 96 98 96 80 89 93 84 76 65 40 34 22 7 1 0 1 0 0 0 0 0 0 0 2 14 7 2 7 34 62 84 93 94 95 78 86 30 12 3 4 25 61 92 96 99 99 96 98 98 98 98 99 99 99 99 99 99 98 96 97 98 98 96 98 99 97 93 91 93 95 95 98 93 81 93 85 74 79 80 53 44 67 77 53 46 74 86 87 82 46 15 1 0 16
96 90 85 89 82 48 58 60 50 5 0 1 5 2 0 0 0 3 4 6 17 22 9 5 10 8 4 8 3 1 4 7 29 23 50 88 75 79 78 57 8 4 13 4 12 77 97 98 99 99 99 99 99 99 99 98 97 98 98 96 91 95 98 98 97 97 98 98 95 95 97 96 93 95 91 92 93 77 77 83 72 31 42 75 81 41 39 72 82 87 79 64 16 2 11 26
23 41 26 12 10 15 30 5 0 0 0 0 2 2 10 24 53 82 75 89 90 89 82 68 69 38 32 38 9 3 9 6 7 2 14 75 74 70 74 75 49 20 15 1 10 39 65 95 99 99 99 99 99 99 99 98 95 97 97 96 94 93 96 98 98 97 97 99 98 97 97 96 79 74 84 91 85 73 86 87 64 31 60 82 82 82 72 73 86 84 67 53 27 5 9 12
0 2 0 0 0 3 11 3 5 10 10 17 58 63 86 92 98 99 99 99 95 91 94 96 91 67 79 94 98 96 96 92 76 44 20 12 16 15 24 64 54 6 5 15 78 64 22 44 94 99 99 99 99 99 99 98 96 98 97 96 89 88 93 97 98 97 97 98 98 97 98 97 86 82 89 91 80 73 91 86 71 64 73 71 79 82 62 72 87 76 51 9 3 6 5 10
0 0 0 0 1 22 57 86 92 86 89 95 97 97 97 97 99 99 99 99 98 96 98 98 96 92 93 98 99 99 99 99 99 90 7 0 0 0 1 28 34 1 10 92 96 96 80 54 67 84 99 99 99 99 98 98 98 98 98 97 93 91 96 97 99 99 99 98 95 94 94 94 85 89 94 92 79 54 69 80 71 65 58 37 76 80 45 75 92 76 31 4 2 18 11 3
45 16 28 48 71 95 98 98 99 99 99 99 98 99 99 98 98 99 99 99 99 99 99 99 96 95 98 99 99 99 99 99 99 88 6 0 0 0 0 9 19 13 37 95 98 95 95 89 69 31 61 98 99 99 98 99 99 99 98 97 97 97 98 97 98 99 99 97 91 84 90 90 85 83 90 93 76 40 76 80 49 28 31 55 77 58 46 78 89 80 36 12 3 5 16 30
99 97 96 99 99 99 98 99 99 99 99 99 99 98 99 99 99 99 99 99 99 99 98 99 97 94 97 98 96 94 90 75 94 72 9 0 3 8 9 21 23 21 36 95 99 98 95 87 67 30 13 53 98 99 99 99 99 99 98 95 98 98 97 97 96 98 98 97 92 91 96 92 89 89 91 94 82 47 78 72 40 39 43 63 60 36 71 90 94 90 50 20 3 0 2 8
99 99 99 99 98 99 99 99 99 99 99 99 99 98 98 99 99 99 99 99 99 99 98 98 98 95 94 94 78 76 71 32 40 41 23 37 62 53 67 57 7 18 70 98 99 98 85 37 45 35 11 19 74 98 99 99 99 99 99 96 96 96 98 98 97 97 95 95 94 94 93 87 87 94 95 89 43 37 77 40 9 14 33 42 38 46 74 89 91 90 61 10 4 1 1 1
99 99 99 99 99 99 99 99 99 99 99 99 99 99 96 98 99 99 99 99 99 98 94 92 94 89 86 89 75 82 94 84 79 86 71 86 97 96 89 61 35 78 95 98 98 92 46 40 37 17 3 8 18 65 97 99 99 99 99 96 96 96 99 99 98 97 94 90 88 90 88 80 76 91 94 93 80 55 62 64 48 38 44 45 42 77 83 92 85 81 57 10 2 1 10 26
99 99 99 99 99 99 99 99 99 99 99 99 99 99 99 92 92 98 95 79 88 88 60 49 85 89 93 95 93 93 94 95 95 96 94 96 98 95 77 72 83 94 98 96 84 3 1 19 4 0 0 0 7 22 76 95 99 99 99 98 99 98 96 98 98 95 88 85 85 81 83 78 79 91 92 93 83 56 69 81 68 54 58 52 39 75 80 83 79 61 37 13 1 1 3 15
99 99 99 99 99 99 99 99 99 99 97 97 93 87 88 81 69 73 85 74 79 89 85 94 99 97 96 96 95 85 86 96 97 96 93 93 90 87 82 89 97 97 93 89 84 21 2 8 9 6 0 0 6 73 74 70 84 99 98 93 99 99 96 95 96 97 96 92 86 80 91 86 89 94 91 86 70 68 84 84 47 32 49 47 42 55 71 58 56 66 59 14 4 1 3 10
99 99 99 98 97 97 95 91 91 88 83 88 70 21 61 87 92 93 97 98 98 98 97 99 99 99 96 93 96 91 86 94 94 92 89 85 90 95 98 99 99 99 94 81 89 88 40 11 23 10 1 0 6 81 90 65 27 82 96 98 99 99 99 99 98 97 97 95 91 89 92 88 89 93 84 55 46 72 76 82 62 58 44 47 57 69 84 78 76 86 67 4 1 2 6 12
98 93 89 79 55 57 75 53 24 48 56 72 85 72 92 98 99 98 98 98 99 98 94 94 94 91 89 94 96 93 90 81 62 86 87 95 98 99 99 99 99 99 97 94 96 98 97 83 34 16 8 3 42 89 98 94 59 66 78 95 98 97 98 99 99 98 96 95 92 91 84 77 72 83 78 48 64 78 68 60 48 56 42 58 56 57 84 88 87 83 55 4 1 1 5 5
66 52 49 30 7 30 53 68 44 50 60 79 93 93 92 97 99 99 98 97 92 84 90 95 97 96 95 94 95 89 85 79 66 91 93 98 99 99 99 99 99 99 99 98 96 98 99 98 66 50 26 27 93 97 99 97 91 77 57 38 80 95 96 98 99 99 99 97 94 90 81 85 84 85 72 62 67 83 87 53 40 50 63 74 59 53 73 92 93 89 40 4 3 1 2 1
25 22 55 58 26 45 77 93 88 84 88 90 93 93 93 94 98 98 98 96 95 89 92 96 98 99 97 92 88 87 84 85 80 93 98 99 99 99 99 99 99 99 98 97 97 97 99 98 83 51 37 84 99 99 99 99 99 97 77 66 39 79 96 98 99 99 99 99 94 89 93 92 82 83 74 47 59 79 82 69 51 54 56 62 48 60 76 88 91 88 62 6 1 1 1 1
68 75 88 96 94 89 89 96 95 93 94 93 90 90 96 96 98 99 97 97 97 95 98 98 92 93 91 80 78 81 70 77 94 99 99 99 99 99 99 99 98 98 90 87 94 98 97 94 86 45 60 97 99 99 99 99 99 99 96 79 43 40 68 88 97 98 99 97 94 90 93 93 90 89 84 61 70 75 86 85 60 44 50 46 45 57 84 90 88 89 69 18 12 8 6 7
92 93 95 98 98 96 95 97 97 95 94 94 94 89 94 94 97 96 95 95 96 96 96 85 71 67 82 87 84 72 51 81 99 99 99 99 99 99 99 99 99 97 94 73 98 99 97 87 77 64 92 99 99 99 99 99 99 99 99 98 87 42 30 64 85 93 94 88 92 95 95 94 93 85 73 73 77 83 83 82 68 66 62 53 50 57 82 92 90 91 71 18 20 16 14 12
94 95 97 99 98 97 97 98 98 97 95 94 94 84 93 96 89 80 90 97 96 91 84 78 63 88 95 94 91 60 24 94 99 99 99 99 99 99 99 99 99 99 98 95 99 99 90 83 86 94 98 99 99 99 98 98 99 99 99 99 98 79 53 33 44 68 92 96 97 97 95 93 93 89 77 74 79 86 89 75 76 73 71 58 37 58 85 90 93 71 24 18 15 5 7 7
98 98 97 96 95 96 98 99 98 97 98 94 79 77 95 97 88 87 94 94 89 82 79 91 91 94 92 90 87 30 28 99 99 99 99 99 99 99 99 99 99 99 99 98 99 99 94 97 99 98 98 98 99 98 88 91 97 98 98 97 95 92 94 65 17 22 48 89 95 94 86 89 96 93 87 77 72 79 75 76 62 55 78 79 73 82 92 92 89 31 18 36 20 12 15 15
94 92 91 96 93 96 97 96 94 94 98 94 75 87 96 98 96 96 95 91 94 96 90 92 91 75 53 21 13 28 91 99 99 99 99 99 99 99 99 99 99 99 98 98 99 98 98 99 99 99 99 99 99 99 99 96 95 98 98 96 92 95 98 91 58 32 25 44 79 87 83 94 97 92 85 80 81 78 78 81 55 62 84 89 86 94 86 62 23 6 7 11 6 3 14 17
96 93 94 96 96 95 93 93 92 94 97 93 93 95 96 98 98 93 93 80 70 91 75 52 58 32 20 14 21 76 99 99 99 99 99 99 99 99 99 99 99 99 98 98 96 94 98 99 99 99 99 98 96 97 99 98 88 94 96 96 94 91 94 87 85 64 15 4 11 59 90 93 95 92 86 83 91 92 90 85 67 77 82 76 74 33 3 0 0 0 0 2 1 1 20 35
98 97 94 96 94 93 96 97 97 97 97 94 93 97 95 79 53 64 48 30 31 52 41 28 56 85 87 65 63 97 99 99 99 99 99 99 99 99 99 99 99 98 97 96 97 99 98 98 96 98 99 99 98 97 99 99 92 84 96 99 99 94 82 81 87 81 43 8 0 7 43 64 97 98 93 80 89 92 81 62 61 79 70 41 10 0 0 0 0 0 0 4 5 9 26 28
98 94 86 90 94 92 98 98 97 88 93 86 66 93 87 32 29 40 63 56 69 69 72 78 90 98 90 61 77 98 99 99 99 99 99 99 99 99 98 98 98 97 94 95 96 99 99 98 99 98 98 98 98 98 99 99 96 77 95 94 91 86 91 86 79 81 33 0 0 0 7 26 41 83 61 16 75 79 39 22 32 56 45 28 2 0 0 0 0 0 0 2 8 16 30 15
92 80 73 87 90 76 88 83 45 27 23 10 9 58 75 61 64 41 59 84 93 88 86 94 94 89 45 18 87 99 99 99 99 99 99 99 99 99 98 97 98 98 97 97 97 99 99 99 99 98 97 98 97 98 98 98 96 90 97 94 93 93 97 91 62 12 1 0 0 0 0 0 1 2 8 10 39 13 2 6 10 14 17 20 3 0 0 0 0 0 0 0 0 2 7 20
89 54 66 64 41 11 5 16 31 46 56 9 4 48 89 83 78 46 51 85 93 79 76 92 95 92 45 33 96 99 99 97 98 99 99 99 99 99 99 99 98 97 98 98 98 99 99 99 98 97 99 99 99 99 98 97 97 97 95 93 96 93 85 85 13 0 0 0 0 0 0 0 0 0 0 0 1 1 2 6 6 3 4 4 0 0 0 0 0 0 0 0 0 0 1 21
35 3 6 28 19 16 37 81 68 38 77 65 20 33 69 87 87 64 61 65 65 51 74 95 93 73 56 74 96 97 99 99 99 99 99 99 99 99 99 99 99 99 99 98 98 99 97 97 97 98 99 99 99 99 99 98 98 97 94 91 93 90 60 6 0 0 0 0 0 0 0 0 0 0 0 0 0 1 3 1 0 1 0 0 0 0 0 0 0 0 0 0 0 0 0 3
4 3 2 17 42 45 66 87 85 61 61 82 88 67 42 72 79 69 55 48 71 74 63 82 44 25 77 90 98 98 99 99 99 99 99 99 99 99 99 99 99 99 99 98 99 99 97 97 98 99 99 99 98 98 99 99 98 95 95 95 90 80 25 0 0 0 0 0 0 0 0 0 0 0 0 0 0 0 0 0 0 0 0 0 0 0 0 0 0 0 0 0 0 0 0 0
2 2 5 30 76 89 78 77 94 87 69 86 95 81 35 35 19 33 71 82 88 88 82 71 33 67 93 98 99 99 99 99 99 99 98 98 99 99 99 98 98 98 96 98 99 99 99 99 99 99 99 99 98 99 99 99 96 87 90 86 80 64 15 0 0 0 0 1 1 0 0 0 0 0 0 0 0 0 0 0 0 0 0 0 0 0 0 0 2 0 2 3 0 0 0 0
9 23 33 59 29 38 56 83 96 87 80 87 90 67 81 77 32 21 71 86 91 89 92 87 66 90 97 98 99 99 99 99 99 98 98 97 98 99 99 99 99 99 98 98 99 99 99 99 99 98 98 97 98 99 99 99 94 90 94 87 82 37 5 0 0 0 1 16 28 20 20 5 1 0 0 0 0 0 0 0 0 0 1 0 3 43 39 46 51 15 8 10 1 0 0 0
17 8 16 12 0 0 68 93 95 67 65 85 70 25 71 82 57 22 40 70 93 93 95 74 61 92 96 97 99 99 99 99 98 98 99 98 99 99 99 99 99 99 99 99 98 98 97 98 99 98 98 98 99 98 98 99 98 97 95 88 80 10 0 0 0 0 10 22 7 45 84 92 90 79 49 16 3 4 0 0 0 0 3 20 72 97 97 93 93 76 35 20 0 0 0 0
1 0 2 2 0 2 37 55 87 78 56 60 36 16 70 65 56 61 66 65 75 71 86 72 82 97 96 98 99 98 99 99 99 99 99 99 98 99 99 99 99 99 99 99 99 98 98 99 99 97 91 95 98 99 98 98 99 99 97 86 49 1 0 0 0 1 36 30 11 79 97 97 99 99 99 98 96 96 91 56 16 0 2 77 98 99 98 98 98 99 84 45 8 1 0 0
0 0 3 21 7 22 39 31 87 94 86 58 37 54 68 20 24 58 56 46 65 43 63 81 95 99 99 99 99 99 99 99 99 99 99 97 96 99 99 99 96 98 99 99 99 99 99 99 99 98 91 89 96 99 97 98 97 92 97 88 17 0 0 0 0 0 3 26 48 95 99 99 99 99 99 99 99 99 99 99 97 59 45 87 98 99 98 98 99 99 96 67 38 12 0 0
1 11 60 73 40 30 49 43 70 83 53 36 69 87 82 27 28 28 13 8 38 22 43 87 93 98 99 99 99 99 99 99 99 98 98 96 96 99 99 99 96 98 99 99 99 99 99 99 99 99 98 98 98 98 97 98 95 84 89 81 15 0 0 0 0 0 0 12 67 94 98 99 99 98 99 99 99 99 99 99 99 98 94 86 92 99 99 99 99 99 98 95 72 22 0 0
27 55 76 81 68 39 45 37 18 9 17 30 59 86 51 8 18 3 0 1 7 11 55 92 93 95 98 99 99 99 99 99 99 98 98 99 99 99 99 99 99 99 99 98 99 99 99 98 98 99 99 97 98 97 97 98 94 83 75 60 8 0 0 0 0 0 0 3 59 93 94 99 99 99 99 99 99 99 99 99 99 99 99 95 86 97 99 99 99 98 99 99 96 34 8 1
4 9 11 17 69 45 4 2 1 2 26 21 15 30 4 3 9 1 0 2 4 9 56 91 94 94 96 98 99 99 98 99 99 99 99 99 99 99 99 99 99 99 98 97 98 98 98 98 99 99 98 97 98 98 98 99 97 95 90 76 20 0 0 2 0 0 0 1 8 82 96 99 99 99 99 99 99 99 99 99 99 99 99 98 97 91 97 99 99 99 99 99 97 86 71 26
0 0 0 1 5 9 0 0 1 6 18 19 3 2 1 7 24 2 3 8 6 11 69 93 96 96 97 98 98 96 97 99 99 99 99 99 99 99 99 99 99 99 97 98 98 98 99 99 99 99 98 97 95 96 97 98 98 98 95 91 66 23 1 0 0 0 0 1 0 3 94 99 99 99 99 99 99 99 99 99 99 99 99 99 98 92 88 98 99 99 99 98 98 99 97 76
