test/net/g2lab/icchange/view/profile/olddata/rastert_delta055.txt
ncols         452
nrows         411
xllcorner     527595,50307841
yllcorner     5934256,8476051
cellsize      5
NODATA_value  -9999
[rows 35 to 69 of 411, columns 79 to 157 of 452]
4854 4658 -9999 -9999 -9999 -9999 -9999 -9999 -9999 -9999 -9999 -9999 -9999 -9999 -9999 -9999 -9999 -9999 -9999 -9999 -9999 -9999 -9999 -9999 9384 9402 9294 -9999 -9999 -9999 -9999 -9999 -9999 -9999 -9999 -9999 -9999 -9999 -9999 -9999 -9999 -9999 9413 -9999 -9999 -9999 -9999 -9999 -9999 -9999 8837 -9999 -9999 8366 8603 9021 -9999 9026 8980 8621 -9999 -9999 -9999 -9999 -9999 -9999 -9999 -9999 -9999 -9999 -9999 -9999 -9999 -9999 -9999 -9999 -9999 -9999 -9999
5607 -9999 -9999 -9999 -9999 -9999 -9999 -9999 -9999 -9999 -9999 -9999 -9999 -9999 -9999 -9999 -9999 -9999 -9999 -9999 -9999 -9999 8976 9294 -9999 9168 9011 -9999 -9999 -9999 -9999 9126 -9999 -9999 -9999 -9999 -9999 -9999 -9999 -9999 -9999 -9999 -9999 -9999 -9999 -9999 -9999 -9999 -9999 -9999 8969 -9999 8832 8888 -9999 -9999 9835 9674 9231 9042 8550 -9999 -9999 -9999 -9999 -9999 -9999 -9999 -9999 -9999 -9999 -9999 -9999 -9999 -9999 -9999 -9999 -9999 -9999
6694 5850 -9999 -9999 -9999 -9999 -9999 -9999 -9999 -9999 -9999 -9999 -9999 -9999 -9999 5904 7324 8344 8809 -9999 -9999 -9999 9055 9215 -9999 8911 8679 -9999 -9999 -9999 -9999 -9999 -9999 -9999 -9999 -9999 -9999 -9999 -9999 -9999 -9999 -9999 -9999 -9999 -9999 -9999 -9999 8720 -9999 -9999 9287 9329 9508 9579 9284 9668 10200 10206 9669 9402 9208 8850 -9999 -9999 -9999 -9999 -9999 -9999 8468 -9999 8113 8466 -9999 -9999 -9999 -9999 -9999 -9999 -9999
6802 6046 -9999 -9999 -9999 -9999 -9999 -9999 -9999 -9999 -9999 -9999 -9999 -9999 6696 7367 8282 9030 9108 -9999 -9999 -9999 -9999 9098 9224 9102 8940 -9999 -9999 -9999 -9999 9308 8983 9174 9526 -9999 -9999 -9999 -9999 -9999 -9999 -9999 -9999 8909 8806 -9999 -9999 -9999 -9999 -9999 9342 9578 9858 9866 9790 9978 10256 10328 10026 9651 9472 9319 -9999 -9999 -9999 -9999 -9999 -9999 8022 7748 7807 8081 -9999 -9999 7836 7859 -9999 -9999 -9999
-9999 -9999 -9999 -9999 -9999 -9999 -9999 -9999 -9999 -9999 -9999 -9999 -9999 -9999 7574 8064 8674 8974 9299 -9999 -9999 -9999 -9999 -9999 -9999 -9999 9138 9310 9353 9795 9737 9504 9263 9082 -9999 9165 -9999 -9999 9283 9412 9313 -9999 8903 8778 8750 -9999 -9999 -9999 9202 9356 9384 9520 9991 10041 10010 9922 9894 9874 9976 9920 9807 9729 9193 8697 -9999 -9999 -9999 -9999 7635 -9999 -9999 -9999 -9999 -9999 7991 8090 -9999 -9999 -9999
5146 -9999 -9999 -9999 -9999 -9999 -9999 -9999 -9999 -9999 -9999 -9999 -9999 8152 8289 8361 8913 9174 9189 9175 -9999 -9999 -9999 -9999 -9999 9213 9081 9139 9372 9622 9673 9643 9353 -9999 -9999 -9999 9373 9343 9158 9082 -9999 9166 9119 9089 9006 -9999 9333 9413 9251 9437 9826 9709 9641 9686 9674 9445 9364 9574 9865 9854 9694 9563 9089 8779 8627 8411 -9999 -9999 -9999 -9999 -9999 -9999 -9999 7983 8175 8019 7756 -9999 -9999
5361 -9999 -9999 -9999 -9999 -9999 -9999 -9999 -9999 -9999 -9999 -9999 8011 8651 8515 8418 8617 -9999 -9999 8641 8930 -9999 -9999 -9999 -9999 -9999 9266 9136 9253 9444 9433 9352 9113 8964 9113 8675 8970 9307 9047 8891 8923 9245 9470 9629 9262 9099 9613 9610 9317 9437 9772 9559 9391 9294 9038 8796 8897 9296 9324 9246 9083 9095 9064 8791 8585 8381 -9999 -9999 -9999 -9999 -9999 7994 8079 8090 8196 7734 -9999 -9999 -9999
5609 -9999 -9999 -9999 -9999 -9999 -9999 -9999 -9999 -9999 -9999 -9999 8023 8219 8220 8245 -9999 -9999 -9999 8866 9149 9353 9392 -9999 -9999 -9999 9281 9300 9134 8949 8913 9131 8864 8728 8731 8327 8631 9106 9005 9117 9204 9101 9159 9626 9415 9319 9733 9548 9274 9337 9548 9578 9491 9107 8661 8608 8739 8794 8631 8782 8671 8788 8935 8461 8384 8555 -9999 -9999 -9999 -9999 -9999 7933 8008 7881 7782 -9999 -9999 -9999 -9999
5675 4810 -9999 -9999 -9999 -9999 -9999 -9999 -9999 -9999 -9999 -9999 -9999 8192 8190 8196 -9999 -9999 8423 8898 9118 9141 9141 -9999 -9999 -9999 -9999 -9999 -9999 -9999 8443 8429 8213 8269 8331 8169 8418 8851 8961 8765 8773 8529 8559 9192 9603 9797 9829 9532 9223 9200 9323 9504 9393 8995 8815 8926 8659 8500 8414 8533 8719 8660 8573 8197 8122 8676 8784 -9999 8166 -9999 -9999 -9999 7746 -9999 -9999 -9999 -9999 -9999 -9999
6230 5466 -9999 -9999 -9999 -9999 -9999 -9999 -9999 -9999 -9999 8168 8260 8180 8151 8197 8211 8450 8784 8933 8872 8872 -9999 -9999 -9999 9175 8858 -9999 8530 8216 8100 8160 8209 8421 8327 8202 8140 8234 8611 8523 8336 8334 8587 9112 9653 9910 9910 9654 9317 9318 9253 9101 8919 9136 9243 9078 8678 8453 8337 8715 9021 8561 8597 8664 8330 8455 8329 7872 7753 -9999 -9999 -9999 -9999 -9999 -9999 -9999 -9999 -9999 -9999
6620 6110 -9999 -9999 -9999 -9999 -9999 -9999 -9999 -9999 7563 8490 8099 7892 7921 8146 8298 8446 8624 8715 8574 8605 8627 8839 8806 8780 8686 8334 8433 8444 8093 8263 8514 8612 8382 8284 8211 8137 8451 8595 8456 8623 8898 9217 9458 9707 9889 9728 9564 9547 9181 8740 8530 9037 9076 8895 8864 8784 8232 8643 8932 8895 9003 8742 8273 7964 7901 7512 -9999 -9999 -9999 -9999 -9999 -9999 -9999 -9999 -9999 -9999 -9999
6731 6234 -9999 -9999 -9999 -9999 -9999 -9999 -9999 -9999 7503 8119 7837 7617 7686 8000 8205 8186 8088 8343 8884 8848 8309 8056 8212 8164 8121 7789 7806 8307 8170 8587 8766 8869 8726 8466 8547 8708 8536 8717 8575 8523 8735 9102 9479 9694 9819 9842 9820 9751 9191 8760 8372 8441 8588 8676 8618 8488 7990 8378 8575 8677 8919 8579 8384 8465 8411 7896 -9999 -9999 -9999 -9999 -9999 -9999 -9999 -9999 -9999 -9999 -9999
-9999 -9999 -9999 -9999 -9999 -9999 -9999 -9999 -9999 6703 7517 7753 7816 7593 7676 8056 8302 8230 8260 8910 8981 7915 -9999 -9999 -9999 7168 6733 6777 6851 7310 8035 8745 8847 8862 9099 9079 8804 8814 8737 8680 8389 8434 8856 9137 9402 9657 9767 9796 9826 9727 9263 8935 8234 7777 8030 8266 8065 8061 8197 8482 8453 7872 7731 7918 8376 9057 9219 8670 -9999 -9999 -9999 -9999 -9999 -9999 -9999 -9999 -9999 -9999 -9999
-9999 -9999 -9999 -9999 -9999 -9999 -9999 -9999 -9999 7166 7690 7259 7611 7621 7698 7981 8262 8588 8160 7427 6631 -9999 -9999 -9999 -9999 -9999 -9999 -9999 6094 6446 7547 8821 9013 9191 9759 9898 9167 8801 8819 8667 8558 8703 8935 8981 9013 9490 9751 9676 9764 9648 9151 8894 8465 7810 7786 7872 7867 7933 8264 8247 7860 6338 -9999 5397 6402 8488 9715 9081 8154 -9999 -9999 -9999 -9999 -9999 -9999 -9999 -9999 -9999 -9999
-9999 -9999 -9999 -9999 -9999 -9999 -9999 -9999 5758 7097 8319 8025 7644 7262 6916 6976 7260 6923 5287 -9999 -9999 -9999 -9999 -9999 -9999 -9999 -9999 -9999 -9999 5789 6821 8461 9392 9514 9936 10115 9583 9102 9352 9333 8952 8865 8872 8722 8696 9126 9359 9428 9562 9358 8843 8534 8355 8118 7901 7801 7774 7809 7985 7488 6446 -9999 -9999 -9999 4934 6910 9295 9595 8426 7484 -9999 -9999 -9999 -9999 -9999 -9999 -9999 -9999 -9999
-9999 -9999 -9999 -9999 -9999 -9999 -9999 -9999 5113 6052 6985 7083 -9999 5969 5895 -9999 -9999 -9999 -9999 -9999 -9999 -9999 -9999 -9999 -9999 -9999 -9999 -9999 -9999 5651 5935 8385 9999 9721 9720 9991 9891 9474 9651 9123 8672 8819 8927 8587 8434 8812 8943 9122 9176 8988 8700 8413 8445 8476 8240 8191 7859 7519 7479 6416 -9999 -9999 -9999 -9999 4348 5383 6702 8497 8756 -9999 -9999 -9999 -9999 -9999 -9999 -9999 -9999 -9999 -9999
-9999 -9999 -9999 -9999 -9999 -9999 -9999 -9999 -9999 -9999 -9999 -9999 -9999 -9999 -9999 -9999 -9999 -9999 -9999 -9999 -9999 -9999 -9999 -9999 -9999 -9999 -9999 -9999 -9999 5916 5707 7740 9242 9374 9628 9639 9446 9127 9014 8426 8530 9049 9160 8777 8650 8854 8881 8969 8841 8750 8754 8853 8979 8792 8713 8746 8014 7423 7164 6284 -9999 -9999 -9999 -9999 -9999 -9999 -9999 7116 8857 -9999 -9999 -9999 8080 7956 7925 8431 8656 8168 7886
-9999 -9999 -9999 -9999 -9999 -9999 -9999 -9999 -9999 -9999 -9999 -9999 -9999 -9999 -9999 -9999 -9999 -9999 -9999 -9999 -9999 -9999 -9999 -9999 -9999 -9999 6854 6769 -9999 -9999 -9999 -9999 7939 8761 9045 8686 8660 8661 8674 8564 9014 9252 9103 8943 8980 9049 9048 9079 8796 8576 8669 8966 9128 8952 8972 9010 8353 7564 6955 6661 5945 -9999 -9999 -9999 -9999 -9999 4685 5851 8267 9210 8845 8565 8805 8953 8787 8751 8541 7995 7328
-9999 -9999 -9999 -9999 -9999 -9999 -9999 -9999 -9999 -9999 -9999 -9999 -9999 -9999 -9999 -9999 -9999 -9999 -9999 -9999 -9999 -9999 -9999 -9999 -9999 -9999 -9999 -9999 -9999 -9999 -9999 -9999 7352 7991 8457 8566 8695 8853 9003 9107 9292 9205 9019 9042 9068 9059 9157 9170 8960 8763 8670 8810 9010 9006 9033 8930 8184 7089 6727 6568 5922 5917 -9999 -9999 -9999 -9999 -9999 -9999 7431 -9999 8866 8826 8839 8686 8460 8142 7745 7141 6698
-9999 -9999 -9999 -9999 -9999 -9999 -9999 -9999 -9999 -9999 -9999 -9999 -9999 -9999 -9999 -9999 -9999 -9999 -9999 -9999 -9999 -9999 -9999 -9999 -9999 -9999 -9999 -9999 -9999 -9999 7240 8159 8513 8624 8975 9239 9246 9241 9108 9137 9238 9320 9261 9230 9151 8992 9155 9317 9272 9375 9239 8798 8787 8966 8615 7920 7037 -9999 6608 -9999 -9999 -9999 7346 7285 -9999 -9999 -9999 -9999 -9999 8082 8512 8254 7912 8013 7855 7598 7482 6859 6275
-9999 -9999 -9999 -9999 -9999 -9999 -9999 -9999 -9999 -9999 -9999 -9999 -9999 -9999 -9999 -9999 -9999 -9999 -9999 -9999 -9999 -9999 -9999 -9999 -9999 -9999 -9999 -9999 8499 8294 8529 9154 9501 9440 9345 9262 9290 9215 8960 8965 9215 9332 9197 9048 8969 8883 8988 9091 9250 9608 9693 9201 9103 9006 8050 6429 -9999 -9999 -9999 6784 6261 6504 7793 8542 8101 -9999 -9999 -9999 -9999 8076 7944 -9999 7786 8112 7952 7574 7265 6570 5863
-9999 -9999 -9999 -9999 -9999 -9999 -9999 -9999 -9999 -9999 -9999 -9999 -9999 -9999 -9999 -9999 -9999 -9999 -9999 -9999 -9999 -9999 -9999 8583 8826 8822 9365 9475 9099 9048 9315 9551 9461 9308 9188 9033 9107 9266 9269 9367 9547 9426 9070 8725 8393 8405 8532 8514 8940 9378 9454 9833 9813 8603 6741 -9999 -9999 -9999 -9999 7082 6201 -9999 7286 8344 8376 -9999 -9999 -9999 -9999 8094 8021 8200 8524 8611 8397 8100 7419 6215 5476
-9999 -9999 -9999 -9999 -9999 -9999 -9999 -9999 -9999 -9999 -9999 -9999 -9999 6550 -9999 -9999 6929 7612 8298 8617 8465 8488 8960 9273 9279 9331 9573 9526 9481 9526 9595 9791 9368 9181 9283 9110 9227 9496 9496 9377 9544 9322 8767 8389 8130 7975 7909 7761 8352 9003 8730 8394 7702 6705 5701 -9999 -9999 -9999 -9999 -9999 -9999 -9999 -9999 -9999 6485 7194 7554 7659 8207 8485 8639 8835 8829 8708 8580 8372 7540 5845 5167
-9999 -9999 -9999 -9999 -9999 -9999 -9999 -9999 -9999 -9999 -9999 -9999 5407 7163 8538 8278 8356 8437 8701 9088 9100 9047 8973 8961 -9999 9585 10006 9888 9647 9568 9591 9627 9197 9181 9252 8995 8904 9139 9401 9453 9553 9294 8641 8162 8128 7821 7463 7368 7890 -9999 -9999 -9999 -9999 5211 5876 -9999 -9999 -9999 -9999 -9999 -9999 -9999 -9999 -9999 -9999 6791 7727 7895 8434 8560 8626 8793 8781 8581 8462 8251 7444 5747 -9999
-9999 -9999 -9999 -9999 -9999 -9999 -9999 -9999 -9999 -9999 -9999 -9999 4992 6303 8418 8973 8279 8077 8515 8870 8841 8857 8951 9191 9421 9759 9921 9735 9390 9521 9459 9259 9102 9121 9105 9004 8907 9046 9364 9398 9079 8791 8585 8230 8044 8013 7859 -9999 -9999 -9999 -9999 -9999 -9999 -9999 7310 7689 7508 7766 7763 7423 6777 -9999 5949 6291 -9999 7200 7642 7639 7783 8015 8421 8762 8784 8404 8250 8245 7507 6153 4980
-9999 -9999 -9999 -9999 -9999 -9999 -9999 -9999 -9999 -9999 -9999 -9999 4357 4326 5907 7866 8291 8105 8423 8577 8532 8873 9269 9411 9334 9351 9466 9489 9492 9527 9169 9098 9062 8877 8903 9050 9046 8842 8718 8736 8500 8291 8475 8372 8295 8078 7658 -9999 -9999 -9999 -9999 -9999 -9999 6908 8266 8301 8187 8400 8292 7676 6634 -9999 -9999 7398 7959 7635 7497 7166 7145 7604 8140 8547 8476 8130 7982 8273 7971 6978 5787
-9999 -9999 -9999 -9999 -9999 -9999 -9999 -9999 -9999 -9999 -9999 -9999 -9999 -9999 -9999 6424 7965 8133 8345 8548 8527 8603 8674 8947 9181 9134 9249 9379 9387 9209 8935 9042 8883 8579 8398 8342 8620 8509 8209 8180 7839 7644 7913 8032 8053 7899 -9999 -9999 -9999 7108 -9999 -9999 -9999 6574 7771 7686 7114 6929 7183 7092 6870 6856 7403 7627 7678 7495 7293 6977 6731 7196 7842 7998 7912 8003 8135 8361 8380 7656 6731
-9999 -9999 -9999 -9999 -9999 -9999 -9999 -9999 -9999 -9999 -9999 -9999 -9999 -9999 4874 6360 8222 8432 8293 8671 8637 8526 8416 8707 9164 -9999 -9999 9002 8884 8955 8853 8625 -9999 -9999 -9999 -9999 7987 8162 7892 7751 7394 7293 7503 7812 8089 8360 8428 -9999 7981 7958 7849 7666 6669 5851 5920 5494 4677 4469 5191 5783 6145 6732 7067 6802 6499 6327 6469 6755 6919 7428 8050 8302 8353 8595 8552 8311 8312 7838 7243
-9999 -9999 -9999 -9999 -9999 -9999 -9999 -9999 -9999 -9999 -9999 -9999 -9999 -9999 -9999 6882 8870 8541 8350 8837 8655 8828 8851 8870 9105 9033 8943 8817 8615 -9999 -9999 -9999 -9999 -9999 -9999 7315 7617 7852 7924 7848 7593 7721 8095 8530 8740 -9999 8290 8389 8323 8086 7929 7403 6355 -9999 -9999 -9999 -9999 -9999 -9999 -9999 -9999 5648 6105 6289 5994 6039 6481 7114 7630 7971 8041 7996 8001 7976 7709 7467 7327 6966 6315
-9999 -9999 -9999 -9999 -9999 -9999 -9999 -9999 -9999 -9999 -9999 -9999 -9999 -9999 -9999 6291 8187 8773 8375 8379 8553 8973 9270 9008 8772 8727 8901 8860 -9999 -9999 8457 -9999 -9999 -9999 7664 7545 7839 8094 8162 8333 8382 8295 8648 8879 8582 -9999 7945 8176 8007 8026 8074 7849 6652 -9999 -9999 -9999 -9999 -9999 -9999 -9999 -9999 -9999 5845 6305 6670 6877 7195 7070 7056 7431 7058 6458 6128 5938 5909 6074 5956 5799 5538
-9999 -9999 -9999 -9999 -9999 -9999 -9999 -9999 -9999 -9999 -9999 -9999 -9999 -9999 -9999 5187 7118 8405 8216 8276 8537 8673 8665 8291 8162 8280 8481 -9999 -9999 -9999 8238 8170 -9999 -9999 -9999 8003 8291 8377 8205 8310 8644 8561 8466 7990 7900 7947 7891 7791 7745 8008 8533 8576 7056 5576 -9999 -9999 -9999 -9999 -9999 6203 6199 5964 6321 6862 6976 6624 6549 6396 6126 5987 5580 5190 5186 5126 4857 4797 4955 5016 5234
-9999 -9999 -9999 -9999 -9999 -9999 -9999 -9999 -9999 -9999 -9999 -9999 -9999 -9999 -9999 -9999 5042 7161 8214 8297 8494 8283 7899 7651 7757 7937 -9999 -9999 7780 -9999 -9999 -9999 -9999 -9999 -9999 8087 8089 8042 8013 8070 8070 8085 7971 8066 8105 8111 7655 7654 7652 7571 7496 6929 5765 5817 6435 6252 6301 5742 5357 5476 5698 5647 5546 5604 5542 5004 4747 4989 4947 4771 4744 4841 4828 4672 4279 -9999 -9999 4479 4680
-9999 -9999 -9999 -9999 -9999 -9999 -9999 -9999 -9999 -9999 -9999 -9999 -9999 -9999 -9999 -9999 -9999 6014 7977 7952 7973 7795 7600 7488 7453 7398 -9999 7695 -9999 -9999 -9999 -9999 7654 7793 -9999 -9999 7749 7774 7684 7627 7357 7622 7929 8049 -9999 7957 8045 7758 7835 7579 5995 4209 -9999 -9999 6813 6514 5976 5188 4600 4496 4339 4082 3617 3794 4128 3613 -9999 -9999 3975 4274 4446 4773 4874 4739 4661 4838 4938 4769 4657
-9999 -9999 -9999 -9999 -9999 -9999 -9999 -9999 -9999 -9999 -9999 -9999 -9999 -9999 -9999 -9999 -9999 5434 7155 7495 7486 7304 7252 7433 7455 7237 -9999 -9999 -9999 -9999 -9999 -9999 -9999 -9999 -9999 -9999 -9999 7600 7432 7416 7465 7582 7666 7718 7880 8156 8287 8063 8008 7525 -9999 -9999 -9999 -9999 6259 5854 5180 4712 4255 3963 -9999 -9999 -9999 2711 3028 -9999 -9999 -9999 -9999 3960 4382 4747 4926 5119 5078 4995 4780 5087 5478
-9999 -9999 -9999 -9999 -9999 -9999 -9999 -9999 -9999 -9999 -9999 -9999 -9999 -9999 -9999 -9999 -9999 4530 5859 6905 7174 7038 6848 7142 7350 7251 -9999 -9999 -9999 -9999 -9999 -9999 -9999 -9999 -9999 7434 7524 7398 7271 7214 7263 7115 7119 7625 8089 8047 7677 7252 7018 6846 6099 5393 5317 5269 5181 4977 4831 4573 4096 -9999 -9999 -9999 -9999 -9999 -9999 -9999 -9999 -9999 3929 4318 4566 4743 4986 5384 5611 5564 5129 5737 6686
