test/net/g2lab/icchange/view/profile/olddata/rastert_classpr1.txt
ncols         452
nrows         411
xllcorner     527595,50307841
yllcorner     5934256,8476051
cellsize      5
NODATA_value  -9999
[rows 260 to 324 of 411, columns 192 to 287 of 452]
32 42 44 21 36 49 72 72 53 90 90 72 82 23 4 0 0 0 0 1 9 53 93 91 95 98 82 27 56 73 85 75 70 56 46 72 74 82 81 37 48 79 70 62 61 37 5 11 23 80 87 88 85 73 62 39 15 0 0 0 0 0 3 9 3 2 6 40 22 39 47 47 91 94 93 96 96 95 95 97 94 85 39 65 78 77 71 32 16 41 54 70 79 31 19 36
39 19 36 29 33 75 69 77 69 92 82 14 7 0 0 0 0 0 1 18 78 96 98 95 95 95 77 49 58 63 78 63 59 73 68 65 61 78 75 31 26 48 52 44 51 41 37 48 23 32 83 94 95 93 81 71 7 0 0 0 0 0 0 4 14 5 17 58 60 56 49 58 91 94 93 94 92 95 98 98 97 71 11 32 35 7 8 6 5 18 6 14 30 16 21 32
67 12 3 29 38 74 57 92 85 56 31 0 0 0 0 0 0 0 6 69 96 97 99 98 89 76 68 76 88 87 63 55 59 79 77 75 53 33 34 41 44 32 52 53 57 49 58 74 48 30 44 84 90 93 89 79 1 0 0 0 0 0 0 1 4 14 74 95 95 90 90 89 94 96 95 95 95 95 96 93 60 10 0 0 0 0 0 1 1 1 0 0 0 0 5 12
48 8 1 13 3 21 76 92 14 0 1 0 0 0 0 1 3 4 49 94 96 87 84 84 57 44 28 49 86 87 71 71 31 28 67 80 48 9 26 49 62 53 72 84 68 33 14 22 21 16 16 23 54 87 84 29 0 0 0 0 0 0 0 1 0 23 90 96 97 95 95 95 96 96 89 81 82 89 92 92 50 3 0 0 0 0 0 0 0 0 0 0 0 0 1 2
2 2 0 0 0 1 3 0 0 0 1 0 0 0 9 40 21 25 89 97 90 55 53 47 47 55 51 20 36 76 82 81 35 32 48 72 75 66 79 69 62 39 54 75 54 15 7 18 23 20 13 6 10 18 12 0 0 0 0 0 0 0 0 0 0 50 90 77 88 93 93 92 97 98 95 94 93 96 97 97 70 2 2 2 3 3 4 1 0 0 0 1 0 0 0 0
0 0 0 0 0 0 0 0 0 0 0 0 11 42 87 90 66 45 70 92 73 60 58 30 60 93 81 14 10 74 63 84 84 65 46 55 75 90 93 78 42 24 22 26 26 33 31 21 12 25 26 17 10 2 0 0 0 0 0 0 0 0 0 0 0 60 90 54 89 92 93 88 87 96 97 96 97 98 98 98 62 0 0 1 4 0 2 1 0 0 1 6 0 0 0 0
2 1 0 0 0 0 0 0 0 0 0 2 87 95 98 97 90 78 67 45 23 67 77 51 51 91 87 60 30 68 77 88 93 78 73 71 75 88 81 79 63 55 41 24 18 51 39 10 8 16 27 40 29 38 14 0 0 0 0 0 0 0 0 0 0 27 72 76 94 95 96 96 93 94 94 94 94 95 95 96 34 0 0 0 0 0 0 0 0 0 0 0 1 0 0 1
5 14 4 0 0 0 0 0 0 2 43 83 94 90 83 81 72 68 39 4 2 10 53 75 31 55 78 81 71 92 91 53 73 81 79 63 54 70 33 42 71 75 72 37 21 22 27 12 7 6 13 28 32 59 12 0 0 0 0 0 0 0 0 0 0 16 69 88 95 95 97 97 94 95 95 97 97 95 88 89 15 0 0 0 0 0 0 0 1 1 0 0 0 0 3 1
17 4 2 0 0 0 0 1 13 59 94 94 51 27 37 38 38 30 23 22 9 7 23 63 71 84 85 81 83 91 86 49 53 67 43 16 25 51 21 36 42 69 73 67 37 11 28 20 10 14 19 7 5 31 7 0 0 0 0 0 0 0 0 0 0 5 81 92 95 96 97 95 91 93 96 98 99 98 81 58 4 0 0 0 0 0 0 0 1 1 0 0 0 0 0 0
5 0 0 0 0 0 6 50 91 97 95 83 43 27 23 15 12 9 14 36 40 18 18 42 57 58 50 63 57 51 49 34 30 44 37 16 14 21 28 55 20 20 40 55 58 30 23 11 12 42 52 6 4 27 1 0 0 0 0 0 0 0 0 0 0 0 83 97 95 92 95 94 94 97 98 98 98 98 96 91 27 0 0 0 0 0 0 0 0 1 0 0 1 0 0 1
3 0 0 0 0 2 93 99 99 98 90 78 33 15 9 8 6 2 6 21 36 25 21 30 22 18 34 60 32 14 58 32 31 69 78 56 22 23 14 32 38 33 28 24 52 56 27 6 9 16 8 1 23 14 0 0 0 0 0 0 0 0 0 0 0 0 33 93 93 92 95 95 94 98 99 98 98 97 97 93 35 0 0 0 0 0 0 1 0 0 0 0 0 0 0 1
0 0 0 0 30 97 99 99 98 91 78 55 34 21 10 12 11 2 3 5 10 12 18 34 27 35 30 49 35 52 85 31 50 86 90 80 31 15 4 21 60 71 49 19 10 39 39 14 10 5 4 10 45 4 0 0 0 0 0 0 0 0 0 0 0 0 9 84 95 94 92 96 97 98 99 98 98 95 88 86 39 9 0 0 0 0 0 0 0 0 0 1 0 0 0 0
0 0 16 77 97 99 99 98 94 83 62 30 21 21 18 12 14 9 4 1 1 15 22 43 58 54 39 38 46 62 71 17 47 70 51 49 33 23 11 26 44 22 22 12 3 29 58 47 14 1 6 24 12 0 0 0 0 0 0 0 0 0 0 0 0 0 25 81 98 97 92 98 97 97 98 99 98 91 77 70 65 20 0 0 0 0 1 0 0 0 0 0 0 0 0 0
0 11 90 99 98 99 97 95 88 70 39 35 24 4 1 15 57 39 4 0 3 29 12 19 56 70 72 51 25 8 6 1 12 28 19 21 18 47 42 30 35 24 25 16 8 15 19 45 18 3 6 5 0 0 0 0 0 0 0 0 0 0 0 0 0 0 29 76 94 96 89 94 96 98 99 99 96 91 80 76 22 2 0 0 0 0 0 0 3 2 0 0 0 0 0 0
40 88 98 99 98 97 94 96 93 63 67 86 77 14 3 32 85 70 35 7 3 19 23 35 52 55 55 63 20 1 0 1 21 16 16 10 8 57 57 28 47 19 8 8 13 11 7 21 5 13 45 25 0 0 0 0 0 0 0 0 0 0 0 0 0 0 2 44 81 93 90 83 88 96 99 97 92 82 83 83 8 0 0 0 0 0 0 0 1 0 2 0 0 0 0 0
92 95 98 99 93 68 85 95 96 90 81 81 73 44 17 11 30 43 41 10 0 1 30 48 24 9 5 38 50 10 6 7 9 3 18 33 35 70 28 9 28 8 1 7 41 23 6 22 5 11 48 33 7 0 0 0 0 0 0 0 0 0 0 0 0 0 1 17 67 94 95 82 84 88 91 92 85 60 65 89 58 1 0 0 0 0 0 0 0 0 0 0 0 0 0 0
97 97 98 99 87 58 88 93 94 95 95 85 72 41 57 13 1 14 42 21 12 0 1 6 5 30 16 5 15 40 65 12 1 2 24 46 58 56 8 2 7 4 9 4 5 10 29 38 10 6 9 10 20 54 6 0 0 0 0 0 0 0 0 0 0 0 0 1 23 91 95 92 85 89 92 95 92 73 47 72 51 1 0 0 0 0 0 0 0 0 0 0 0 0 0 0
97 91 85 90 76 83 95 96 96 96 96 86 80 76 63 14 1 30 53 39 24 0 1 8 7 42 20 0 1 7 32 6 4 16 11 12 21 24 14 10 8 8 16 2 0 7 40 44 20 9 3 7 33 66 49 6 0 0 0 0 0 0 0 0 0 0 0 0 12 81 85 78 74 86 96 96 92 82 69 58 44 2 0 0 0 0 0 0 0 0 0 0 0 0 0 0
94 89 79 76 63 87 96 97 94 81 85 85 91 86 71 45 20 28 29 12 9 10 24 13 14 36 13 3 2 6 18 11 16 65 50 10 0 19 50 50 51 34 24 28 21 13 11 14 16 11 12 42 43 18 22 16 4 0 0 0 0 0 0 0 0 0 0 0 4 62 77 63 52 82 96 93 76 21 33 14 11 0 0 0 0 0 0 0 0 0 0 0 0 0 0 0
96 92 81 72 62 85 96 90 84 45 29 69 86 87 74 44 14 11 6 0 3 39 51 27 24 36 6 7 9 6 6 11 17 56 65 14 1 22 49 46 84 67 44 70 66 13 0 5 11 9 40 75 35 3 19 50 50 9 0 0 0 0 0 0 0 0 0 0 0 31 71 31 27 36 84 87 71 5 7 5 27 3 0 0 0 0 0 0 0 0 0 0 0 0 0 0
96 81 74 76 76 81 88 84 85 83 88 84 78 64 53 27 10 21 4 0 0 8 17 10 15 25 8 18 14 2 1 9 24 46 49 32 19 45 25 38 66 52 63 70 51 7 0 22 21 25 41 30 22 8 31 59 51 3 0 0 0 0 0 0 0 1 0 0 0 3 34 27 31 25 63 78 69 7 0 2 9 2 0 0 0 0 0 0 0 0 0 0 0 0 0 0
88 73 74 83 69 58 82 85 91 93 89 70 18 3 4 5 15 31 7 0 0 2 3 7 24 13 18 27 10 3 3 17 36 43 32 12 32 67 23 16 41 48 82 83 24 13 37 57 38 44 43 29 28 41 50 28 10 0 0 0 0 0 0 0 0 0 0 0 0 1 10 18 54 56 46 67 57 8 0 0 0 0 0 0 0 0 0 0 0 1 0 0 2 3 0 0
82 96 91 68 47 68 90 92 91 79 62 34 1 0 4 5 5 14 23 23 4 0 0 3 5 2 15 31 7 12 6 7 33 39 13 9 36 62 30 35 48 56 82 90 76 57 60 51 44 67 50 48 49 44 32 0 0 0 0 0 0 0 0 0 0 0 0 0 0 1 0 1 19 49 13 15 6 0 0 0 0 0 0 0 0 0 0 0 0 0 0 0 1 1 0 0
55 83 90 68 66 92 94 77 37 27 67 71 2 1 13 7 7 8 19 40 10 0 0 2 0 0 4 9 3 19 6 2 19 39 27 28 39 41 37 47 60 61 74 82 78 79 52 31 60 82 71 52 29 7 3 0 0 0 0 0 0 0 0 0 0 0 0 0 0 0 0 0 1 8 6 3 0 0 0 0 0 0 0 0 0 2 0 0 0 0 0 0 0 0 0 0
35 52 93 94 84 88 79 24 15 14 37 25 0 0 0 0 0 3 2 4 0 0 1 7 0 0 2 2 1 4 3 3 12 28 37 27 46 17 15 38 60 72 76 71 65 80 62 15 61 78 57 3 0 0 0 0 0 0 0 0 0 2 0 0 0 0 0 0 0 0 0 0 0 0 0 0 0 0 0 1 2 1 0 0 0 0 0 0 0 0 0 0 0 0 0 0
22 41 90 91 72 33 31 36 24 2 3 1 0 5 1 0 2 2 2 5 3 4 13 24 2 1 3 0 0 1 6 16 6 9 44 12 7 6 9 35 52 47 55 64 59 60 22 29 75 89 65 3 0 0 0 0 0 0 0 0 0 0 1 0 0 0 0 0 0 0 0 0 0 0 0 0 0 0 0 1 0 0 0 0 0 0 0 0 0 0 0 0 0 0 0 1
12 3 14 57 46 11 14 24 16 1 3 4 3 19 23 13 12 3 1 6 9 9 3 4 13 6 10 3 1 2 13 9 2 2 28 14 7 13 19 37 45 29 36 37 55 52 25 50 78 78 39 2 0 0 0 0 0 0 0 0 0 0 0 0 0 0 0 0 0 0 0 0 0 0 0 0 0 0 0 0 0 0 0 0 0 0 0 0 0 0 1 1 0 0 0 0
1 0 3 32 11 11 3 1 10 6 6 9 7 14 29 13 3 2 5 7 5 4 2 2 9 1 8 27 4 0 5 8 3 2 16 14 33 30 38 25 41 59 61 53 59 52 32 68 65 38 6 1 0 0 0 0 0 0 0 10 2 0 0 0 0 0 0 0 0 0 0 0 0 0 0 0 0 0 0 0 0 0 0 0 0 0 0 0 0 0 0 0 0 0 0 0
0 1 16 9 0 3 7 4 12 4 2 17 6 1 3 3 5 14 10 5 1 0 1 1 0 0 1 15 8 0 0 4 3 2 1 2 15 41 38 29 56 65 47 41 56 32 39 81 65 24 0 0 0 0 0 0 0 0 3 2 0 0 0 0 0 0 0 0 1 0 0 0 0 0 0 0 0 0 0 0 0 0 0 0 0 0 0 0 0 0 0 0 0 0 0 0
1 4 7 3 1 12 51 22 3 5 6 17 4 0 1 25 14 12 12 5 0 0 0 0 0 0 0 6 17 9 8 21 6 0 0 1 25 58 73 83 71 41 10 20 50 44 50 66 63 8 0 0 0 0 0 0 0 0 0 0 0 0 0 0 0 0 0 0 0 0 0 0 0 0 0 0 0 0 0 0 0 0 0 0 1 1 0 0 0 0 0 0 0 0 0 0
29 3 1 9 16 29 49 11 1 32 2 2 10 5 9 28 3 2 14 17 1 1 6 2 0 0 1 6 10 10 18 34 5 1 3 14 45 62 76 81 55 35 9 10 40 62 64 57 22 1 0 0 0 0 0 0 0 0 0 0 0 0 0 0 0 0 0 0 0 0 0 0 0 0 0 0 0 0 0 0 0 0 0 0 0 0 0 0 0 0 0 0 0 0 0 0
46 41 23 28 11 3 4 18 19 26 1 2 15 18 3 3 1 0 2 16 4 4 6 2 1 1 2 4 2 1 6 11 5 9 29 41 46 52 53 36 32 57 31 27 66 86 79 34 5 0 0 0 0 0 0 0 0 0 0 0 1 0 0 0 0 0 0 0 0 0 0 0 0 0 0 0 0 0 0 0 0 0 0 0 0 0 0 0 0 0 0 0 0 0 0 0
0 9 35 21 7 1 5 49 23 4 2 25 17 5 1 9 2 0 1 6 2 3 4 4 3 0 0 0 2 4 3 3 7 29 33 22 27 39 33 16 35 57 46 61 69 73 70 18 0 0 0 0 0 0 0 0 0 0 0 0 0 0 0 0 0 0 0 0 0 0 0 0 0 0 0 0 0 0 0 0 0 0 0 0 0 0 0 0 0 0 1 0 0 0 0 0
0 0 1 59 89 81 24 11 19 30 37 42 2 9 35 43 13 2 14 23 7 1 2 7 10 2 0 0 10 16 6 3 25 52 35 23 49 69 52 38 56 42 45 66 66 50 14 0 0 0 0 0 0 0 1 0 0 0 0 0 0 0 0 0 0 0 0 0 0 0 0 0 0 0 0 0 0 0 0 0 0 0 0 0 0 0 0 0 0 0 0 0 0 0 4 15
10 14 8 24 86 95 34 15 50 43 34 15 1 9 39 30 24 12 28 27 6 0 1 9 13 8 1 6 17 14 10 9 18 47 53 45 67 82 39 23 36 36 34 67 77 40 0 0 0 0 0 0 0 4 2 5 1 0 0 0 0 0 0 0 0 0 0 0 0 0 0 0 0 0 0 0 0 0 0 0 0 0 0 0 0 0 1 0 0 0 0 0 0 0 19 39
3 16 5 0 3 70 59 86 65 5 10 13 8 4 19 5 2 7 16 6 2 2 1 1 5 11 6 18 34 16 16 28 21 43 75 59 44 58 36 30 30 44 30 49 56 2 0 0 0 0 0 0 2 7 12 9 12 0 0 0 0 1 0 0 0 0 0 0 0 0 0 0 0 0 0 0 0 0 0 0 0 0 0 0 0 0 1 0 0 0 0 0 0 2 14 12
0 0 1 0 0 4 38 65 68 32 48 45 12 9 67 36 3 3 10 9 2 2 0 0 3 10 10 6 12 18 24 24 18 54 81 66 25 29 50 44 37 37 33 15 1 0 0 0 0 0 0 0 3 8 8 2 4 1 0 0 5 10 9 6 4 1 0 3 2 0 0 0 0 0 0 0 0 0 0 0 0 0 0 0 0 0 0 0 0 0 0 0 0 2 8 20
0 0 0 0 0 0 0 2 14 70 71 10 5 7 37 36 9 4 25 42 18 1 1 11 18 16 10 3 5 17 50 60 62 54 49 53 57 28 23 49 55 52 25 0 0 0 0 0 0 0 0 0 1 13 6 4 7 6 7 2 0 10 25 22 11 6 2 1 0 0 0 0 0 0 0 0 0 0 0 0 0 0 0 0 0 0 0 0 0 0 0 0 0 0 0 2
16 1 0 0 0 0 0 2 5 37 36 4 19 23 20 13 15 10 22 51 33 6 3 37 62 35 11 12 21 13 49 78 80 68 56 68 78 33 13 28 44 41 2 0 0 0 0 0 0 0 3 0 2 7 6 10 22 21 19 3 1 13 13 7 18 21 2 0 0 0 0 0 0 0 0 0 0 0 0 0 0 0 0 0 0 0 0 0 0 0 0 0 0 0 0 0
10 13 16 4 2 0 3 1 0 2 16 7 6 21 37 26 10 6 17 41 39 38 26 40 57 52 40 14 37 50 50 83 86 57 68 89 62 16 17 13 5 0 0 0 0 0 0 0 0 0 4 6 15 11 10 35 30 10 1 3 11 18 14 10 10 12 6 1 4 1 0 0 0 0 0 0 0 0 0 0 0 0 0 0 0 0 0 0 0 0 0 0 0 0 0 0
33 59 74 6 0 2 3 0 0 7 19 6 1 22 56 61 14 18 22 26 48 62 52 56 70 85 87 62 75 79 71 71 87 79 72 90 57 20 11 1 0 0 0 0 0 0 0 0 0 0 12 34 27 19 37 75 46 23 13 21 12 11 44 36 13 15 20 2 0 0 0 0 1 0 0 0 0 0 0 0 0 0 0 0 0 0 0 0 0 0 0 0 0 0 0 0
25 67 86 96 78 70 38 8 29 66 34 41 17 19 66 52 30 57 70 49 25 33 84 89 78 81 88 84 81 71 57 65 89 88 66 60 21 1 0 0 0 0 0 0 0 0 0 0 1 18 49 56 46 44 65 81 65 55 58 59 15 7 31 25 17 16 21 1 0 0 0 0 0 0 0 0 0 6 0 0 0 0 0 0 0 0 0 0 0 0 0 0 0 1 0 0
7 66 98 99 99 98 95 15 18 33 70 91 96 51 52 65 69 72 71 68 34 46 88 90 79 61 65 71 57 63 67 66 63 56 45 18 1 0 0 0 0 0 0 0 0 0 0 6 37 77 84 70 64 84 83 85 81 82 86 81 60 48 50 41 26 5 5 0 0 0 0 0 0 0 0 0 0 0 0 0 1 0 0 0 0 0 0 0 0 0 0 0 0 1 0 0
38 89 98 98 99 99 96 17 7 30 84 97 99 89 82 84 81 84 81 86 76 59 79 89 75 51 39 29 13 42 46 25 9 9 5 2 0 0 0 0 0 0 0 0 0 0 10 66 75 87 91 65 63 85 89 94 94 93 95 85 72 73 74 77 61 15 6 4 4 1 0 0 0 0 0 0 0 0 0 0 6 6 1 2 3 0 0 0 0 0 0 0 0 0 0 0
82 92 96 83 95 92 57 15 1 0 1 50 92 95 93 72 86 92 87 88 87 68 63 78 71 25 2 6 10 8 1 0 0 0 0 0 0 0 0 0 0 0 0 0 0 0 34 92 82 88 90 75 76 86 91 95 95 96 98 80 71 83 74 70 64 44 39 36 19 10 12 2 0 0 0 0 0 0 0 0 3 2 0 0 0 0 1 4 1 0 0 0 0 0 0 1
82 92 87 26 7 4 2 0 0 0 0 5 35 81 80 22 17 37 44 68 75 38 22 32 29 17 4 3 10 1 0 0 0 0 0 0 0 0 0 0 0 0 0 1 19 12 33 80 82 89 91 88 84 81 87 95 94 96 97 82 92 92 81 62 85 84 49 51 58 55 25 3 0 0 0 0 0 0 0 1 0 0 0 1 0 1 1 3 0 0 2 7 1 0 0 0
30 30 9 3 0 0 0 0 0 0 0 0 0 0 0 1 0 0 0 1 2 8 2 0 1 6 4 0 0 0 0 0 0 0 0 0 0 0 0 0 0 0 3 41 67 66 37 38 79 88 90 91 88 82 77 80 78 88 94 93 96 95 91 87 90 84 68 87 76 62 21 32 16 2 0 0 0 0 0 1 0 0 0 4 3 0 0 0 1 0 0 0 0 0 1 1
1 0 0 0 0 0 0 0 0 0 0 0 0 0 0 0 0 0 0 0 0 0 0 0 0 0 0 0 0 0 0 0 0 0 0 0 0 0 0 3 4 4 52 90 85 79 65 44 78 87 83 87 88 84 83 79 74 82 88 96 98 97 96 93 89 86 75 83 47 43 69 87 83 16 0 0 1 5 0 3 4 0 0 0 0 0 0 0 0 0 0 0 0 0 6 9
0 0 0 0 0 0 0 0 0 0 0 0 0 0 0 0 0 0 0 0 0 0 0 0 0 0 0 0 0 0 0 0 0 0 0 0 0 0 0 47 58 38 78 92 95 93 89 86 86 59 71 81 87 90 88 93 91 88 87 96 97 95 93 95 95 93 83 71 68 69 76 77 93 48 11 10 16 19 5 15 8 0 0 0 0 0 0 0 0 0 0 0 0 0 5 15
0 0 0 0 0 0 0 0 0 0 0 0 0 0 0 0 0 0 0 0 0 0 0 0 0 0 0 0 0 0 0 0 0 1 1 1 11 13 22 78 89 23 55 85 92 93 95 94 86 39 54 63 75 86 90 95 84 54 62 87 89 87 89 93 94 88 81 83 84 75 62 31 82 76 45 26 11 28 47 42 34 3 1 0 0 0 0 0 0 0 0 0 0 0 0 2
0 0 0 0 0 0 0 0 0 0 0 0 0 0 0 0 0 0 0 0 0 0 0 0 0 0 0 0 0 0 0 1 3 10 24 12 26 61 72 86 90 53 75 78 87 78 92 96 91 77 82 84 80 75 87 93 84 66 59 78 82 88 91 84 89 89 78 84 85 80 81 19 5 4 20 27 26 57 79 82 89 82 5 0 0 0 0 0 0 0 0 0 0 0 0 1
0 0 0 0 0 0 0 0 0 0 0 0 0 0 0 0 0 0 0 0 0 0 0 0 0 0 0 0 0 0 0 3 7 17 38 41 61 75 65 62 92 94 86 91 82 66 88 96 96 90 91 90 87 89 91 94 94 88 72 83 88 90 92 93 93 95 95 95 95 70 33 0 0 0 1 3 6 28 60 78 92 94 32 0 0 0 0 0 0 0 0 0 0 0 0 7
0 0 0 0 0 0 0 0 0 0 0 0 0 0 0 0 0 0 0 0 0 0 0 0 0 0 0 0 0 0 0 3 11 33 34 59 85 92 61 64 94 96 88 89 89 77 80 86 94 94 90 83 83 89 87 93 95 89 86 89 90 92 89 90 93 96 97 97 90 34 2 0 0 0 0 0 0 0 7 34 82 92 66 0 0 0 0 0 0 0 0 0 0 0 0 0
0 0 0 0 0 0 0 0 0 0 0 0 0 0 0 0 0 0 0 0 0 0 0 0 0 0 0 0 0 0 0 0 19 58 46 52 74 94 85 78 90 95 94 91 90 76 76 85 91 93 88 81 82 91 92 94 93 89 92 92 92 91 86 82 90 93 96 95 84 23 0 0 0 0 0 0 0 0 0 4 25 71 71 12 0 0 0 0 0 0 0 0 0 0 0 0
0 0 0 0 0 0 0 0 0 0 0 0 0 0 0 0 0 0 0 0 0 0 0 0 0 0 0 0 0 0 0 0 4 56 54 68 64 70 84 72 78 88 91 94 92 84 64 73 84 88 90 89 95 94 95 93 82 95 97 96 96 94 94 89 86 86 95 97 90 10 0 0 0 0 0 0 0 0 0 0 3 41 27 9 0 0 0 0 0 0 0 0 0 0 0 0
0 0 0 0 0 0 0 0 0 0 0 0 0 0 0 0 0 0 0 0 0 0 0 0 0 0 0 0 0 0 0 0 0 13 41 92 80 68 82 79 74 80 75 91 88 93 83 87 87 78 89 96 98 95 93 93 88 96 98 98 97 96 96 94 91 92 92 97 90 17 5 0 0 0 0 1 4 1 0 0 0 4 3 1 1 0 0 0 0 0 0 0 0 0 0 0
0 0 0 0 0 0 0 0 0 0 0 0 0 0 0 0 0 0 0 0 0 0 0 0 0 0 0 0 0 0 0 0 0 1 8 65 72 75 79 91 81 83 81 71 83 81 63 87 82 73 79 93 97 97 95 95 95 95 97 97 97 97 96 93 90 82 72 89 93 74 56 21 2 0 1 2 3 0 0 0 0 0 0 0 0 1 0 0 0 0 0 0 0 0 0 0
0 0 0 0 0 0 0 0 0 0 0 0 0 0 0 0 0 0 0 0 0 0 0 0 0 0 0 0 0 0 0 0 0 0 0 56 63 57 79 93 92 94 86 60 77 84 87 86 90 87 77 77 92 96 96 94 97 97 98 98 97 98 98 98 94 87 67 78 88 69 54 58 19 5 4 0 1 2 1 0 0 0 0 0 1 4 8 7 0 0 0 0 0 0 0 0
0 0 0 0 0 0 0 0 0 0 0 0 0 0 0 0 0 0 0 0 0 0 0 0 0 0 0 0 0 0 0 0 0 0 0 2 8 15 78 96 96 97 92 87 88 90 87 87 93 97 94 81 88 94 93 88 98 99 99 98 97 98 98 99 99 95 49 4 8 20 6 73 53 38 4 0 0 1 2 5 0 0 1 0 1 2 4 0 0 2 0 0 0 0 0 0
0 0 0 0 0 0 0 0 0 0 0 0 0 0 0 0 0 0 0 0 0 0 0 0 0 0 0 0 0 0 0 0 0 0 0 0 0 12 77 92 93 94 91 90 90 87 74 79 92 96 95 93 94 93 96 96 97 99 98 88 95 97 96 90 96 74 7 0 0 1 0 4 48 72 28 4 3 0 0 1 0 0 0 0 1 0 0 14 16 46 50 2 0 0 0 0
0 0 0 0 0 0 0 0 0 0 0 0 0 0 0 0 0 0 0 0 0 0 0 0 0 0 0 0 0 0 0 0 0 0 0 0 0 1 28 83 92 93 92 93 89 82 53 61 85 90 95 97 98 98 95 96 97 99 99 95 95 94 89 71 48 4 0 0 0 0 0 0 12 81 56 41 20 0 0 4 6 0 0 1 7 3 13 76 5 0 2 6 12 0 0 0
0 0 0 0 0 0 0 0 0 0 0 0 0 0 0 0 0 0 0 0 0 0 0 0 0 0 0 0 0 0 0 0 0 0 0 0 0 0 2 46 82 91 96 97 92 81 72 76 85 92 93 95 97 97 94 95 97 97 98 96 71 47 6 2 0 0 0 0 0 0 0 0 0 25 17 24 20 1 1 12 7 0 0 1 2 28 83 31 0 0 0 5 53 31 0 0
0 0 0 0 0 0 0 0 0 0 0 0 0 0 0 0 0 0 0 0 0 0 0 0 0 0 0 0 0 0 0 0 0 0 0 0 0 0 0 1 18 59 95 96 91 87 82 85 93 96 95 96 93 95 91 96 96 90 88 83 9 0 0 0 0 0 0 0 0 0 3 10 1 0 1 5 14 7 25 35 2 0 2 0 0 62 97 77 17 5 1 1 4 0 0 0
0 0 0 0 0 0 0 0 0 0 0 0 0 0 0 0 0 0 0 0 0 0 0 0 0 0 0 0 0 0 0 0 0 0 0 0 0 0 0 0 1 8 82 92 90 92 91 87 92 96 96 95 91 94 97 97 91 81 72 65 1 0 0 0 0 0 0 12 15 22 9 3 0 1 4 53 77 52 24 33 12 29 44 0 1 99 99 99 98 94 46 2 0 0 3 1
0 0 0 0 0 0 0 0 0 0 0 0 0 0 0 0 0 0 0 0 0 0 0 0 0 0 0 0 0 0 0 0 0 0 0 0 0 0 0 0 0 2 75 91 93 97 98 95 88 95 94 88 85 95 96 95 93 71 74 64 4 0 0 0 0 0 2 14 4 1 0 0 1 24 66 39 11 1 0 0 1 19 28 2 24 95 99 99 99 98 88 15 38 82 54 1
