test/net/g2lab/icchange/view/profile/olddata/rastert_delta052.txt
ncols         452
nrows         411
xllcorner     527595,50307841
yllcorner     5934256,8476051
cellsize      5
NODATA_value  -9999
[rows 0 to 34 of 411, columns 320 to 399 of 452]
143 703 685 169 154 308 -9999 -9999 -9999 -9999 466 785 655 420 163 1 -306 -503 -455 -408 -426 -709 -761 -820 -751 -727 -884 -869 -409 -286 -262 -447 -636 -437 -488 -433 -9999 -9999 -9999 474 11 -331 -527 -550 -656 -537 -372 -40 -116 -101 48 -161 -407 -487 -429 -520 -458 -476 -493 -244 -146 -313 -345 -288 -323 -343 -258 -297 -346 -9999 -9999 -9999 -9999 -9999 -9999 -9999 -9999 -9999 -9999 -9999
209 401 461 307 111 -9999 -9999 -9999 -9999 -9999 419 593 575 370 261 106 -135 -352 -344 -222 -29 -205 -524 -635 -540 -665 -810 -1009 -727 -321 -234 -442 -697 -555 -711 -746 -280 -9999 -9999 289 -66 130 260 -25 -586 -530 -383 -264 -80 227 -9999 -149 -366 -472 -192 -431 -424 -113 -352 -381 -240 -372 -454 -334 -267 -424 -197 -267 -186 -9999 -9999 -9999 -9999 -9999 -9999 -9999 -9999 -9999 -9999 -9999
262 322 403 528 -9999 -9999 -9999 -9999 -9999 -9999 242 605 844 526 340 28 -211 -175 -132 -66 -46 -256 -535 -658 -499 -548 -637 -885 -681 -263 -389 -484 -612 -723 -778 -687 -78 -9999 -9999 141 -8 540 388 202 -194 -273 -238 -169 245 367 -9999 -9999 -9999 -254 -145 -403 -395 -14 -128 -317 -203 -215 -303 -322 -99 -49 -38 -246 -66 -9999 -9999 -9999 -9999 -9999 -9999 -9999 -9999 -9999 -9999 -9999
303 -9999 -9999 -9999 -9999 -9999 -9999 -9999 -9999 -9999 -9999 758 1005 749 335 -203 -462 -283 -168 -86 -180 -437 -499 -657 -9999 -9999 -429 -370 -297 -242 -493 -619 -363 -442 -619 -544 -59 584 806 480 186 -26 -330 43 -98 -33 38 188 456 178 -446 -9999 -9999 -170 -441 -331 -184 -201 -293 -269 -252 -216 -307 -493 -267 -116 -193 -287 -9999 -9999 -9999 -9999 -9999 -9999 -9999 -9999 -9999 -9999 -9999 565
59 372 584 -9999 351 -9999 -9999 -9999 -9999 -9999 -9999 587 549 513 341 -165 -478 -72 21 -159 -167 -391 -412 -435 -503 -9999 -230 -159 -351 -301 -506 -710 -294 -190 -548 -602 -307 35 -9999 405 -18 -9999 -9999 -9999 -9999 101 356 287 373 26 -504 -523 7 -163 -448 -240 38 -128 -112 -76 -394 -560 -640 -624 -307 -246 -177 33 -9999 -9999 -9999 -9999 -9999 -9999 -9999 -9999 -9999 -9999 -9999 623
88 313 461 492 429 538 -9999 -9999 -9999 -9999 -9999 -9999 418 518 611 183 -158 144 125 -130 -51 -39 -61 -163 -408 -304 -372 -597 -688 -485 -291 -560 -594 -205 -520 -706 -288 -9999 -9999 -9999 -9999 -9999 -9999 -9999 -9999 -9999 229 0 192 172 -160 -386 -134 -53 -192 -274 -184 -238 -113 -167 -532 -589 -377 -311 -208 -253 -146 -9999 -9999 -9999 -9999 -9999 -9999 -9999 -9999 -9999 -9999 -9999 681 557
112 189 42 130 327 476 -9999 -9999 -9999 -9999 -9999 -9999 832 800 672 335 209 372 237 193 248 173 -9999 -9999 -349 -522 -547 -489 -634 -690 -303 -486 -832 -579 -611 -703 -217 -9999 -9999 149 -555 -669 -653 -9999 -9999 -9999 -9999 -9999 -34 -9999 -9999 -130 -191 -315 -419 -371 -306 -279 -394 -344 -447 -427 -30 -76 -370 -291 -7 -9999 -9999 -9999 -9999 -9999 -9999 -9999 -9999 -9999 -9999 -9999 700 657
101 275 209 296 344 -9999 -9999 -9999 -9999 -9999 -9999 -9999 994 879 653 475 538 521 356 461 -9999 -9999 -9999 -9999 -165 -387 -404 -198 -507 -913 -617 -514 -807 -876 -637 -609 -371 -9999 -9999 -275 -779 -602 -431 -9999 -9999 -9999 -9999 -9999 -9999 -9999 -9999 54 34 -166 -247 -172 91 -95 -441 -279 -302 -339 -112 44 -113 -93 182 -9999 -9999 -9999 -9999 -9999 -9999 -9999 -9999 -9999 -9999 -9999 555 908
184 531 661 555 315 -9999 346 -9999 -9999 -9999 -9999 -9999 698 860 880 733 675 453 388 472 -9999 -9999 -9999 -9999 -9999 -9999 -9999 -9999 -9999 -9999 -371 -260 -346 -537 -494 -479 -461 -9999 -9999 -95 -186 -182 -196 -9999 -222 -9999 -9999 -9999 -9999 -9999 -9999 117 388 341 -24 -223 -75 -293 -342 87 66 -228 -127 387 315 112 169 159 -9999 -9999 -9999 -9999 -9999 -9999 -9999 266 428 99 74 595
62 -9999 -9999 -9999 269 492 381 -9999 -9999 -9999 -9999 -9999 585 954 1080 901 594 308 272 229 -9999 -9999 -9999 -9999 -9999 -9999 -9999 -9999 -9999 -9999 -9999 -28 248 -19 -370 -325 -196 -9999 -9999 96 -13 -9999 -9999 -9999 -75 -9999 -9999 -9999 -9999 -9999 -9999 -9999 828 686 186 -250 -189 -227 -10 490 520 393 182 314 205 78 60 84 -9999 -9999 -9999 -9999 -9999 -9999 -82 -172 -78 -133 -365 229
42 -9999 -9999 -9999 294 457 362 -9999 -9999 -9999 -9999 -9999 -9999 787 871 823 505 318 -9999 -9999 -9999 -9999 -9999 -9999 -9999 -9999 -77 -9999 -9999 -9999 -9999 -9999 168 -9999 -9999 -9999 128 2 -41 -15 -80 -9999 -9999 -9999 -9999 -9999 -9999 -9999 -9999 -9999 -9999 -9999 -9999 602 396 154 54 41 211 541 478 390 -64 -296 -171 -185 -150 -83 -9999 -9999 -9999 -226 -322 -304 -428 -567 -508 -411 -9999 -9999
220 562 577 -9999 -9999 429 344 -9999 -9999 -9999 -9999 -9999 -9999 580 751 -9999 -9999 -9999 -9999 -9999 -9999 -9999 -9999 -9999 -9999 -9999 -123 46 -194 -9999 -9999 -9999 -118 41 75 -9999 -116 -126 -32 37 186 -9999 -9999 -9999 -9999 -9999 -9999 -9999 -9999 -9999 -9999 -9999 -9999 -9999 -9999 196 61 -231 -137 100 245 50 -338 -9999 -9999 -448 -425 -463 -549 -582 -600 -719 -687 -643 -841 -921 -824 -272 -9999 -9999
116 322 527 -9999 -9999 -9999 -9999 -9999 -9999 -9999 -9999 -9999 -9999 765 949 806 -9999 -9999 -9999 -9999 -9999 -9999 -9999 -9999 -9999 -9999 -9999 -9999 -9999 -9999 -192 -335 -267 -217 -135 -90 -209 -192 69 210 679 780 435 -9999 -9999 -9999 280 -9999 -9999 -9999 -9999 -9999 -9999 -9999 -9999 -9999 -9999 -9999 -9999 -9999 -9999 -9999 -9999 -9999 -9999 -539 -663 -956 -1087 -1094 -1172 -1042 -848 -849 -1153 -1250 -879 1 -9999 -9999
-9999 253 485 -9999 -9999 -9999 446 -9999 -9999 -9999 -9999 -9999 -9999 -9999 900 750 429 -9999 -9999 -9999 -9999 -9999 -9999 -9999 -9999 -9999 -9999 -9999 -9999 -9999 -343 -567 -398 -308 -184 -11 64 -179 -270 -24 744 821 160 252 241 181 186 -9999 -9999 -9999 -9999 -9999 -9999 -9999 -9999 -9999 -9999 -9999 -9999 -9999 -9999 -9999 -9999 -9999 -9999 -664 -965 -1241 -1357 -1272 -1241 -1065 -848 -899 -1151 -1265 -813 -138 -9999 -9999
-9999 -9999 444 -9999 -9999 -9999 -9999 -9999 -9999 -9999 -9999 -9999 -9999 -9999 694 676 510 -9999 -9999 -9999 -9999 -9999 -9999 -9999 -9999 -9999 -9999 -9999 -9999 -9999 -9999 -311 47 10 -205 -88 -9999 -109 -282 -9999 -9999 -9999 576 478 548 435 413 -9999 -9999 -9999 -9999 -9999 -9999 -9999 -9999 -9999 -9999 -9999 -9999 -9999 -9999 121 -95 -547 -848 -1032 -1256 -1500 -1454 -1201 -1041 -1089 -1103 -1070 -1079 -1112 -774 -291 163 -9999
-9999 -9999 -9999 -9999 -9999 -9999 -9999 -9999 -9999 -9999 -9999 -9999 -9999 -9999 -9999 446 598 -9999 -9999 -9999 -9999 -9999 -9999 -9999 -9999 -9999 -9999 -9999 -9999 -9999 -9999 67 86 21 -225 -253 45 -78 -130 -9999 -9999 -9999 -9999 -9999 -9999 667 525 490 -9999 -9999 -9999 -375 -654 -9999 -686 -666 -758 -558 -9999 -9999 -9999 -302 -659 -1044 -1136 -1205 -1325 -1426 -1369 -1187 -1194 -1237 -1102 -1039 -1041 -924 -505 -115 230 163
-9999 -9999 -9999 -9999 -9999 -9999 -9999 -9999 -9999 -9999 -9999 -9999 -9999 -9999 -9999 -9999 498 876 877 -9999 -9999 -9999 -9999 -9999 -9999 -9999 -9999 -9999 -9999 -9999 -9999 52 -130 -93 118 250 210 104 18 -9999 -9999 -9999 -9999 633 666 -9999 647 464 -9999 -9999 -9999 -256 -504 -814 -961 -938 -979 -688 -170 85 -277 -850 -912 -1108 -1341 -1295 -1007 -1016 -956 -658 -886 -868 -598 -740 -1013 -727 -199 114 298 134
-9999 -9999 -9999 -9999 -9999 -9999 -9999 -9999 -9999 -9999 -9999 -9999 -9999 -9999 -9999 -9999 868 1130 983 617 -9999 537 236 144 -9999 -9999 552 268 63 99 -190 -202 -190 -9999 -9999 441 192 15 -9999 -9999 460 -9999 42 574 912 -9999 606 243 -9999 -9999 -9999 -9999 -9999 -9999 -512 -537 -786 -755 -378 -217 -292 -596 -790 -945 -1051 -885 -471 -240 19 229 -72 -160 -234 -504 -852 -468 64 282 511 167
-9999 -9999 -9999 -9999 315 -9999 -9999 -9999 -9999 -9999 -9999 -9999 -9999 -9999 -9999 -9999 652 746 641 391 472 632 356 349 281 238 429 308 42 91 -171 -504 -581 -573 -9999 -9999 -9999 -9999 -9999 -9999 -9999 -9999 -9999 -9999 -9999 560 481 488 478 -9999 -9999 -9999 -9999 -9999 -9999 -9999 -9999 -542 -246 -9999 -9999 -266 -364 -351 -109 -114 62 521 768 690 455 334 316 -26 -511 -271 79 -18 225 -20
-9999 -9999 -9999 -9999 -9999 -9999 -9999 -9999 -9999 -9999 505 -9999 -9999 -9999 -9999 -9999 -9999 449 779 786 740 574 339 560 485 263 363 412 135 68 -161 -478 -535 -742 -437 -146 -9999 -9999 -9999 -9999 513 -9999 -9999 -9999 -9999 393 461 444 538 -9999 -9999 -9999 -9999 -9999 -9999 -9999 -9999 -9999 -9999 -9999 -9999 189 -9999 -9999 -9999 -9999 447 710 683 659 314 203 410 120 -662 -886 -488 -9999 -166 -137
-9999 -9999 -9999 -9999 -9999 -9999 -9999 -9999 -9999 -9999 -9999 -9999 -9999 -9999 -9999 -9999 -9999 -9999 822 978 799 430 406 644 538 278 228 175 -58 -22 -121 -156 -134 -409 -421 -401 -563 -9999 -9999 -9999 380 -9999 -9999 -9999 -9999 -9999 532 459 595 647 -9999 -9999 -9999 -9999 -9999 -9999 -9999 -9999 -9999 -9999 331 -9999 -9999 -9999 236 377 483 201 -99 330 31 -9999 -70 -7 -452 -541 -9999 -9999 -9999 -9999
-9999 -9999 -9999 -9999 -9999 -9999 324 269 -9999 -9999 -9999 -9999 -9999 -9999 -9999 -9999 -9999 -9999 -9999 741 634 685 839 714 498 268 35 139 99 104 139 177 189 -15 -175 -189 -79 -9999 -9999 -9999 -9999 -9999 -9999 -9999 -9999 -9999 -9999 -9999 539 548 -9999 -9999 -9999 -9999 -9999 -9999 -9999 -9999 -395 -341 87 -9999 -9999 139 90 -9999 -9999 -9999 -9999 -9999 -9999 -9999 -9999 -9999 -92 -9999 -9999 -9999 -9999 -9999
-9999 -9999 -9999 -9999 -9999 -9999 -9999 -9999 -9999 -9999 -9999 -9999 -9999 -9999 -9999 -9999 -9999 -9999 -9999 631 689 973 1121 740 451 279 -51 -224 -214 -108 45 -64 -33 -14 -89 -83 -70 -98 -9999 -9999 -9999 -9999 -9999 -9999 -9999 -9999 -9999 -9999 -9999 30 -9999 -9999 -9999 -9999 -9999 17 46 -53 -357 -244 16 163 -9999 -204 -167 -9999 -9999 -9999 -9999 -9999 -9999 -9999 -9999 -9999 -61 -9999 -9999 -9999 -9999 -9999
-9999 -9999 -9999 -9999 -9999 -9999 -9999 -9999 -9999 -9999 -9999 -9999 -9999 -9999 -9999 -9999 -9999 -9999 -9999 -9999 497 623 1086 869 453 257 -170 -595 -508 -242 -28 -215 -173 -115 -91 -93 -106 -296 -280 -9999 -9999 -9999 -9999 -9999 -9999 -9999 -9999 -9999 -9999 -9999 -9999 -9999 -9999 -9999 -9999 -9999 -9999 288 -9999 -9999 -9999 -9999 -9999 40 -198 -9999 -9999 -9999 -9999 -9999 -9999 -9999 -9999 -9999 184 293 500 -9999 564 54
-9999 -9999 -9999 -9999 -9999 -9999 -9999 -9999 -9999 -9999 -9999 -9999 357 -9999 -9999 -9999 -9999 -9999 -9999 -9999 -9999 356 790 863 566 162 -9999 -225 -263 -367 -9999 -9999 -98 -197 -272 -216 -92 -167 -248 -9999 -9999 -9999 -9999 -9999 -9999 -9999 -9999 -9999 -9999 -9999 -9999 -9999 -9999 -9999 -9999 -9999 -9999 -9999 -9999 -9999 -9999 -9999 -9999 -15 -311 -9999 -9999 -9999 -9999 -9999 -9999 -9999 869 784 436 379 371 158 91 -141
-9999 -9999 -9999 -9999 -9999 -9999 -9999 -9999 -9999 -9999 -9999 -9999 -9999 -9999 -9999 -9999 -9999 -9999 -9999 -9999 -9999 -9999 648 722 680 116 -9999 -9999 -9999 -9999 -9999 -9999 -9999 -480 -289 -116 -131 -248 -9999 -9999 -9999 -9999 -9999 -9999 -9999 -9999 -9999 -9999 -9999 -9999 -9999 -9999 -9999 -9999 -9999 -9999 -9999 -9999 -9999 -9999 -9999 -9999 49 -240 -238 -9999 -9999 -9999 -9999 -9999 -9999 792 771 799 507 208 18 -187 -154 -115
-9999 -9999 -9999 -9999 483 -9999 -9999 -9999 -9999 -9999 -9999 -9999 -9999 -9999 -9999 -9999 -9999 -9999 -9999 -9999 -9999 -9999 -9999 480 752 772 562 -9999 -9999 -9999 -9999 -9999 -9999 -9999 216 402 -9999 -9999 -9999 -9999 -9999 -9999 -9999 -9999 -9999 -9999 -9999 -9999 -9999 -9999 -9999 -9999 -9999 -9999 -9999 -9999 -9999 -9999 -9999 -9999 -117 -48 -194 -231 -207 -22 50 -9999 -9999 434 234 268 243 241 -9999 -9999 -129 -102 -155 -9999
-9999 -9999 -9999 -9999 -9999 -9999 -9999 -9999 -9999 -9999 -9999 -9999 -9999 -9999 -9999 336 339 255 201 -9999 -9999 -9999 -9999 -9999 -9999 950 847 -9999 -9999 -9999 -181 -66 -328 -365 109 163 -9999 -9999 339 182 -9999 -9999 -9999 -9999 320 440 509 -9999 -9999 -9999 244 64 -9999 299 295 -18 -9999 -162 -85 -70 5 -126 -276 -211 -165 -233 -248 -153 -118 -36 -205 -231 -329 -9999 -9999 -9999 -375 -204 -9999 -9999
-9999 -9999 -9999 -9999 -9999 -9999 -9999 -80 -147 -9 165 201 25 -345 -347 209 99 -202 -238 -287 -652 -982 -9999 -9999 -9999 -9999 933 547 -9999 -9999 -290 -323 -287 -411 -309 -145 51 84 90 57 66 68 195 315 338 59 20 180 297 245 137 -10 -93 -86 -182 -252 -139 -95 -266 -268 32 -22 -282 -359 -401 -535 -689 -683 -619 -439 -269 -222 -9999 -9999 -9999 -362 -490 -538 -9999 -9999
64 152 271 -18 -152 162 -5 -303 -238 -86 -215 -262 -218 -57 -91 19 -116 -361 -429 -276 -469 -672 -9999 -9999 -9999 -9999 773 608 -9999 -9999 -94 -280 -174 -396 -502 -222 89 -82 -329 -225 22 36 -135 -72 69 -83 -159 125 164 -29 -201 -293 -270 -223 -325 -411 -300 -238 -429 -467 -261 -408 -464 -530 -665 -763 -863 -782 -615 -458 -191 -81 -9999 -420 -504 -242 -378 -775 -848 -861
-175 -114 -210 -368 -262 -7 -62 -79 12 21 -341 -330 140 430 -94 -380 -268 -453 -475 -404 -478 -486 -371 -9999 -9999 -9999 656 519 653 -9999 650 385 131 -218 -441 -357 -130 -214 -384 -341 3 151 -227 -438 -203 -131 -407 -344 -192 -282 -353 -463 -527 -352 -251 -386 -472 -411 -415 -342 -370 -584 -527 -453 -504 -621 -816 -676 -489 -491 -264 -145 -215 -490 -555 -553 -798 -1076 -1243 -1304
-88 60 -186 -389 -219 37 -33 -271 -88 126 -123 -285 -40 154 -67 -181 -285 -648 -625 -504 -465 -462 -467 -208 -9999 -9999 575 557 878 1221 1127 891 509 86 -206 -310 -214 -254 -391 -557 -457 -162 -265 -349 -304 -373 -586 -428 -382 -393 -251 -292 -472 -341 -127 -134 -159 -204 -289 -404 -424 -437 -429 -550 -589 -548 -610 -739 -821 -812 -507 -388 -433 -553 -573 -840 -1158 -996 -1081 -1161
-52 13 -186 -287 -210 -219 -187 -26 105 290 -46 -557 -93 68 -33 45 -126 -454 -539 -437 -335 -318 -419 -75 -9999 -9999 642 849 1051 909 779 782 820 647 134 -204 -213 -353 -472 -476 -402 -321 -335 -308 -512 -631 -512 -320 -329 -368 -278 -257 -443 -405 -204 -76 -154 -283 -316 -9999 -410 -188 -132 -389 -576 -511 -472 -868 -1087 -958 -682 -603 -403 -334 -457 -1097 -1266 -696 -747 -1111
-189 -365 -298 -118 -5 -73 79 493 420 501 533 284 381 138 -195 59 141 -35 -286 -262 -215 -295 -498 -284 -9999 -9999 -9999 715 441 239 291 638 883 972 526 31 -78 -398 -508 -252 -85 -236 -467 -414 -546 -446 -305 -287 -237 -338 -400 -295 -356 -300 -25 80 -193 -222 -9999 -9999 -87 5 -186 -485 -423 -562 -568 -648 -745 -777 -760 -708 -332 -153 -540 -1428 -1338 -975 -1063 -1110
-406 -494 -307 38 369 469 490 589 780 1017 1179 977 588 491 399 394 336 160 9 -52 -147 -319 -356 -391 -9999 -9999 -9999 -9999 -9999 -9999 -9999 -9999 593 413 565 -9999 323 138 -114 -179 -85 -133 -222 -363 -517 -307 -301 -468 -430 -341 -480 -251 -96 -50 129 125 -68 -9999 -9999 -9999 -9999 -9999 -9999 -469 -239 -315 -414 -259 -244 -591 -879 -795 -356 -213 -995 -1745 -1430 -1180 -1319 -1147
