test/net/g2lab/icchange/view/profile/olddata/uncertainties-07.txt
ncols         411
nrows         508
xllcorner     532720
yllcorner     5948510
cellsize      5
NODATA_value  -9999
[rows 168 to 195 of 508, columns 126 to 188 of 411]
10,16328 19,3173 11,4624 19,53135 5,091322 2,560643 7,291922 15,54437 18,00704 7,895895 14,46027 16,37122 23,47366 19,31368 12,47377 8,482546 8,321641 6,076661 8,435507 13,19293 16,72952 27,35319 23,86212 17,08706 26,37324 19,58474 11,41632 11,3012 19,98956 33,12941 65,93151 95,18779 47,4116 17,05632 8,118438 11,1631 12,47271 2,887054 0,9074442 7,766576 12,32094 14,64522 24,71465 30,29551 37,22028 42,10445 39,68661 50,20502 51,8493 68,17713 56,78564 46,06506 42,69561 49,10204 47,9241 47,39105 45,17726 38,46447 39,12872 37,60327 41,47216 45,70753 43,00029
5,486661 27,73643 34,53836 36,15007 13,53712 6,219778 4,127779 8,494194 9,709737 4,962987 13,0408 25,21756 28,83398 22,03411 10,26475 1,847482 3,074347 7,418194 5,888198 15,81858 16,64398 20,23258 22,69033 21,81861 29,98861 18,2016 9,485619 10,75887 25,96206 25,45871 38,42996 57,88942 33,18015 7,965224 5,707241 6,704978 6,333232 4,504617 2,315095 5,004059 4,380143 3,509703 16,08859 27,15045 34,06054 43,1033 42,22889 51,45701 46,76832 54,93856 47,48991 40,62101 42,78817 45,74313 39,82185 36,56654 35,31009 36,58662 37,12331 37,85895 37,66889 33,20705 28,3037
3,25414 26,92651 66,42189 78,65844 25,92579 18,61994 6,258505 13,92298 16,41192 12,97297 14,66488 32,16853 44,52991 34,0955 18,04358 9,809556 6,294872 2,738702 1,667978 3,835598 7,271995 14,20043 18,70743 21,61307 22,91376 20,47128 16,20879 14,77204 20,30012 17,28218 36,03266 56,5223 36,29171 13,69661 8,252892 8,2919 7,902731 5,677259 2,462098 1,871361 3,824171 2,986523 7,90822 28,64668 49,10833 50,72332 50,13834 42,59328 43,09058 47,3579 40,39287 37,70642 35,79972 35,7006 32,0746 26,77003 30,81962 38,4411 41,62479 40,00353 40,77427 38,82061 29,10885
7,601124 9,628591 46,58956 35,39071 17,40811 16,39752 24,33172 12,57056 2,858191 5,247047 11,46843 20,86824 74,74775 62,31511 24,01928 12,58687 8,61024 2,925323 4,998225 0,9341643 8,632204 22,30921 20,08508 12,87527 18,50124 15,16144 21,22604 14,43663 13,91102 31,63097 87,78226 102,1547 50,39041 35,96282 19,05289 15,99275 7,458074 2,214657 0,9328153 0,7303765 2,196951 3,229986 9,293489 31,33073 50,42489 50,24706 51,47231 37,83488 33,63814 34,40715 38,21025 34,22891 31,84958 33,69712 32,95749 34,73421 40,98281 48,84678 45,20687 34,35634 43,14367 43,53653 41,89349
4,519588 2,795956 33,65031 68,20145 44,14152 28,90823 20,85061 11,34897 6,202241 3,623191 5,106411 11,48901 37,93088 24,03199 15,93108 12,6973 8,59408 2,683277 7,578447 1,956286 4,186408 19,2171 14,05811 7,170064 9,19331 12,7507 21,61758 18,50681 63,01583 134,5674 192,0766 129,028 56,29694 29,49744 22,48568 14,6966 4,539499 6,705699 6,346664 1,933483 3,569931 2,58503 6,152679 24,57255 46,67054 49,59316 45,78189 53,58992 43,01464 40,52136 40,71177 34,08067 35,10242 36,98855 35,88805 39,86806 42,58564 40,47948 32,23609 30,15401 45,37687 43,10649 34,34228
3,115486 7,100088 14,43533 47,72898 48,28976 27,97809 18,48942 10,72048 15,69511 22,16092 10,79066 10,87026 5,004515 5,700359 15,80101 17,1494 6,969008 1,553111 2,905985 1,356301 5,005478 19,99691 10,66767 2,881848 3,240313 8,418337 19,91984 52,34917 145,2016 112,0052 129,4031 114,4832 29,49916 16,08729 19,5347 8,401868 6,631348 4,650847 3,23458 2,015825 4,369922 5,761677 9,334649 21,2019 37,44481 46,69893 43,84158 47,37033 48,49046 34,88071 28,74187 34,78927 45,07887 38,84787 31,03561 35,47957 35,75897 32,84333 33,10978 35,65015 42,97397 44,38109 33,94648
7,403196 10,47968 7,781261 3,209601 9,810292 24,0683 17,75225 12,44459 14,77088 10,82328 4,087873 9,915068 6,07433 9,256714 16,0089 13,70283 5,766657 4,767798 4,972289 4,923622 9,570394 21,07821 11,8947 3,315904 2,733297 8,152248 18,63629 71,90864 136,3921 98,88029 113,2345 61,7489 8,554556 10,45952 14,99315 24,55968 6,9632 9,094803 6,027634 2,867109 1,087469 2,901423 6,532918 17,94842 29,19596 44,11014 47,34832 47,30021 48,68837 33,15968 27,52667 34,20313 43,11133 33,57445 24,18644 27,39184 30,92904 33,10432 34,94222 34,11716 38,87502 39,93852 42,77683
6,432857 5,661559 5,762944 8,163111 2,276206 15,49338 16,52514 16,26381 19,24961 16,28604 22,63913 27,13623 19,17829 18,48097 15,85084 12,72245 7,198675 8,919213 11,64992 14,42193 16,44189 15,641 10,70864 5,239314 1,500194 14,55276 34,3325 96,05745 121,1543 112,4626 44,39217 13,73168 7,653417 7,311799 12,14931 30,04336 13,85158 15,45623 12,22592 5,980508 3,107192 6,355128 6,512029 16,85658 45,68352 50,24056 50,11073 49,5503 46,37321 40,18936 35,09649 33,1621 29,43056 28,22368 31,41524 35,58068 35,9808 35,68196 37,23647 39,38081 37,1138 33,96419 35,65472
14,13031 17,122 5,988957 3,010107 1,394412 3,773367 18,00474 26,56833 39,4267 33,85597 28,96634 24,52952 32,21889 28,27445 19,5256 19,87922 9,961031 16,4323 28,25708 25,01255 17,58619 12,92435 6,531126 8,23853 14,2093 49,95379 95,99889 119,4167 105,0986 61,4889 17,88106 6,737787 10,90762 9,214491 10,45268 7,194171 17,01995 13,36912 4,749118 3,352546 4,486037 8,183528 4,624835 10,10303 25,9031 37,8068 48,3333 54,32181 59,28791 44,33418 42,38942 48,07528 34,41513 32,78009 44,63387 49,05056 43,10902 35,53751 35,87328 45,66841 38,02088 31,02966 27,01117
11,96326 9,787242 5,366652 2,858388 9,89566 15,67666 23,83301 22,59366 27,99329 22,83829 18,68787 12,66873 17,15193 16,80346 10,63984 13,70692 10,49001 17,82366 18,74056 16,72164 20,13791 20,59879 15,32723 34,0434 63,15837 104,8924 145,7645 107,3236 67,81247 28,13661 11,56612 5,351254 5,89209 8,387514 8,860135 5,522574 14,86063 22,23352 12,05957 12,32053 10,75519 9,929643 4,059674 5,49045 8,822677 14,21407 33,11692 49,06713 49,21065 49,22618 42,13439 46,19788 44,4687 39,07753 40,48118 42,40079 42,35733 34,64715 30,49322 33,25847 29,36747 29,74252 29,28371
15,5582 4,745047 7,269148 7,001766 2,327206 1,513399 9,681038 18,58161 19,32659 16,88075 10,48678 5,024049 6,144505 9,920847 7,448936 9,195196 10,73158 8,749293 13,39634 15,67711 16,11243 23,46463 29,92737 35,37286 91,67842 124,5921 108,1407 52,8622 34,63702 8,164227 4,753801 6,534127 6,939332 8,435491 7,833046 10,01337 12,24185 17,10595 16,68505 12,28441 12,59429 9,33183 3,105225 0,7299901 6,147963 9,05209 20,57234 28,02834 26,36857 27,55874 48,54949 52,1418 44,91949 40,5903 34,06355 36,65106 42,67862 44,25901 37,53107 36,59507 35,9325 37,78338 46,11935
51,02462 7,342665 9,238919 6,085107 3,4819 0,8733229 5,850252 20,06418 13,94737 10,308 8,342151 5,940821 10,43547 10,31886 7,226212 3,756738 5,835913 9,329534 16,23499 24,62566 26,6208 35,78183 40,93729 26,14711 60,62879 70,24238 36,23938 25,89983 24,13452 10,83978 8,639825 6,130738 4,833627 4,590561 5,46852 11,02337 20,16975 15,39618 13,71997 9,450625 9,27611 9,806563 4,969325 4,036207 3,494508 8,77249 7,039577 7,389453 7,427632 7,975271 29,55772 53,29455 49,28341 42,9332 37,6482 41,0103 45,46639 44,51236 40,73756 39,93766 41,70701 42,21291 44,73424
89,49207 16,49823 9,424821 15,04285 3,605147 2,258497 13,54346 17,92975 16,99256 10,73672 8,424644 12,00787 19,50217 11,15914 4,828789 6,505833 3,034319 5,699652 16,85902 24,17454 26,63795 40,31404 73,8118 59,68731 43,69534 27,26514 18,02181 22,09733 22,74748 18,02849 4,929245 2,187169 1,494707 1,852882 4,125724 7,604719 15,22556 12,73705 26,88321 14,03316 4,753331 4,647072 3,249696 5,551357 4,76441 3,218838 3,364965 7,503259 13,8045 20,95147 9,875648 21,6377 39,05132 47,29322 50,60814 54,15139 45,74857 40,50587 39,62664 37,78965 34,58072 33,65585 29,32717
92,03636 22,30836 10,67889 11,44001 4,838121 3,519351 22,66545 20,9094 29,28531 20,45223 11,71159 14,41273 9,851495 2,870555 0,7312633 3,272411 5,829585 7,2479 18,88862 7,146992 17,28132 38,928 74,36255 52,40007 22,16853 15,28386 23,75714 22,74887 15,53369 15,003 6,750782 5,28158 6,707459 8,802917 7,519243 5,716783 10,66746 16,2268 16,27329 14,99932 7,422155 0,8074709 0,5262595 5,830406 6,262796 0,6576759 4,459867 19,76996 9,948322 9,109783 15,62704 7,029327 25,99004 47,26845 52,69554 51,3125 49,86832 34,35331 35,99215 37,39307 34,0727 30,09648 29,39043
66,37283 27,08322 10,74545 8,856537 9,289029 5,36176 20,09134 43,71111 43,4841 27,78449 27,72165 35,08755 26,1166 11,39353 9,83062 2,801114 8,489915 10,36887 8,691239 1,800139 7,538868 24,51526 37,41064 27,09245 11,32276 13,41853 20,20916 12,63627 9,23781 12,93625 13,456 20,11591 24,09448 13,06255 4,726534 4,074238 7,171352 11,304 10,84913 18,06276 4,259803 3,711757 2,02924 3,433969 5,56278 5,260975 13,15795 15,36523 17,08175 16,4166 15,83348 12,15389 20,09406 37,25378 37,16921 46,36304 51,75463 35,97511 35,45741 39,54844 36,15054 33,35539 32,53722
79,23358 42,24045 8,427404 7,82409 5,295905 3,396942 7,864954 26,9369 24,41991 34,79417 51,11935 74,46992 72,97653 40,8929 19,77451 8,088463 1,866268 2,966825 3,829369 6,055177 17,37534 28,46526 19,7824 11,04291 6,848972 10,3814 20,70696 9,907468 9,60111 12,87393 19,9567 25,27818 21,65458 9,182761 5,085248 3,801621 7,920516 8,981812 7,138493 14,72177 12,92749 11,86501 7,628809 3,628261 3,362925 7,244586 12,44675 12,219 7,601476 7,662637 10,63908 13,31903 30,03855 30,44444 33,04957 44,5958 47,13419 44,85212 53,13161 50,92538 42,62206 35,85509 32,16681
106,157 40,39542 10,78297 4,413852 4,021374 12,72107 8,100783 11,31913 10,34591 12,52124 50,40583 88,96697 109,7453 84,86955 53,24989 16,06158 4,123406 3,370222 1,927857 34,28358 69,58716 60,36643 31,23362 25,23028 16,44866 20,59939 33,1628 19,83138 11,49228 15,34298 16,95686 15,46988 12,47896 9,265964 4,888835 2,898909 8,375623 12,668 9,37318 8,057445 8,910109 15,31396 10,1979 8,577797 6,473076 8,932657 13,49133 13,07587 1,917597 4,1818 10,56221 10,30144 12,733 33,97414 27,83837 32,96174 47,57495 56,37163 49,71194 50,58671 40,85769 35,96936 31,14411
125,3348 33,20125 20,92256 8,392289 9,72871 13,00178 11,62365 6,61115 3,678182 4,474946 23,26275 66,88898 118,5107 121,1971 82,67525 43,75145 17,95879 12,82758 12,32366 43,27958 91,9743 89,64357 69,69962 54,00095 38,50664 24,4815 28,95338 24,59705 14,95775 15,14426 13,20167 10,01423 7,618558 8,920797 6,684948 2,015415 4,633204 6,083395 14,99398 12,58858 10,64022 13,81724 21,37132 10,24835 9,084785 12,45972 8,274986 5,723675 1,68132 3,254796 15,94564 13,57025 7,933203 6,90652 23,89064 17,86844 31,45916 52,71416 45,20488 50,5703 47,64058 35,76303 28,64021
126,5862 36,97744 30,15314 17,40551 13,66314 8,119727 10,34312 13,62826 7,611824 12,40124 11,04062 41,32044 75,8098 93,71979 88,1067 64,57474 39,04 34,48989 31,41927 49,61414 101,5351 131,5341 105,806 59,68536 45,65104 24,79184 29,47466 18,42243 9,905467 8,980353 8,326402 6,894161 7,721516 9,945234 5,946178 2,525868 1,579582 3,56544 16,25588 17,98559 7,297947 4,436967 8,68324 14,74212 14,0065 13,94304 12,5826 7,567797 15,29169 23,62429 22,99831 15,62852 6,453724 2,304889 9,137427 19,8354 20,59753 39,50095 57,53542 50,56187 50,95755 45,72278 38,2353
67,5163 66,76945 33,46028 20,89891 15,08513 7,455322 8,088864 12,30375 9,940945 13,41267 6,346869 12,30899 17,81995 34,70969 45,91136 42,28038 42,0865 60,08189 85,73048 102,5445 131,3137 134,6905 97,36038 64,72046 45,09925 32,40685 34,53297 17,72554 8,028154 3,086289 5,80857 7,834221 9,292658 7,829087 4,87358 6,363509 2,253449 1,656564 6,564528 10,53554 7,000225 2,823259 10,65978 20,82154 19,25059 4,983658 4,344731 10,51375 29,77504 39,01932 24,72647 13,75078 13,82541 4,786234 5,20469 12,71452 23,07701 29,18619 49,19725 52,22277 51,18761 44,76107 48,30601
59,09904 145,224 39,67266 26,13672 24,98007 14,77763 6,299981 6,181124 9,713734 13,8182 15,67838 10,519 5,824079 4,301641 8,347874 26,891 37,17181 68,59235 109,0159 148,3297 179,1802 118,9215 70,14137 52,26067 43,04624 51,72494 51,5389 25,88522 5,480071 4,211665 7,769493 11,26919 10,98187 5,144358 8,574082 8,711389 3,196967 4,367769 6,563764 8,828823 9,52147 5,648144 11,52857 20,56562 29,91743 8,37413 2,444119 4,762741 12,50891 12,59783 17,83152 3,279138 7,69594 6,68641 9,169719 6,684793 28,7565 19,43414 44,51601 53,00812 50,87106 51,95852 45,59263
50,42241 64,0904 89,2754 36,50712 33,06968 26,59174 18,13655 11,77165 13,324 11,16986 12,59174 14,01519 14,29258 12,118 6,607588 10,24568 29,82128 66,41616 89,6746 157,465 178,5451 107,9538 55,09565 33,8926 47,09379 74,80797 56,35223 25,66044 8,744109 5,815982 9,03771 12,16338 10,67564 9,345996 11,90308 7,811852 8,631988 15,40107 13,52796 8,737301 12,89622 7,194932 2,300817 9,545804 14,38326 8,201914 6,74235 4,626885 7,733756 14,40674 11,08901 3,076191 1,566927 3,897972 5,62592 6,808619 26,7343 15,50202 38,41412 52,91101 48,23391 50,11703 42,43036
42,81777 60,06401 79,77155 72,13287 39,01383 33,25409 21,64994 25,46051 22,77346 12,76094 7,119423 6,992041 10,3918 11,65124 4,99294 3,910177 16,84344 43,30923 84,03273 176,0385 182,9332 102,3955 67,50824 30,68186 24,7417 35,00605 34,19553 26,11494 21,82617 19,57156 23,88709 26,05184 19,5272 23,99273 15,17764 3,595546 4,677299 16,73464 6,882808 3,363851 3,633578 4,146312 1,482257 10,43181 22,86968 11,88465 6,648954 8,62911 18,10372 21,64453 18,51401 11,09409 5,903026 6,038198 21,081 23,69593 22,15491 31,44326 40,32904 49,15944 48,5334 46,35837 35,30764
47,54117 64,69628 58,07648 128,9563 49,81919 35,76471 19,65981 19,84662 23,55586 11,03748 9,69265 8,927755 4,489083 9,968747 8,913948 7,245862 10,40674 23,97648 81,78291 154,0586 156,4531 88,18657 67,93347 37,4465 25,75161 25,43871 29,49272 26,01245 27,63029 26,03895 22,07152 22,9359 22,8617 24,81246 6,25314 7,120354 7,144149 23,11306 7,886127 2,421068 1,414028 3,203151 3,097203 0,9568448 3,686617 13,3188 11,54336 11,06867 20,27351 25,56237 25,7048 26,90741 21,1046 16,9082 19,55959 24,82833 45,14032 58,41848 52,63609 52,46453 47,42099 37,74872 29,82704
46,94052 48,59657 36,45386 90,66514 88,20791 34,93809 24,11905 19,57476 19,63161 8,395735 5,992488 6,081573 6,199433 21,21643 12,27404 14,84048 16,27696 20,25489 69,47439 135,3785 117,6867 76,93945 69,27336 50,95437 48,76105 40,17163 37,76465 35,0643 27,95025 15,04978 9,997849 7,833079 9,993821 10,27604 10,09379 13,08089 27,5066 28,66079 8,667782 6,951221 5,904142 7,319578 9,397074 2,247503 2,984606 14,21294 11,43383 13,4411 22,64816 23,36962 20,75851 12,33756 6,933861 11,14016 27,78883 37,96508 43,04672 44,31363 47,48502 47,93599 41,67302 34,13323 37,46408
65,53391 46,28367 51,51374 55,0061 118,8681 81,83444 36,49168 28,74134 21,62251 8,218292 5,677125 4,43407 9,493703 15,28656 15,17764 15,36742 15,52399 21,38815 64,75467 109,0008 81,75503 62,14656 50,93512 45,68693 41,63029 27,43449 28,5286 21,66358 23,45537 18,10924 13,08295 8,420433 7,779831 10,74432 19,811 22,82054 23,70227 15,14491 4,250101 6,64365 5,845364 11,64021 11,65529 10,79242 5,483434 14,73002 17,38713 14,4631 21,99201 29,44228 25,02106 13,53591 10,14434 13,61516 29,22969 37,85244 48,20628 55,00097 45,16676 37,24268 34,82127 35,80647 35,40543
79,29968 56,55052 42,21937 54,82896 44,53168 105,8304 64,15378 33,95675 14,56495 10,5426 10,31579 6,281059 5,461243 9,364763 14,85307 16,00777 13,57824 20,1402 50,34943 80,08512 60,26193 48,11533 53,22668 43,25652 30,98747 26,89618 26,93516 19,47883 21,55286 19,87245 18,28395 19,76431 15,48053 9,475086 12,16668 8,075699 7,280936 10,91249 5,57982 3,391623 4,633493 8,801486 11,38487 3,954238 2,026197 2,194868 14,27074 21,92176 17,0932 23,32059 27,73244 29,68214 23,8419 24,3257 29,22179 35,54205 48,10089 45,01326 29,55128 21,13813 26,82649 34,90185 33,97377
67,40199 51,19871 44,21536 39,91346 34,87632 32,80798 98,28295 35,45027 7,403625 8,174991 9,111081 6,829679 5,052602 7,729508 6,078015 8,017634 4,291075 9,093901 24,89638 47,79043 54,67176 59,19717 67,81118 48,39469 37,31007 41,94751 49,8118 41,00495 26,50259 17,96201 15,10889 18,95863 22,49718 10,8794 5,909175 3,643992 3,271842 8,318519 7,472779 3,275891 3,858937 3,551661 4,223301 9,744243 2,884643 1,994554 4,652316 22,93153 18,38122 16,56403 18,6981 20,64514 33,16391 46,93671 40,84927 37,25618 42,94146 40,69429 34,31782 22,05879 21,4142 49,06129 42,60082
