test/net/g2lab/icchange/view/profile/olddata/uncertainties-07.txt
ncols         411
nrows         508
xllcorner     532720
yllcorner     5948510
cellsize      5
NODATA_value  -9999
[rows 308 to 335 of 508, columns 126 to 188 of 411]
3,857896 3,198291 8,618438 13,80078 5,842856 3,340664 5,525838 5,683244 1,715999 4,632451 6,383355 5,016982 2,17414 4,421021 4,587425 6,188589 7,426861 6,356921 7,332105 10,33155 11,86215 17,24861 12,5345 10,53281 11,53182 19,83409 30,70163 29,06705 22,99091 12,64993 13,12675 20,56347 21,60525 12,3371 22,79569 29,89114 37,74598 28,51411 18,76015 12,95118 18,48081 16,76104 25,85504 29,49461 24,9367 48,17055 55,40474 35,19487 36,48456 40,28375 40,38859 35,8798 27,23157 30,96048 43,15672 34,2897 33,78243 41,82094 42,70508 36,10873 39,19217 46,65627 35,95551
4,79689 2,984159 4,768319 8,144153 4,858012 5,87907 7,709289 9,013216 6,690487 10,60319 10,06826 7,392676 3,851042 6,822172 8,178771 11,57607 7,430583 2,694309 7,580735 7,741746 5,52537 8,744474 10,93122 9,415534 8,29081 12,03536 30,98185 42,72936 28,19336 21,13274 16,61143 17,62091 21,75042 12,8292 13,58638 18,7644 26,06541 23,91146 17,72926 17,36963 16,26753 15,37451 26,95664 26,91863 21,09698 44,74797 59,10642 35,24868 44,9544 45,95811 35,43582 39,42584 36,0233 38,02237 37,78122 27,64107 25,20527 28,16279 36,77214 40,85027 38,35009 46,80603 38,49461
9,015163 5,31771 3,254679 3,898166 1,201217 4,137419 6,012054 5,710402 1,668142 4,005667 5,972429 8,632714 5,07477 5,121176 7,210501 8,158281 4,127707 0,7494205 4,789086 5,077694 13,38018 7,699716 6,394941 10,66208 13,3921 14,07975 13,91393 16,58422 18,40314 18,37053 15,07784 12,97624 13,65259 13,52343 14,45436 19,83179 18,6942 21,27016 22,70932 19,25821 14,98575 16,78855 18,2306 23,26712 22,86618 26,89063 32,27441 30,99485 48,14567 39,6268 28,04979 31,82353 37,78049 34,46938 29,51189 30,00908 29,24957 31,61604 36,78651 37,19061 43,34113 52,47469 39,96955
14,64798 8,191994 3,887697 3,790734 3,349925 4,136882 3,623729 2,268011 0,6896446 3,270577 3,269078 7,256469 3,355554 2,808644 4,231738 6,839629 5,95302 3,771843 1,963626 5,648561 9,944954 7,707563 4,685169 13,93118 20,00694 17,08827 14,38098 12,44032 14,36211 23,05092 22,00364 12,58954 10,44472 12,77245 16,68497 15,24574 20,83393 28,41856 22,82342 22,66566 18,77484 14,05698 15,46247 18,89116 27,80429 26,36275 29,97021 35,99849 51,90465 37,07627 33,74398 32,92286 40,25393 40,05273 32,77004 36,936 42,60448 40,07986 36,08957 30,74271 33,04153 44,82073 44,0349
9,467501 8,25991 3,942131 4,476758 3,385136 3,954288 4,670708 1,900675 0,6908615 4,981785 5,547216 6,814989 2,837844 3,338788 4,026511 5,803667 3,369968 8,708429 6,183211 8,934214 12,092 9,787751 9,217034 8,324474 11,28782 12,55476 19,33705 22,79352 15,15429 17,91981 21,94812 12,44868 11,03567 11,47265 12,41911 13,81392 16,4939 19,84685 26,20712 27,36666 22,90369 16,62532 14,22463 23,81071 39,64744 31,44052 33,80853 40,88553 55,6014 46,61415 35,91736 37,84187 44,01901 46,45042 35,11306 44,79225 42,35265 35,5865 32,61319 28,67124 25,37575 30,32082 37,45481
3,588599 7,498229 8,055081 4,636672 2,321877 4,382373 4,335212 3,032694 3,635175 6,852159 7,679442 15,03322 13,84059 5,70441 4,354935 4,837957 4,694413 7,106154 6,125443 3,792949 11,14847 8,7569 8,09341 7,657906 8,906166 8,52976 8,890476 15,52484 17,5059 21,43948 20,22668 16,43026 11,03668 17,32793 13,43987 16,72855 27,84994 16,8614 17,47984 19,77418 15,83627 16,20171 16,27516 19,26668 31,09684 38,9581 45,31532 42,45589 32,79345 38,47497 40,19322 39,10056 34,96988 33,00444 36,44877 47,53674 42,33336 36,66014 35,25547 31,12158 27,11668 36,27151 41,17042
3,953138 2,960555 3,551523 4,230382 3,053958 1,288688 3,050154 4,923617 4,423346 2,854975 1,495724 6,166455 14,638 9,029165 14,05037 10,686 4,439039 4,568393 5,782595 8,436606 17,97616 11,60402 5,495388 7,813828 13,64898 9,561731 17,00534 29,44497 22,33894 22,79458 21,86189 17,21481 13,61148 21,49271 21,67627 24,18597 19,5363 12,31015 16,64263 20,4612 19,38254 19,61571 19,6841 32,01551 27,59443 30,68148 45,83036 49,82534 40,56031 34,13379 36,86 43,63792 40,05396 32,75666 35,48817 41,68095 38,23507 36,3906 37,48873 27,12678 24,41321 30,24827 34,33746
3,147644 5,737542 1,290981 2,534414 2,605023 1,285058 5,372658 8,121823 13,40043 4,148076 2,666731 1,854662 5,834247 8,083361 5,29202 6,502876 10,00444 8,688367 13,21994 13,69585 14,44533 9,466849 7,647629 4,345497 10,14702 8,75835 10,694 11,41072 14,15387 24,62921 27,40084 21,96434 13,15718 13,68518 19,65093 22,14894 14,61336 13,28785 14,03334 19,32491 17,70925 21,35022 14,70979 20,6032 23,07673 26,28838 40,07226 46,26432 53,41661 52,59803 41,09939 38,58136 36,57299 36,83821 35,91243 37,54645 37,77598 42,3319 39,39724 30,85891 24,52207 26,73708 28,65987
1,612636 2,522266 2,086475 2,536083 2,466822 1,456851 1,207682 3,913002 8,332591 3,01243 1,276814 3,014421 4,686994 8,487586 4,060332 2,873714 4,069191 6,066547 10,69096 8,75294 21,36891 10,09579 7,785272 11,14517 3,992795 7,916649 8,065977 10,8689 16,37209 19,45414 22,8643 19,56326 19,41694 13,2596 15,56673 22,01271 29,0907 20,86789 17,86525 23,12638 19,28394 18,01925 13,30299 16,51677 23,28998 30,59818 35,96463 35,07513 36,38414 37,26006 37,00404 41,52135 38,11993 38,20156 35,62571 34,84255 36,23114 52,26114 44,85054 36,45148 34,09542 36,28425 32,85737
1,476119 0,8968869 0,8145927 3,428054 1,774439 1,853834 2,850713 2,511343 1,239035 0,5715909 2,571463 5,280884 3,536415 3,260258 3,211935 3,62524 8,585706 8,346162 4,904904 7,689269 14,62264 6,716696 10,06265 15,50492 5,989202 12,24197 13,71546 8,378784 10,67882 14,26038 18,48676 19,53641 20,15631 21,22046 19,09752 23,66984 30,53618 29,03862 19,61929 18,26605 23,46803 26,582 16,12212 13,88623 15,71407 26,51861 29,24734 31,3951 32,01158 34,51984 41,02831 48,92336 39,20575 36,63916 34,54437 32,87163 32,75626 37,38676 38,96395 38,88191 36,35997 33,57757 32,49939
2,7688 2,523342 1,714619 2,701936 1,415475 3,424484 3,762954 3,834962 1,729584 0,9998528 1,59764 4,534461 3,707849 3,454438 6,036973 6,194551 7,093811 7,669014 5,581938 11,5932 16,16957 7,59686 5,287655 8,259745 6,325687 11,22162 12,4971 14,59865 14,69712 22,02821 20,5628 21,68778 21,37915 18,06769 17,25485 17,22054 20,57146 20,8836 20,71746 23,48074 18,21848 21,4745 19,56422 16,14161 22,5268 35,31435 36,27855 29,26858 26,8826 38,06913 48,15165 49,22111 38,79737 38,10918 41,17405 38,21104 40,63146 38,78255 40,46295 36,2578 33,42492 32,82781 30,92882
3,644718 4,80519 3,818703 1,321214 2,881879 5,466993 3,260834 3,584572 1,86721 2,07422 2,560486 7,919257 10,30801 10,60201 14,75582 7,583805 5,927757 9,128603 7,640538 6,249138 13,61022 7,243783 3,653364 6,923254 6,429361 3,69175 4,841013 13,30146 17,48365 22,88198 18,66975 17,44683 21,19236 14,41173 10,31493 12,03503 12,66518 21,64171 26,70027 19,86685 15,83962 15,42542 19,2133 18,69251 28,68528 28,66271 29,00073 29,1591 26,7772 23,16658 34,24248 47,62839 46,98113 45,64507 45,28231 41,14864 43,96347 47,73566 56,50343 37,52288 38,59092 32,5416 29,87114
4,020276 4,230019 1,816869 0,07065506 2,793998 2,710212 1,157143 1,03178 0,834286 1,144412 3,524415 1,948748 12,11357 11,38774 8,473323 4,253188 7,544971 17,03907 8,884931 2,33336 11,5068 24,38116 5,746526 3,031042 4,991465 4,270227 8,961978 9,399954 10,67692 17,61004 18,93412 20,77182 22,28351 16,39566 12,61838 12,99382 15,71829 27,44026 24,35545 17,92331 15,58533 14,25495 27,3257 29,80213 19,66154 16,96794 21,90928 29,18113 25,08346 21,15304 27,90586 39,77244 47,84785 48,55235 46,15697 46,989 52,36407 40,3701 34,98748 35,44645 40,77509 37,54679 38,80654
2,901694 3,684318 1,829861 1,723555 1,857586 1,892539 2,236849 1,03669 0,3980578 0,6783109 0,865692 0,9539196 4,212703 5,635556 4,41819 4,272224 4,072857 6,127334 3,057751 3,761003 5,628585 24,09225 7,558017 2,3615 4,52744 4,286956 5,448381 7,041125 8,848325 13,67926 17,16498 23,2917 23,27938 20,35734 15,02722 18,23435 15,70888 19,02358 17,92266 18,3456 14,75912 15,56514 24,91944 23,76155 16,46338 19,93864 20,45287 27,73286 29,71859 26,81667 24,19925 33,63793 46,42276 47,69312 43,12758 46,11905 44,38794 37,61013 34,01138 32,84399 38,8722 41,57394 42,5589
3,803055 4,484826 2,315521 1,192736 1,081364 0,6239695 1,164694 2,014472 3,212723 4,122192 2,335537 1,027715 2,312226 6,163285 9,364003 8,126301 5,90692 3,572505 4,598929 4,331522 3,253574 4,358824 4,455423 3,417746 2,861404 4,365829 7,679622 9,525118 7,408701 7,817435 11,36968 18,95663 23,04032 21,23387 22,73957 21,71248 15,03168 12,36045 15,44327 21,08314 19,05146 12,19181 11,37161 12,31142 14,22426 18,6013 25,61578 27,7676 28,142 26,37708 26,82938 30,95609 41,45792 45,34164 41,57788 42,57463 36,59021 38,82272 36,68619 33,45642 37,42973 46,15189 43,17387
1,067652 3,020449 5,228717 4,100978 1,872528 1,025264 1,528018 1,375375 4,240173 4,737122 1,684646 1,64359 2,946675 5,041598 9,425508 6,893819 4,177502 3,452575 2,644491 2,434355 2,212223 4,700634 4,455068 4,560143 4,256276 2,495289 3,697984 6,493293 6,63524 6,373478 9,501955 15,57145 22,28181 21,83774 27,91403 32,17142 22,06565 16,33505 16,35523 19,62196 25,94586 14,68842 10,99583 13,30145 14,82873 18,12851 19,71196 24,71692 22,65775 20,4754 19,47892 24,91139 38,57904 50,28996 47,98565 43,67536 39,50071 42,16254 39,61892 43,70521 42,99839 46,5413 44,76778
1,690191 1,516274 2,996911 4,716571 4,55652 3,383783 4,365957 2,890283 1,116744 1,131941 1,661514 4,339962 4,287695 3,798591 7,862708 4,427329 3,855286 3,806771 2,226448 3,141515 3,399972 7,683583 11,33058 9,136538 8,145308 2,913168 6,81871 4,628409 5,386631 5,326015 8,730938 14,01533 15,98755 21,73825 27,30867 26,65775 17,56912 15,35984 16,85669 17,27777 28,3577 23,78034 14,76896 15,08135 17,22694 19,94005 20,44316 24,44925 27,38977 24,93668 20,39351 23,04847 30,1923 39,05404 60,5119 44,9693 36,35549 42,16762 42,76369 46,26059 43,48477 40,53252 33,6099
5,98711 5,764158 10,80357 12,64366 4,724975 1,317618 4,15936 6,907933 14,25069 6,841457 2,416634 4,233819 5,329519 9,577339 11,62339 5,819937 7,10942 5,819665 4,216627 2,624333 2,019171 2,927506 4,557853 3,843819 3,404934 2,155626 2,747322 3,04095 5,244523 5,551597 8,013182 14,45846 14,96457 21,8161 22,18913 25,31004 20,01023 16,4121 23,72703 19,84789 17,67299 25,39812 17,04264 17,28785 17,8044 16,82894 23,71705 28,73402 23,28224 24,54174 24,51035 29,61049 34,61808 40,57058 42,44268 32,06687 32,37846 40,14103 43,86906 42,04298 36,02266 33,13449 37,17836
1,375561 5,932439 8,11888 6,087088 3,988402 1,265863 2,055229 2,446181 4,075458 2,204783 0,8944455 2,676909 7,897529 10,47604 7,479907 4,178065 7,330049 6,226022 6,354207 4,995676 4,574873 4,389215 2,450021 1,273595 2,297799 4,271776 5,861434 5,345127 7,928983 4,093535 6,071136 9,960692 13,66037 20,7971 30,32312 27,48645 19,83103 19,00108 12,57561 18,8689 20,25187 27,51464 19,18349 19,84476 21,55781 18,53835 14,81144 22,82486 31,23022 30,6503 21,78158 18,87469 22,06356 30,49722 38,02275 43,1715 41,85966 40,20568 46,35399 47,56081 44,68637 34,58875 48,73055
2,355798 2,541737 2,187168 2,920526 2,406845 2,492484 2,111051 5,414949 4,712572 0,9535336 1,778888 2,328971 7,386841 4,808794 2,977543 1,668078 4,1802 4,286386 6,852752 6,400956 5,238667 6,102761 6,33487 2,956518 2,460265 5,865015 8,783689 6,536672 5,035764 5,210472 5,145363 7,724771 10,13188 21,24898 25,663 24,8346 19,08174 19,32483 15,57091 24,60112 23,79041 21,73863 20,41459 20,25305 29,64223 20,37142 14,23476 28,3573 40,55287 26,39058 19,28964 17,84434 19,53351 28,73226 45,27051 55,15201 55,29706 42,70091 33,86751 38,75705 43,52013 35,70797 35,64786
4,244342 4,542145 1,430854 0,4276081 0,6809235 3,150044 3,818856 7,39124 3,613516 6,351837 8,249078 3,720884 4,333508 3,046606 2,300606 2,584201 3,43574 2,167895 2,828054 5,629741 7,43266 13,0271 17,24697 6,380207 5,616992 7,026937 10,73652 8,687687 12,40013 17,85815 12,56934 6,266165 10,75078 13,84264 19,52283 23,47338 14,86203 20,39149 15,80833 16,03341 21,00539 21,29178 17,83292 18,55981 19,97388 15,98837 12,46695 20,54359 30,17736 22,85557 21,15181 30,4768 37,80383 34,58448 39,9462 44,85559 49,06174 45,89791 35,75431 33,77493 40,74615 41,83016 42,54744
1,324772 1,332042 2,447068 1,109375 1,830684 6,996384 11,51326 7,593627 7,557786 13,00636 10,76823 4,358997 5,591224 4,645938 4,76395 10,46831 6,059645 3,510287 5,598554 8,560544 11,46856 9,542226 10,76124 7,359714 5,695278 3,822142 6,946884 5,214981 4,241967 4,858443 5,733948 5,689322 8,264553 11,91643 19,27658 19,95158 19,11338 14,54734 13,37786 13,7153 18,44988 13,86284 14,53739 16,29963 20,49263 16,72083 15,79107 23,2792 21,28736 23,94358 24,39065 19,9696 21,77648 27,38381 28,56196 34,64088 35,95923 41,83999 38,41418 35,6274 39,13368 42,85344 43,86788
5,742307 6,174783 5,580363 2,810311 3,409041 2,549204 8,601709 11,88303 6,41669 4,241009 3,840793 2,736361 4,772124 6,027612 11,55287 5,064786 2,675116 6,275161 6,046621 8,755116 7,52031 3,50066 3,52253 5,133294 5,036587 5,017336 8,926072 3,294997 2,259598 4,288435 4,008476 5,391438 8,835847 11,23705 23,25027 21,67137 20,51837 20,16625 25,61214 20,59137 14,76629 14,92551 15,23724 19,39677 18,28862 22,69351 23,86488 26,791 24,16774 20,94812 25,50922 25,32635 24,40728 28,74887 33,38742 30,12995 32,57474 38,09288 39,23714 34,41046 35,62534 39,20613 50,17489
18,16411 8,721499 3,890067 4,281241 6,029422 3,786759 4,050325 10,26169 5,196461 1,466042 0,5668197 1,117506 2,627396 3,647261 10,46507 6,187664 3,172556 5,513309 4,371531 2,803992 3,336436 3,223547 2,852805 10,80486 12,13451 6,200294 5,801959 7,078687 3,281993 4,42566 5,697322 4,893489 6,622869 10,27419 35,31225 35,87737 25,16999 24,14188 33,48182 19,60486 15,6185 20,30037 16,3873 15,93329 14,3504 16,43874 20,70821 23,85866 22,00389 21,86187 26,65795 24,49581 24,26692 33,88321 53,0542 41,37437 37,34595 37,36719 37,3697 38,54314 43,49202 40,98956 40,57887
10,28617 4,341388 1,35296 2,387151 6,82262 8,556298 6,84491 8,376863 5,890923 2,985641 1,827393 1,305404 4,933218 2,621138 5,689125 8,319373 6,476929 5,321888 3,118724 1,922089 4,370381 5,607256 7,499139 17,7213 17,28716 5,964243 4,535556 7,579014 7,453549 4,578911 4,145246 3,651836 5,158142 17,14275 32,16205 22,21932 14,83658 14,79088 20,47807 24,85468 19,89798 18,51651 14,38576 13,12345 12,75625 13,40472 19,22042 19,35159 18,40529 18,98656 23,54004 30,54943 26,04484 23,50734 34,99841 50,10621 52,67096 45,53267 47,68841 42,13449 39,57598 37,73079 35,82786
15,47438 6,736808 2,718623 5,149222 3,053667 1,678419 2,999616 7,573225 3,838121 3,521902 3,585377 2,160361 3,689151 1,593646 4,397115 12,49264 8,69495 5,584735 3,198057 3,111025 5,960867 6,395616 5,368447 10,92016 15,55926 5,323813 3,17578 5,28461 4,986502 2,733051 4,534994 6,325075 6,504157 7,08759 10,85466 12,36905 15,81416 18,69722 14,001 12,28377 17,55357 17,12448 20,39424 16,73825 16,56851 17,82658 18,13147 13,80239 17,7111 16,17365 21,50636 27,81767 25,96005 20,34244 29,50253 40,65181 53,38777 49,98603 47,59484 35,51865 33,04608 34,78006 43,17246
13,97433 10,30023 4,035453 3,493438 2,54591 3,57436 3,799317 5,238862 5,683516 4,165503 1,915327 1,179348 0,5760669 0,7310922 2,9989 10,70509 5,303027 4,665953 5,507229 7,218922 7,203655 6,577511 4,489865 2,36085 5,172071 5,842898 4,006 7,226305 9,607041 3,75932 2,825938 6,160165 8,050868 6,001038 5,793016 13,12 20,96443 20,84798 18,02417 14,52716 17,21824 17,17346 19,15073 27,15606 19,62111 18,91212 17,7144 12,64566 15,11702 17,02439 25,30186 35,89701 36,91249 27,50913 28,42773 39,9315 50,84872 51,28335 45,0746 34,99942 33,10679 37,37666 49,92353
4,526548 4,619186 2,579046 3,039382 2,99492 10,72557 4,473232 2,766926 5,8507 2,377884 0,6534054 5,479129 1,359521 1,260086 1,979408 5,981127 2,695326 1,465958 3,101301 5,466094 6,521293 6,832468 7,261661 5,060929 5,797662 9,390575 12,92475 10,83327 9,876958 9,705343 6,706211 3,10136 6,571096 6,001836 4,974181 11,88474 18,04556 17,40962 24,24627 17,62125 17,16979 11,45887 12,87489 33,2866 24,8118 15,19903 16,86487 12,6391 14,97057 15,29543 30,56549 41,89085 33,47076 30,07063 32,48522 43,73558 47,55159 47,75962 42,35541 35,0937 44,48618 49,80676 47,91277
