test/net/g2lab/icchange/view/profile/olddata/uncertainties-07.txt
ncols         411
nrows         508
xllcorner     532720
yllcorner     5948510
cellsize      5
NODATA_value  -9999
[rows 392 to 419 of 508, columns 0 to 62 of 411]
2,229909 1,666577 2,492055 1,558282 10,45365 7,759028 9,692866 5,493896 3,122868 1,399375 3,059895 2,63283 6,991348 11,8614 6,695789 2,218976 4,234459 2,12761 11,74021 13,98125 2,586062 1,399378 4,236397 2,981997 4,876137 5,405517 2,220045 6,81576 6,180601 3,991465 2,63762 2,38683 2,172172 0,9157811 2,835611 3,489874 2,173119 8,142865 7,881845 4,00764 2,675373 6,169391 7,467935 4,502906 3,09067 5,641408 7,351713 2,287413 6,462044 2,215902 2,305835 5,765363 12,45319 6,294449 0,6550233 0,7776113 0,9819433 1,771708 3,31873 3,022798 1,409197 0,6597757 1,571992
2,463318 1,33794 2,273348 1,413816 1,296484 1,864398 4,451319 1,943028 5,206117 5,042806 0,3718568 5,324842 8,865592 13,46757 10,41679 1,776433 2,687134 1,515446 4,62154 9,579334 4,109873 3,899321 2,871892 4,714084 3,934147 3,41404 4,418766 4,593286 2,620318 0,9508793 3,294149 6,275112 1,742411 0,9149525 3,179027 9,29303 7,308419 3,52814 4,716446 2,627435 3,80885 4,994194 4,664762 1,790118 1,213018 2,728864 4,747154 4,697142 4,267462 1,742165 4,561258 6,760536 7,968938 4,119403 3,103874 2,487017 1,681616 2,357375 2,570586 2,901922 3,437922 2,585699 5,079559
1,590554 1,091682 2,566204 2,478512 5,408433 4,07851 2,851403 1,85247 2,020518 1,021006 2,462675 12,05058 9,484731 2,615339 2,543803 3,226048 1,783002 1,736442 3,292699 0,8784521 2,311723 3,454495 2,862673 2,110279 9,242422 10,18319 2,057443 3,563929 2,467671 2,166431 2,593 9,228991 7,346318 4,126871 5,944858 9,625965 7,862017 1,50902 4,652336 5,205177 2,675851 4,881843 2,375878 1,767326 1,155682 2,471075 7,778997 8,142544 5,845445 4,618581 1,956735 1,848691 1,145862 3,260376 3,478354 3,361081 3,536319 3,516645 2,336064 3,82043 4,916615 1,926435 1,983129
3,394114 3,392944 2,403683 3,365351 2,022067 4,535175 3,481314 2,179684 5,070387 3,909555 0,9822523 2,400862 4,043287 2,571862 3,387919 11,62225 11,70601 1,858435 5,576777 2,40522 1,605315 2,216142 1,073737 1,413262 3,921516 5,50308 1,99732 1,897568 1,900469 1,324361 2,573841 6,293709 12,46091 7,159243 7,527439 7,734371 4,451443 2,582626 4,634597 3,374892 4,676819 6,069889 2,400587 3,350551 2,051785 3,640949 6,114854 2,548615 1,852239 2,98423 1,619528 0,955441 1,051611 4,290144 2,541066 3,140342 3,334919 3,006081 2,818734 3,451077 1,864011 3,791425 3,672363
1,321119 2,452611 6,384511 11,92049 3,691264 0,7353189 0,9556949 2,918008 2,914911 3,378243 3,672019 4,876914 7,919336 1,77524 2,028901 5,446877 4,310998 1,522989 3,321883 1,146196 1,239287 1,420859 1,588375 3,304127 6,247936 2,728522 6,091255 4,794032 3,393185 4,570418 2,679133 3,023611 9,970166 7,545327 7,627129 7,866874 7,33372 4,819613 2,15841 4,438096 4,894448 3,661443 5,276263 7,733929 3,772417 5,486203 5,803001 1,39244 1,921539 4,172031 1,653903 2,803542 1,671942 0,962245 2,513222 3,411118 2,000715 3,018103 3,051596 3,112943 2,002317 7,163882 9,84029
1,106626 2,606762 3,719019 2,24017 1,787928 1,481839 0,6596376 4,431766 5,285892 1,720478 1,109343 2,032123 7,221495 4,83554 1,231969 0,3017984 4,406124 3,247406 2,897551 7,262576 4,690924 3,656322 3,912249 4,000943 5,639249 2,602128 1,908835 3,811399 7,817946 10,76849 2,061409 4,332031 3,839893 7,016591 5,842539 7,829582 6,783957 4,524426 2,448463 3,036708 10,5945 11,66062 6,859971 3,35319 3,21923 5,261811 3,33485 1,68882 2,752471 3,03487 0,7290595 3,849019 3,97035 1,607073 0,9038519 2,410321 3,261422 5,045156 4,882027 4,074937 2,693753 5,207811 4,351744
1,173223 2,71725 2,580525 2,362789 2,072256 3,944258 1,765856 2,074561 2,985785 7,037665 2,856577 1,476089 3,801398 0,974794 1,022435 2,749166 2,293607 2,456709 1,225089 2,883108 2,487161 3,420475 2,437155 2,642075 3,659912 6,466193 2,254037 3,273605 6,539062 4,483526 3,237877 8,165713 2,936984 5,600964 2,912327 6,293474 4,789154 2,176012 1,203329 1,520376 3,73021 5,711555 3,365431 3,375495 3,081548 2,308822 1,945818 3,003291 3,187678 4,658578 0,8633819 1,195378 1,564467 1,083566 0,3267034 1,519947 3,038994 4,861543 3,923295 3,046215 3,499233 6,33792 1,327475
2,99109 1,503938 1,512436 1,834298 2,860144 5,60744 2,014742 1,240179 1,808357 4,258073 4,46178 4,8674 9,626348 7,046453 1,495696 1,445697 3,658043 1,40999 4,021849 2,000584 3,436824 2,652553 1,945312 2,003843 1,79931 2,221553 1,567793 1,680946 1,478164 4,644062 4,229076 5,980288 5,93388 4,618968 4,479245 3,715723 4,32881 1,821893 1,412832 2,250233 2,187707 1,73107 3,849277 7,887437 3,373199 1,60849 2,875681 2,787989 3,524148 4,314167 1,631763 1,483849 1,802824 1,907411 1,603244 1,202741 1,628298 1,383066 1,063818 1,318192 2,094175 1,086679 1,147684
0,8694784 1,477296 4,09504 2,523317 1,976554 4,673574 2,831671 1,428374 0,7802531 3,101979 5,989493 4,990191 4,169777 4,489155 2,209787 2,229479 2,376597 4,698337 1,072186 0,4439537 2,906106 4,164964 1,18204 5,382694 1,608793 1,971499 4,404742 5,43557 1,808728 7,558995 3,880583 3,232014 8,95747 10,83407 7,111333 3,076501 2,021243 3,260221 3,890956 3,615015 2,227783 2,104834 2,448291 4,599697 3,944403 4,86972 5,677474 6,942904 5,766424 1,292631 2,952907 2,79176 1,776792 1,088356 1,210458 1,062889 0,6432835 1,144052 3,403305 4,059584 6,616475 5,626023 1,41968
1,98496 3,651203 9,251454 2,038509 1,58587 3,901611 3,074403 5,356477 2,695075 2,576569 1,97972 1,195159 1,095573 4,091815 1,812961 3,156659 3,49292 1,55336 1,921299 1,997459 1,417262 3,797297 2,40125 3,861627 4,183644 5,151664 7,31145 5,2919 1,890242 3,351261 1,872246 1,405509 6,05966 7,128916 7,051746 5,184934 3,863236 4,270466 3,910346 3,840751 2,263956 2,656914 2,128912 2,516899 2,539128 1,583792 1,124836 5,414896 9,622436 2,274646 0,7610386 2,680639 2,782995 2,131539 1,307214 1,145357 0,6080757 1,269132 1,749364 1,632345 0,9529306 2,205776 1,767084
1,999446 2,080516 3,695527 6,279982 4,173537 2,764808 2,581235 8,568152 2,201772 1,434577 2,350053 3,272764 0,7369072 3,595373 2,666183 0,509238 2,115323 4,749497 7,58944 3,977935 1,199214 2,55333 1,091574 6,792075 6,445475 8,502759 4,063798 0,6590284 1,391585 1,920553 2,297758 2,313585 2,356206 4,74653 7,702695 5,373833 6,192547 2,413655 3,509941 5,98731 3,343409 2,388213 1,93694 1,227139 1,303035 1,116204 2,358641 9,623627 15,3537 8,56158 1,648695 2,431478 2,657142 1,354128 1,996006 2,08336 1,044599 3,535879 5,137406 2,917769 2,481237 0,6111199 1,351454
0,7545997 1,435071 3,157819 13,51517 6,32388 2,653846 1,127914 4,286814 3,334215 2,876942 4,233962 3,521631 3,425041 3,616536 3,149654 3,095603 1,608356 2,528825 3,21998 0,5672921 2,998723 1,838958 1,593533 1,871869 3,140893 5,03433 6,021956 2,404928 2,03425 3,898292 5,167797 2,69201 1,865589 4,567814 7,734898 8,061765 6,87775 3,497425 5,517098 15,98707 9,61283 2,676177 6,856212 6,233615 5,486149 3,546749 2,180409 2,376849 5,016433 7,735069 1,299311 1,303399 2,634629 1,396748 1,506906 3,536449 2,821883 1,214203 2,704541 2,079606 1,73041 0,8051404 0,9660121
2,533036 3,377252 4,273758 7,706833 3,501575 1,909179 1,048858 2,523521 7,477484 7,961144 9,982668 11,34109 0,7671015 1,20159 1,003977 2,567055 1,066275 2,016484 1,221084 2,058545 1,395796 4,554758 6,695432 4,025606 3,563579 7,187847 3,828311 0,8796396 4,025726 2,892261 1,815177 2,666271 3,600172 3,675741 5,894732 6,061147 3,88853 8,233445 4,024285 12,01528 8,330804 5,051135 8,689231 7,086381 8,293734 7,922556 8,279226 6,720258 1,763692 3,280519 3,071439 2,057116 1,484524 1,870687 2,549225 2,628791 6,472353 3,130403 4,74523 5,598172 2,30145 1,163884 1,876567
7,280474 6,950012 2,259646 3,539718 2,871802 2,193817 0,9281698 2,192846 5,447772 3,251621 3,475641 10,83236 2,056358 8,676641 6,672538 4,425978 2,476008 2,142044 2,117372 5,846384 2,835664 3,949907 5,626605 5,857723 4,100677 2,653432 2,118929 1,498724 2,400275 4,431279 1,722165 2,143195 2,866628 1,821813 4,33987 4,804939 7,359416 7,318848 3,054496 4,00452 3,333902 4,886578 1,900177 1,680549 3,529108 6,600395 2,584095 0,8814248 2,13912 3,137941 2,013582 1,222537 1,652837 1,130094 2,246962 2,890319 2,975783 1,897702 5,225739 3,475638 1,215294 3,803065 7,0987
2,466639 10,16396 2,026061 4,132918 3,337192 6,154495 2,629492 1,119895 1,988098 2,244909 1,585252 7,279151 6,607123 1,37247 3,586521 6,340979 3,273393 7,77824 3,002678 3,150891 7,390678 4,301342 2,970114 2,575126 2,131718 2,350004 1,115667 1,610361 2,889506 3,610141 1,341775 3,261857 3,640653 8,272288 4,437037 1,951303 10,41868 8,22275 1,511427 2,25526 3,173972 3,433384 1,055556 4,459167 1,968464 3,678348 6,058044 2,963196 4,358501 5,813694 5,031621 3,368385 3,196058 3,834934 7,410058 6,24795 2,177943 2,835415 2,257479 0,6487889 0,8811755 2,790719 3,904228
5,870427 2,047283 5,324269 0,9802834 2,325968 2,975044 1,207114 0,9265249 2,268248 5,858531 2,126771 1,533555 6,141303 1,581063 3,434296 3,554156 2,927395 3,12939 1,627634 3,690716 5,083209 1,548743 1,12164 0,9720683 1,399579 2,252282 3,087289 1,349744 3,323976 3,65981 1,335815 6,328147 5,095146 13,59893 4,733111 1,710563 6,390821 2,483393 3,097689 3,478525 5,933647 3,340735 1,52597 5,522932 4,912692 3,264863 6,07538 7,709188 6,12777 2,749444 2,334324 4,805961 5,996679 7,282048 10,49005 7,486773 3,432257 1,62086 1,104488 0,4517793 0,3780051 1,920575 3,688871
2,709215 2,50283 3,842319 0,6322401 3,034061 1,661685 1,831745 1,000588 1,63862 5,271631 3,142308 1,450449 0,9459515 3,402436 1,481146 1,51507 0,8858781 1,953919 1,645715 2,465732 2,405291 2,031682 0,7268766 2,326488 8,904688 5,556607 1,15331 0,6366257 1,776591 1,769418 3,013984 3,00903 10,00938 9,510234 6,330286 5,729017 3,873411 3,652712 4,583257 2,51771 4,082666 2,704872 8,633642 7,722613 6,107909 1,758625 1,254599 3,678766 7,419034 7,010443 4,228088 3,134823 2,003802 2,988359 6,837877 6,45383 5,615542 3,871059 2,279121 0,6257382 1,703789 5,93324 4,500587
5,20348 2,512034 2,017402 3,62238 1,57798 1,156709 3,850256 2,464159 3,574352 5,172861 9,064463 1,366986 1,045823 4,710909 8,550938 2,791789 1,913033 1,586471 1,333852 0,8172951 2,424067 2,366802 2,215211 19,28668 14,18525 5,334025 3,807626 1,130169 3,521879 3,816029 2,513164 2,748381 3,103673 2,004975 2,767514 3,308946 2,019492 3,197913 2,74094 1,527206 2,854244 2,186252 8,232864 6,154753 5,821906 1,982859 2,043373 3,828414 3,636304 3,988843 4,050749 2,724756 2,538665 1,938494 1,803908 4,094776 3,093188 7,957846 4,606182 1,517045 3,899451 2,416654 3,007715
0,9268098 1,109355 2,520376 2,64707 1,241296 1,488092 4,987646 5,437074 4,621768 8,31115 10,81662 3,786153 0,8545194 4,829915 5,145172 3,538748 4,934574 4,975627 4,356838 2,262984 8,723347 1,734095 5,4526 14,16538 3,30742 2,564331 0,7537889 1,223214 2,199809 2,222234 1,540797 1,291491 2,086981 2,109581 1,094791 2,008284 3,323147 5,81804 1,666935 5,975454 3,08843 4,431871 4,826463 3,334799 3,03093 1,533856 2,353233 4,119054 2,046368 2,796759 5,003919 3,69676 3,082832 2,766587 1,450364 2,147141 1,449673 6,507781 7,148355 3,880081 4,471546 1,16371 3,791255
4,329505 1,793407 1,356164 2,809116 6,383506 3,661788 2,756697 2,256195 4,178405 3,177193 1,905558 1,913265 3,529859 2,827476 3,290074 0,9541735 2,395819 5,725598 4,292876 4,378217 13,60941 4,195642 5,921478 7,257895 1,410441 3,360266 3,414644 4,840044 2,909278 2,89519 3,343604 4,060529 10,27642 3,17069 3,837367 1,674597 1,910152 2,350187 1,349895 2,343033 0,9548724 6,145152 3,041216 3,576849 3,726845 2,830595 0,7135537 6,307803 6,855941 2,745884 5,063282 5,345036 3,640095 3,922046 3,550593 1,540572 1,270788 6,038645 8,21536 4,122763 1,606813 0,9970322 1,104316
7,901786 4,85884 6,051728 3,728159 3,136639 2,228948 1,679947 0,7112049 1,909198 2,283794 1,609153 1,01952 3,047829 3,810077 2,418601 1,912101 1,479377 4,297295 7,184939 2,310231 1,395445 1,191588 2,23897 2,217533 1,536114 1,604867 6,402157 8,757098 1,540679 4,514787 7,429445 3,299424 1,520422 0,6608266 5,768718 3,563502 3,411859 3,339155 3,418578 4,590888 1,704099 2,458503 2,399355 4,374317 2,003664 4,755534 6,357856 4,216383 7,161899 1,641454 0,9057511 1,706707 2,939618 5,46344 4,570642 2,657274 2,657839 4,388576 4,190118 6,044939 2,259634 2,015939 4,643568
6,582994 4,120939 4,029206 5,949328 1,8764 1,439646 1,146524 4,968281 2,201685 4,147901 1,747495 6,566185 7,811171 6,372485 8,39526 3,735507 1,178222 1,930071 3,679839 0,694503 4,400674 2,761945 1,316928 1,611246 1,867641 3,550594 6,109978 6,879684 6,113412 2,436144 0,6983262 4,46408 2,849329 3,220972 7,666728 2,674955 3,363908 4,447328 3,511535 2,856856 2,807751 6,354188 3,032713 7,18687 4,220425 2,811963 4,235961 6,576229 4,71305 7,884821 1,78133 2,077899 2,487133 5,769018 5,733441 2,132962 2,061294 2,171991 0,8223687 3,571071 4,23115 1,215755 2,255652
3,138809 1,087565 1,419706 4,273516 6,348754 5,330131 2,864266 1,169333 1,569378 6,648488 1,256947 3,755548 6,650309 7,910348 5,469941 1,649598 2,207399 2,217482 2,1879 7,678277 8,670068 2,907422 5,708861 5,04189 3,244874 2,77674 4,173156 2,003964 3,235505 3,442706 5,36248 8,960434 2,943261 6,008065 5,613055 2,581088 4,033663 9,635909 8,486314 3,873335 1,824124 4,401947 4,152473 3,192151 2,26471 1,762314 1,090486 0,7367203 3,738702 7,911924 2,994794 7,092202 6,522572 2,863348 4,133534 6,949586 7,497241 5,647868 1,787071 1,856408 6,48234 2,890199 0,915049
7,048676 9,499082 4,29944 2,548481 1,587996 6,674079 5,959849 3,71442 1,125587 1,63002 1,907912 0,4334193 1,730064 1,117645 2,120372 1,144313 1,16396 2,196507 1,760886 0,6143835 1,568036 6,577638 8,182581 8,488709 4,18388 4,311289 8,395315 7,713213 1,237495 2,489508 2,912321 1,026513 3,893398 3,144607 2,771908 2,860929 4,771457 7,917693 11,2114 3,445025 4,90662 5,029175 2,27658 2,797671 4,467698 1,382738 5,295341 5,732955 2,022552 4,179644 7,016792 8,357807 5,575038 1,313049 1,922618 9,385382 8,687052 3,69591 2,28959 2,066984 4,610775 2,427665 1,477668
3,298604 7,79115 4,552947 0,9553964 4,6696 2,014413 3,382588 3,059788 2,084032 1,726211 2,042621 2,058982 5,449961 2,898786 1,612768 2,350704 2,136343 0,7546275 3,185459 2,647557 2,265217 1,876443 8,96138 6,157609 7,765234 9,993382 6,741601 8,705597 2,906097 5,349962 4,222726 2,689247 2,027911 3,765957 2,998785 3,827546 2,687722 4,939097 6,535494 3,51613 2,91112 3,608033 2,478766 1,775697 4,075183 7,630921 8,42798 2,82552 1,466481 2,296243 5,209919 6,844589 4,298668 2,846623 3,855398 5,94746 3,389909 1,263618 0,8777576 1,131695 1,767793 0,6544269 1,572653
0,8643963 0,9207913 0,6613075 1,058369 3,463974 2,27161 3,292952 3,252977 0,7870881 0,9304856 1,035064 6,601848 6,871985 1,370002 3,329213 1,680386 1,091115 2,139366 1,81402 3,97324 2,192768 5,623947 11,17935 6,328014 10,23495 8,991928 1,096075 3,919657 3,787845 10,00117 1,886006 1,794191 1,095537 2,200015 8,565545 9,041054 3,360391 4,069664 3,970874 4,802147 6,35652 4,438719 8,294138 6,644684 1,838789 3,670743 6,920608 2,87976 1,330614 2,065964 4,057432 3,807457 2,696886 2,310301 5,729692 5,005766 3,126599 1,118349 2,596267 0,943056 0,5178926 0,843849 1,774368
1,202849 3,518633 3,53469 1,993216 3,923809 1,259215 4,265642 7,271145 2,725867 4,207203 3,717999 2,244307 1,956094 0,6881555 4,437601 5,612394 0,3974448 4,215572 1,53432 3,638828 4,406278 3,388747 2,992623 4,102386 2,468184 2,31522 2,188339 9,152005 3,640823 1,648948 2,061159 2,975395 5,942603 9,224239 8,91785 9,356517 3,30814 3,826201 4,630229 6,064126 3,268215 3,375951 8,058904 7,776409 4,312292 1,111838 1,71446 1,665508 3,886847 3,124113 6,319362 5,713791 5,530851 4,662234 6,13725 3,666589 0,5126054 1,146411 3,855508 3,395405 2,253353 1,460912 1,198529
1,230788 3,240281 1,583806 4,981269 7,938465 4,14798 9,423105 6,400348 5,930921 5,749042 1,909957 2,068277 0,5709912 3,449233 2,522121 2,547881 4,559513 1,133914 0,3295048 2,00145 2,310519 2,965352 2,754976 0,736789 1,043799 1,142552 1,364389 2,594368 0,89417 4,005905 5,109995 2,999228 3,428149 4,033842 4,009373 5,630487 3,951477 1,806566 4,355872 3,04089 2,815672 2,404283 3,779287 9,149646 4,58755 8,7279 6,424369 2,584226 3,249826 2,045241 3,9413 3,8941 8,397478 4,971292 3,976023 6,038224 2,536034 1,786453 2,714651 2,779906 3,285492 1,852499 0,6733133
