test/net/g2lab/icchange/view/profile/olddata/uncertainties-07.txt
ncols         411
nrows         508
xllcorner     532720
yllcorner     5948510
cellsize      5
NODATA_value  -9999
[rows 0 to 27 of 508, columns 252 to 314 of 411]
4,670592 2,551609 2,330319 1,561156 3,857245 10,2479 7,009359 2,207089 0,6958386 1,820529 3,086689 1,832802 1,120039 1,648226 0,609493 2,127058 2,597549 4,600808 2,800793 0,8905758 2,224926 4,453498 6,358061 2,358336 0,5265781 2,163271 2,677349 1,866544 2,31837 6,208301 1,373368 0,5753519 2,097374 2,877981 2,711287 3,815687 1,164396 1,688904 1,98619 1,323088 3,52294 1,362422 2,234567 3,984331 4,116007 2,639861 3,370862 3,43023 0,7352006 2,111692 0,9604781 2,440377 1,250671 5,574399 3,405543 0,68455 1,619513 1,316724 2,105554 1,722723 3,96551 7,213321 2,875343
4,089331 2,167845 2,599889 3,061972 2,095689 1,594352 3,475629 1,562319 0,4779083 1,197423 1,015086 1,127534 4,830696 7,456007 4,72333 3,428526 3,679974 4,514372 5,668844 3,664918 9,62325 16,1969 12,9052 5,41457 1,264324 1,149825 1,007732 1,741934 4,343724 5,029758 1,662497 1,406698 3,339846 2,467398 1,198702 0,6843241 0,7917399 0,04475377 0,4033214 2,488606 6,608544 3,420381 0,2485356 2,415298 1,921269 1,820462 1,243979 4,372837 4,236973 2,155921 2,523714 3,556257 3,016313 5,232522 2,161037 1,939965 5,277194 7,553569 1,023543 2,437756 1,895399 8,169792 4,801274
2,646327 2,987919 2,164343 2,011349 1,454252 0,6043895 0,3191494 1,47794 6,259183 5,987498 1,865935 1,879877 4,880958 4,438131 2,167359 0,6615753 1,53839 0,6326653 2,046542 3,813107 8,480375 7,725201 1,825324 1,957605 1,663947 0,2278314 0,6844376 1,035626 2,763793 3,037811 1,256662 2,311581 1,980733 1,089556 1,714089 1,675407 4,032926 4,976504 1,394587 1,150341 1,914963 3,048038 3,440205 3,474216 1,951934 0,4913701 2,324616 4,250667 1,537627 1,626119 6,348198 8,920268 4,72935 6,01295 4,738253 6,371925 2,95023 4,920879 3,20463 3,55862 2,932631 2,598759 3,948514
4,022242 4,785729 3,599665 0,7246161 0,3908385 2,287802 3,363101 4,179202 6,434257 4,447081 2,367966 1,198749 1,063372 0,8087308 2,045768 0,7372225 1,008407 0,8187671 0,866759 1,183444 3,650383 6,524448 3,044622 1,85726 1,725135 7,774869 8,634292 2,493198 1,041392 1,374096 1,624732 1,49374 1,323082 0,8569112 7,880476 3,839977 4,038391 2,191193 0,9579256 10,0462 9,251558 4,142072 10,20431 2,758831 1,63649 0,8060784 1,931568 2,26723 0,6750071 0,1613786 7,861334 5,442073 0,9476285 1,793126 3,52009 6,798518 7,641631 10,61811 9,727872 4,327023 3,302493 1,887144 1,414382
5,238609 1,642245 1,870092 1,296991 2,285469 3,068277 2,454414 0,4877749 3,152941 4,992434 3,111114 1,366285 0,4743931 2,728014 4,818213 1,935421 1,727383 1,609209 0,8491587 1,01651 1,019349 1,888667 1,885743 2,121189 0,8749813 2,935318 9,34369 4,651771 1,242085 5,16635 3,112397 6,364887 2,428093 3,560933 3,169247 3,734028 7,392212 2,968037 0,5086785 5,860534 2,802409 4,812317 9,718599 7,753962 3,832172 1,571162 0,7474065 2,363474 1,090896 1,941229 4,332124 3,822226 2,512416 3,075386 5,612576 2,403343 2,417031 6,467146 9,224354 2,015247 6,307946 2,273695 3,299826
3,459149 3,796052 5,010866 3,8151 2,438847 3,473962 1,374807 1,715483 2,593015 5,144222 2,074864 0,9233174 1,34041 5,126317 3,905748 3,424485 2,561209 1,193051 0,8157914 0,1004884 2,30971 7,062668 5,791376 4,80895 2,94824 1,605669 4,295381 10,16199 2,260171 2,102641 8,662921 13,92881 4,577697 0,3967215 1,560134 2,859503 6,375564 6,636767 7,612248 10,13586 3,526069 2,02453 1,322294 1,565479 3,032553 0,8802049 1,573792 3,557962 5,555836 0,8679866 3,467315 1,868885 1,167146 2,338749 3,834768 1,36128 3,363204 1,393134 4,183807 4,065073 4,977314 3,716541 7,307499
2,041141 3,537952 6,616373 4,529459 2,146574 2,800715 4,14466 4,553451 9,231949 6,903624 3,056291 3,135567 1,565802 4,492588 3,364207 6,68469 4,381958 1,389076 0,7160072 1,173882 3,232486 8,996913 9,105869 5,000479 2,982762 9,16344 12,4114 3,943421 3,571434 5,57759 16,69004 9,449887 2,361457 3,033592 1,262924 1,192676 3,979738 6,018312 6,800918 8,688286 6,456917 0,8526701 1,412743 5,5586 6,347993 1,906687 1,540761 4,449483 10,59761 3,252926 1,520277 1,696291 4,256096 4,586532 2,366183 3,224755 4,093683 2,020024 4,831141 4,384834 4,539904 12,16428 16,61875
6,699278 9,177055 7,032881 3,16409 2,295139 4,219444 7,333244 2,293839 3,017186 6,511852 3,227814 1,40162 0,9294215 2,315844 1,907523 3,43184 1,24913 1,604439 0,6937438 1,456171 5,198388 10,53277 8,285372 3,201991 2,301925 2,796374 6,202355 1,56916 2,233334 2,049202 9,500746 4,556008 1,656641 3,187888 2,379304 2,892188 3,030155 0,9282312 0,9897372 1,982813 4,271429 3,094077 1,015499 1,888721 0,9767411 1,857605 0,8136867 2,815492 7,676365 7,122878 5,792687 3,020087 3,862674 5,408324 2,239604 1,964864 5,25102 3,888873 8,270987 9,759143 6,008028 10,16637 16,40399
6,038028 13,06884 6,640006 1,823148 1,043992 2,085148 3,808303 3,36317 3,322919 5,3505 8,945928 7,682613 3,210132 2,169615 1,433768 1,377281 3,17913 2,892793 0,2311153 4,390089 9,025123 8,004232 3,962576 1,979849 2,292953 2,184263 3,355861 3,720614 0,9021562 1,677414 3,053023 2,167701 0,9752703 1,635172 2,867136 4,685965 5,869249 6,491755 5,061578 2,687862 4,391994 2,787222 0,9163645 1,790487 2,617638 1,945666 0,7813774 2,005252 4,500159 8,356916 7,265534 2,725815 0,828579 5,929838 3,92135 2,520398 2,617037 4,134187 2,019801 1,206734 0,5411937 3,453224 19,43129
6,966634 6,6532 5,592723 2,394392 3,355283 2,815733 6,118677 5,643318 2,289596 2,474626 3,93099 2,080721 4,775023 4,884796 1,124564 1,423718 1,748048 3,044041 2,207376 2,817682 4,880555 4,168641 1,892728 2,05868 0,7662046 1,381537 1,231946 1,888847 2,185576 1,987597 2,312657 1,060754 1,63609 5,858306 1,571604 0,9371027 1,483313 5,338009 6,372388 3,2696 5,544398 3,31161 0,3097378 0,8729762 2,392685 2,79935 4,817664 2,639053 1,823778 2,148054 2,775889 0,7201941 1,629892 8,891144 5,865834 2,25689 2,563113 2,73642 0,9187456 0,4928011 2,969207 11,1234 25,05388
6,609832 5,747451 7,146809 4,758181 3,396677 1,90407 3,69636 4,381014 3,223625 3,814962 2,601256 1,525667 4,788498 6,375855 1,698049 0,7572831 0,454573 1,406511 2,339759 2,672281 1,909078 1,491657 5,929976 3,692596 1,13335 1,918597 3,906594 6,696506 3,714541 2,406213 6,944117 5,64042 3,040585 3,135301 0,3902978 0,6825346 0,497471 3,142177 2,709167 1,263633 2,975312 2,285999 0,9610763 2,405315 5,062084 6,891045 5,699083 2,933832 2,99083 2,366026 1,291723 0,3910682 0,05621433 1,208647 2,309443 3,38732 5,641164 2,922124 3,737345 2,563839 0,6103557 2,25988 7,541317
3,826366 8,560506 10,13033 6,637978 0,5786316 3,249716 0,5765663 2,531251 2,086911 3,741177 2,081521 1,80939 5,490413 6,734129 3,015115 2,664914 3,233205 8,892114 6,874621 1,865351 4,919257 1,78603 6,476175 5,754475 4,862385 0,6546984 0,2452426 1,509555 1,948707 1,96623 2,187866 3,909544 4,112862 2,254841 0,948499 0,7333797 1,70684 3,074143 1,301711 1,889149 2,65206 3,030241 1,001635 3,375576 2,764599 4,437433 2,880595 1,185237 0,7271654 1,99541 1,974672 0,6018544 8,106053 3,384138 1,423103 4,091624 2,698272 2,980464 4,632036 1,473333 2,646034 2,716325 3,447081
2,919496 10,74953 13,04157 2,867814 0,8555802 3,192003 1,024231 1,558822 1,672939 2,360893 2,252598 4,040657 7,620579 3,698585 3,154481 3,270629 2,442639 8,100426 3,889455 1,169713 0,7273094 1,791053 2,040024 0,8249263 3,994669 3,166642 2,349245 1,680834 1,442764 2,565144 4,339879 4,977679 3,442076 0,07939684 3,038789 2,601224 2,187932 3,764096 3,030694 1,75551 1,438554 0,4410321 0,2323395 3,328564 1,600005 0,581799 1,444986 0,3912335 0,5675027 1,06294 0,7183203 0,8582215 8,747914 5,475276 0,5698535 5,514111 2,551984 2,407165 5,591146 3,569138 0,5774049 0,5098223 3,324062
2,26637 8,431048 10,40085 1,314044 1,78212 3,995838 5,988536 8,400476 7,940344 4,813866 3,819751 5,341888 4,031582 1,331831 0,6729452 0,0538766 1,63459 2,244006 1,793918 1,26274 2,778659 2,220748 0,4756882 0,4430949 2,772141 4,440117 1,844764 5,473803 12,04888 10,76876 8,316874 7,3514 5,989872 2,21269 1,687507 2,745249 1,682416 2,433748 2,011389 0,3450932 0,1243765 2,617437 1,39795 4,149566 2,173499 1,824504 4,252853 3,583383 1,648413 1,449356 1,890829 3,621729 10,53197 2,236695 1,68985 3,370715 0,8316465 3,867711 4,50811 9,282195 10,09913 2,276158 1,409835
3,260092 3,812645 8,717857 5,400042 6,081078 8,091867 9,536699 13,47158 11,98906 6,700429 5,439969 11,30643 5,199064 2,715713 2,430918 5,967788 10,97776 6,741332 1,162121 3,565829 7,603268 4,394069 2,085169 1,472478 0,4259734 2,067712 3,033724 6,237154 9,643122 8,193556 7,501308 7,505299 5,725486 6,901671 3,559481 2,751462 5,582742 1,458712 1,50845 1,343083 0,2707369 0,2628986 2,980946 4,418791 1,087314 7,308064 9,37273 4,337355 0,8787933 2,937856 2,297647 4,355289 10,28114 1,558644 5,495169 6,09339 1,095969 10,60104 11,24124 5,703238 6,499744 1,411843 2,598127
6,744212 3,145766 6,808579 8,238797 5,388754 2,017346 4,501039 8,603593 6,582463 2,695519 2,978595 10,16409 11,19144 4,363298 1,595377 2,210546 7,24353 10,5563 6,007426 5,414202 3,27377 3,643726 2,738989 0,4070061 1,318136 1,583679 3,458484 2,777384 5,542369 5,807051 6,185689 6,576985 3,808453 4,932233 3,23481 4,31687 4,810348 0,2683184 6,131397 4,761174 5,436897 3,07446 9,427982 3,724238 0,04707044 2,673159 5,16825 3,536368 1,361953 1,255557 0,2597104 0,1552793 3,490933 3,793832 0,263285 1,051598 8,513906 9,168068 4,166645 5,433391 5,857177 4,270864 4,110243
14,42753 8,262634 5,408462 10,12282 2,852919 1,076684 5,941746 9,210025 8,646499 2,601463 1,852242 6,677834 11,13499 5,16504 3,486732 3,472506 3,66624 10,21747 6,311902 4,564563 2,028463 3,481858 3,180557 1,144394 0,4819969 0,7188913 6,95189 3,941307 4,169416 5,286935 4,515018 2,558041 2,400574 3,813204 3,627185 0,6426168 1,251972 1,073634 6,149694 3,037304 3,70874 5,258103 9,020739 0,9398172 2,320707 1,352445 0,7215368 0,9335526 1,736182 2,751485 3,349888 1,624275 2,488934 7,080204 4,938675 4,416549 2,748439 3,928461 1,381175 1,357673 4,136417 6,56416 4,570023
20,60744 5,961735 5,61114 9,957055 3,219787 2,591983 4,261507 4,33058 2,892548 1,503743 4,459601 9,043396 11,23073 6,796566 3,703285 1,743543 3,039905 5,267207 1,602548 2,263559 2,344168 3,691077 3,478316 1,453843 0,6223738 2,923668 3,655 1,36691 3,5833 7,413589 6,628326 1,196589 1,77046 2,723807 3,578177 4,341177 0,7344151 1,176058 1,333603 1,632541 0,9823772 8,139624 10,72388 0,1783674 5,838755 4,726393 2,253588 0,718333 2,465351 3,655189 8,748436 10,47806 4,033912 1,850094 3,386017 1,648484 5,124243 3,646001 2,215886 3,319696 4,274309 4,479201 2,755075
15,56772 9,238104 5,567708 4,597054 6,52061 2,845518 2,117269 2,960339 0,9051706 0,6008217 2,474737 8,127129 11,02567 3,950315 1,331694 1,752318 1,845741 1,469123 1,08218 0,5066304 1,592862 1,790626 4,415516 1,697932 2,043631 4,090524 2,138794 0,6209996 5,03182 6,037063 3,348553 1,349061 0,6704227 1,133697 3,192653 2,098801 3,225663 2,836457 0,1518093 0,3792355 0,8659393 4,825752 2,278671 1,255117 2,656494 3,285055 1,972139 1,740248 2,979722 2,945409 4,564496 5,831692 1,328712 3,709697 3,735098 3,038357 2,201411 2,216145 6,685647 4,17353 3,912519 5,136159 2,660909
37,73825 19,9412 13,16388 6,034412 6,458301 7,680253 3,87004 5,400706 6,106591 1,40615 1,182558 2,971562 6,598871 4,17593 1,817236 0,460493 0,5325619 0,9309373 2,488432 1,283616 1,789493 1,18509 1,540975 1,751959 2,244947 3,8425 2,859437 2,519995 5,111598 5,549544 3,620012 3,040516 2,597271 0,8847926 2,607099 2,486035 3,435919 1,386966 2,670439 5,563463 0,4087303 1,71606 2,071204 1,520581 0,7986137 3,704202 2,71536 4,664474 3,858417 3,93592 4,733064 3,388525 4,070848 9,580577 2,423918 8,583435 14,67593 3,395802 2,571377 3,932954 5,856997 6,475969 6,49313
50,79185 21,27414 22,50546 8,420209 2,765844 4,557234 6,649819 8,835357 17,96152 8,504916 4,454883 1,094709 6,751508 12,94818 7,599068 3,338915 1,783651 2,51644 12,18647 8,523035 1,417713 1,006281 0,41623 2,271797 2,765772 3,699524 3,642534 2,73496 6,081241 10,94202 9,149914 7,196487 5,83314 4,286231 10,14828 4,511792 1,8809 1,262863 3,775145 9,156848 2,513209 2,938137 3,125212 1,924324 1,017485 1,906856 1,730992 2,951793 1,181981 1,936662 3,050653 5,856795 2,53932 1,92917 1,028436 10,80092 10,47538 1,811217 0,5859852 3,591116 6,890894 4,69751 4,408072
68,68194 29,14156 21,23693 15,17237 6,29845 3,881654 4,936576 5,105597 7,134374 8,510791 4,650487 1,393074 2,219155 4,423521 7,929728 3,170274 1,067566 0,9638326 3,145972 2,697313 0,6529464 0,649691 0,2141774 3,203805 4,646079 3,238715 3,040475 1,416394 4,388432 8,606095 8,691464 6,23898 4,798628 3,694016 4,25133 3,391371 2,415179 4,891707 5,128679 6,349544 5,100023 3,227637 0,311166 0,4369639 0,4381266 0,4375628 0,5876704 1,706874 1,744699 0,1721134 0,939618 4,703033 2,002177 1,257653 1,332612 2,980807 4,312457 2,933988 1,098519 3,394686 6,021918 4,514584 2,42459
78,10362 53,42383 25,56202 18,24831 6,682436 6,758722 3,608758 1,860311 1,557986 9,309538 11,33823 5,521327 1,469694 2,752813 0,8124142 6,433777 3,701814 2,077756 0,847896 1,415319 1,479011 1,314481 0,6721984 7,857054 8,914014 3,195917 0,6019074 1,41663 2,20318 4,523757 5,12063 6,847545 6,280169 2,351481 1,470597 4,242149 5,79103 5,947097 2,561799 1,209469 2,062876 1,656839 1,780223 0,5331888 0,3424231 0,7424457 1,462435 0,3931917 2,690381 1,207773 1,915027 5,684619 7,366166 3,045295 0,9137671 2,046402 0,7652045 0,5395362 2,537398 5,061304 4,13527 2,283031 2,057939
69,55804 77,20777 45,47746 20,95488 9,931929 6,77143 5,726347 5,326079 2,608849 9,386645 9,513465 2,221624 2,10398 4,044421 1,351833 2,214465 1,96015 1,996587 1,991529 0,5548279 2,3382 1,402856 1,585279 7,227303 13,53478 5,007042 0,5052893 0,4869448 2,214039 3,613289 4,892432 7,620976 10,35977 7,50254 3,672271 7,984237 5,940907 2,45951 0,5458884 0,434352 0,7372969 1,536514 2,772288 0,6389782 1,628624 3,267489 11,13944 5,712847 1,331406 0,9225993 6,430137 10,38977 12,04098 3,938469 1,787623 1,963226 3,063769 9,166717 4,656355 2,033344 2,637496 1,650025 3,873215
55,59054 61,62474 48,19233 30,35166 20,51453 11,56638 5,195643 1,917694 4,371439 5,158856 4,564321 1,433887 0,4427736 1,993848 1,536547 5,654161 7,830052 6,538189 2,807498 1,067974 1,248717 0,5123999 2,571053 3,588774 3,264021 7,473857 4,125199 1,973615 3,85443 4,020699 2,805577 5,360653 7,774867 5,164959 3,60279 3,23511 3,034136 1,710188 0,7511502 1,476412 4,557503 6,950655 6,554276 2,176836 3,287909 3,530923 9,100058 8,586138 1,107293 0,4647231 3,451592 3,115638 5,232521 2,898958 3,942831 1,648401 3,68408 2,164734 0,9042137 1,559341 3,62767 4,111031 7,772693
50,83379 49,84184 52,46293 37,8311 25,75896 15,48979 8,595831 5,959461 3,998415 3,586246 3,873922 4,544178 1,068501 0,8991078 1,590412 4,45455 7,469953 6,446538 2,102806 0,4086969 0,8620321 2,365981 1,85573 0,8361292 2,313933 3,689693 3,90501 5,419062 5,39666 1,74337 1,736098 3,547345 4,243942 9,478927 7,078165 1,543228 1,260262 0,94934 1,537523 0,7279205 1,96958 5,523294 5,649918 2,218943 3,236017 1,576907 0,5623353 2,05247 0,5376193 1,023528 2,432101 1,721717 5,012359 2,568455 0,8591561 5,081826 3,508849 1,079139 4,282095 9,979068 11,67589 5,676885 9,75372
59,7947 64,80115 71,62186 49,83397 31,90317 21,5043 11,29599 5,878604 2,97864 3,587875 10,58521 9,525727 6,674897 2,793178 2,136211 2,562492 2,465771 3,448435 3,87375 8,052109 7,633885 2,016215 0,3908984 3,934958 6,197855 3,409018 1,923571 3,733518 3,447375 3,581497 3,412475 3,285238 1,888375 5,38791 5,533889 3,811545 4,504051 2,345956 4,164062 2,806099 0,6972483 1,395707 2,083469 3,486971 2,407648 1,662861 1,369278 1,13244 0,4531147 1,590865 3,650655 0,6786169 1,849765 0,9001852 5,443825 5,475515 2,37608 7,326411 13,55963 13,95408 10,80045 10,13594 4,143094
58,01898 69,33998 77,938 57,64092 52,53484 31,83806 22,45833 9,768877 4,868296 4,21092 8,996371 6,797336 6,784073 3,855747 2,360107 2,018893 6,178452 8,270162 6,429165 14,83325 11,42847 11,6762 4,231223 1,309333 0,9764953 1,768459 3,460982 5,378083 4,462101 2,124292 3,092431 5,467613 2,111115 1,771367 2,66813 3,193975 2,572269 2,106383 3,605077 13,3838 3,780986 1,521577 1,86305 5,894437 1,960417 2,491555 0,6808964 2,107013 3,604331 3,187116 3,549982 3,198982 1,306006 2,663979 3,87279 2,304288 3,237875 4,157212 2,375853 1,694586 4,649386 3,34673 1,795079
