test/net/g2lab/icchange/view/profile/rastert_0503-dndvi.txt
ncols         181
nrows         165
xllcorner     528275,50307841
yllcorner     5934871,8476051
cellsize      5
NODATA_value  -9999
[rows 130 to 155 of 165, columns 60 to 119 of 181]
0,4931075 0,4989555 0,5295757 0,5076806 0,4875413 0,4742154 0,4703375 0,5255774 0,5581697 0,5274152 0,5290817 0,5248421 0,5457742 0,5647343 0,5483191 0,5218557 0,5052751 0,4917718 0,4736058 0,4692492 0,4954142 0,5335997 0,5717148 0,5447325 0,5237927 0,494761 0,4757725 0,4271176 0,3460849 0,3821372 0,4493139 0,4572937 0,445471 0,4679932 0,4685851 0,4374312 0,398713 0,3909551 0,4424862 0,4933196 0,4917993 0,4714665 0,4427222 0,4508782 0,4651125 0,3941003 0,3996932 0,4567173 0,4553141 0,4308433 0,4232995 0,4633588 0,4845816 0,4678296 0,4337049 0,4544227 0,5273842 0,5562516 0,5707699 0,4140106
0,5201476 0,5112638 0,5099535 0,5009507 0,5050387 0,5129685 0,494221 0,5175126 0,5582408 0,5421003 0,5097302 0,496298 0,5362707 0,5609694 0,5500053 0,5149497 0,4691009 0,4569544 0,451046 0,4645217 0,5129079 0,5520902 0,5695352 0,5277577 0,4790272 0,4383286 0,4218637 0,4221988 0,3807477 0,3904018 0,4397609 0,4397422 0,4140075 0,4245758 0,444684 0,4417152 0,4215542 0,399137 0,4482581 0,4934729 0,4955197 0,4695597 0,4530167 0,4473223 0,426728 0,4085649 0,4306667 0,4599439 0,4842526 0,4973597 0,4454812 0,4366438 0,4833843 0,4642447 0,4464752 0,4691775 0,5221824 0,5255569 0,5058041 0,345711
0,5455711 0,5435277 0,5455379 0,5615717 0,5536481 0,5625932 0,5564268 0,5307795 0,5121768 0,5183263 0,5215052 0,5239659 0,5523306 0,5632533 0,5462151 0,5270271 0,5214106 0,5121633 0,5075439 0,5219345 0,5610388 0,5442953 0,5023931 0,4690933 0,4215158 0,3842243 0,4107562 0,4571855 0,4561069 0,427737 0,4290118 0,4048716 0,3798251 0,3775456 0,4004148 0,4408417 0,4435011 0,4331799 0,4340667 0,4264261 0,4418257 0,4613109 0,4811919 0,4885893 0,4761453 0,4470794 0,4388517 0,444921 0,4831244 0,5141337 0,4805132 0,4629005 0,4711156 0,4441228 0,4416025 0,4573187 0,5154193 0,4787828 0,3830869 0,3220456
0,5102866 0,5244353 0,5445725 0,5660795 0,5448866 0,5419668 0,5410998 0,4805908 0,4534932 0,4789536 0,5386063 0,5745944 0,5634323 0,5386658 0,5321457 0,5500944 0,5641154 0,5657361 0,5614111 0,5441918 0,5325688 0,4804486 0,4365554 0,4117654 0,3875108 0,4167504 0,4576979 0,4230712 0,39742 0,4081532 0,3961481 0,3748342 0,3770328 0,3911785 0,3827505 0,4360877 0,4642062 0,4663234 0,4650775 0,4471499 0,4473931 0,4631096 0,4753447 0,4658373 0,4774172 0,4938951 0,4829682 0,4660496 0,488089 0,4943015 0,4826432 0,5010302 0,5106311 0,481893 0,4717034 0,478653 0,5286857 0,5042696 0,354341 0,3761923
0,476834 0,4863433 0,5037897 0,4918708 0,4845111 0,4778094 0,4733908 0,4585435 0,4571303 0,4609183 0,4884569 0,5209116 0,5228275 0,5294611 0,5389521 0,5689237 0,5873345 0,5953687 0,5546823 0,4956701 0,4862579 0,4401858 0,3891873 0,3838705 0,4150411 0,4508514 0,4352206 0,3943594 0,3725325 0,381947 0,3608729 0,3796299 0,4184733 0,4163936 0,3842814 0,4209063 0,4856581 0,4850971 0,4922399 0,4939287 0,4665288 0,4396769 0,443302 0,4421444 0,4578129 0,4966042 0,5238002 0,5314913 0,5306951 0,4866628 0,4741831 0,5155698 0,5115125 0,4949937 0,5135466 0,5336515 0,5400277 0,4584561 0,3106217 0,3620418
0,4444649 0,4661538 0,4859712 0,45903 0,4525825 0,4409549 0,4482895 0,4881647 0,5003283 0,4760882 0,446085 0,4678106 0,5228962 0,5686424 0,5890962 0,59184 0,5763515 0,5591486 0,5009261 0,4477406 0,4542545 0,4297361 0,3932421 0,3971806 0,4327911 0,4219209 0,4058844 0,4096668 0,3937149 0,3882219 0,3825256 0,3856485 0,4105542 0,4081205 0,4037201 0,4271165 0,4345473 0,4110404 0,4306735 0,4481748 0,4491735 0,4433992 0,4519612 0,4432132 0,4245009 0,4558463 0,4996791 0,5285429 0,5221944 0,4787431 0,4858378 0,52865 0,4976723 0,4953218 0,5156178 0,5382993 0,4880182 0,3345663 0,3026655 0,3550875
0,4457587 0,4531003 0,4582767 0,4403836 0,4481981 0,4290544 0,4214169 0,4530872 0,4545435 0,4548001 0,4689234 0,5048795 0,5544181 0,5922179 0,5892339 0,5581431 0,5088189 0,4756703 0,4485822 0,4048892 0,3906521 0,399032 0,4286615 0,429114 0,4148022 0,3774225 0,3955097 0,4238144 0,400469 0,404312 0,4002691 0,3809972 0,3912724 0,4027202 0,4097435 0,3922144 0,3709328 0,3769123 0,4062807 0,4164811 0,4152128 0,4449213 0,4938522 0,4917896 0,4415288 0,4265708 0,4399854 0,4646139 0,4988394 0,5162038 0,5105246 0,5124558 0,5020984 0,5234251 0,5119329 0,5369264 0,4578459 0,2723181 0,3778711 0,443512
0,4646932 0,457729 0,4483677 0,4345222 0,4423568 0,4223286 0,4249809 0,4413803 0,4184914 0,4701325 0,5396498 0,5747527 0,5895703 0,5770011 0,5274979 0,4855343 0,4519381 0,4118144 0,3907032 0,3793449 0,3727914 0,3862831 0,4215634 0,4335048 0,4245918 0,4088252 0,3965968 0,4158139 0,4244402 0,4262958 0,4154601 0,4075253 0,4024344 0,3981042 0,4073099 0,4011991 0,3846316 0,4054334 0,4240009 0,4291814 0,4232157 0,4476678 0,503477 0,5081435 0,4839502 0,4644958 0,4723399 0,4698463 0,4726804 0,489331 0,4959142 0,4849958 0,5025498 0,5668389 0,5340794 0,5203754 0,4312399 0,3038485 0,4209658 0,4770732
0,4545669 0,4341662 0,4548543 0,4249708 0,4218143 0,401473 0,4181212 0,4710261 0,4850257 0,5416712 0,59218 0,5797454 0,5632647 0,530579 0,4868798 0,4505246 0,3934242 0,3502828 0,3547625 0,3787628 0,4003347 0,4029616 0,4089361 0,4091844 0,4172068 0,4194957 0,3821522 0,391004 0,4065122 0,4165798 0,4163853 0,415601 0,399767 0,3786029 0,3833231 0,4005424 0,4152517 0,4223223 0,4278128 0,4238099 0,4199246 0,4430917 0,4609916 0,4599708 0,4826844 0,4943689 0,4743741 0,4442697 0,4223822 0,4174472 0,4360771 0,4501337 0,5056871 0,5926686 0,5622486 0,4346874 0,3542332 0,3700208 0,4628531 0,4967057
0,4540397 0,4475691 0,4635237 0,4037927 0,414654 0,4550518 0,4715233 0,5457561 0,5869699 0,5816154 0,5828977 0,5227403 0,5070838 0,514317 0,4921992 0,445739 0,3870031 0,3648402 0,3593565 0,3870238 0,4230863 0,432671 0,4147206 0,4028963 0,3775841 0,3824788 0,4116112 0,4028804 0,3905809 0,3945199 0,4045482 0,3978275 0,3968607 0,3848321 0,3912251 0,4054654 0,4209962 0,4403805 0,4149399 0,3910399 0,3867232 0,4163452 0,431616 0,42954 0,4666613 0,5064814 0,4947338 0,4519514 0,436592 0,3939871 0,3828551 0,4200632 0,5163798 0,578189 0,5387876 0,3763265 0,358968 0,4707455 0,5037836 0,5194482
0,5234082 0,5007191 0,451467 0,4229046 0,4974273 0,5493873 0,547172 0,587978 0,6160775 0,5650865 0,5191746 0,4689365 0,469897 0,4951657 0,4655998 0,4291148 0,4169329 0,4263336 0,4184654 0,423955 0,4430903 0,4337435 0,4385811 0,4354585 0,4031081 0,3804737 0,384904 0,3822148 0,4047699 0,4076301 0,3939897 0,388765 0,4102022 0,4186527 0,4304695 0,4366921 0,4082948 0,3962486 0,3681075 0,3519166 0,3655534 0,4051969 0,4392201 0,4401127 0,4562702 0,4983168 0,5143199 0,5139208 0,5018268 0,4475177 0,4257352 0,4818061 0,5783465 0,5398347 0,4498821 0,3753018 0,3648624 0,5160787 0,5461568 0,5376178
0,5784559 0,5313592 0,5083803 0,5485462 0,585664 0,5705384 0,5657966 0,5746409 0,5376762 0,4898502 0,4394284 0,4445592 0,4809658 0,5068748 0,4431567 0,4257693 0,44007 0,4566026 0,4663688 0,4703098 0,433405 0,4015743 0,4166503 0,4546214 0,4391086 0,3772534 0,3527781 0,3714624 0,41159 0,4147298 0,4090014 0,4118006 0,4226002 0,4184286 0,4182723 0,4318471 0,4101209 0,400695 0,3907944 0,3797501 0,3840707 0,4250534 0,4595529 0,453544 0,4461693 0,4714599 0,5111164 0,5401634 0,5426333 0,5221639 0,5107954 0,5669918 0,6224146 0,5439418 0,3762863 0,3292846 0,309042 0,4896272 0,5924689 0,5822324
0,567894 0,5621848 0,6018817 0,6406563 0,6171223 0,5739008 0,5671324 0,5169412 0,4288755 0,42668 0,4084889 0,4231127 0,4698856 0,4896258 0,4593511 0,4523059 0,4515009 0,4383633 0,4610256 0,4786161 0,422881 0,3562708 0,3764927 0,4343757 0,4401361 0,3870082 0,3993389 0,3847035 0,3802629 0,4101849 0,4320629 0,4365529 0,4138841 0,3771684 0,3668953 0,4066481 0,4332236 0,4416727 0,4385671 0,4288262 0,4242301 0,4205539 0,4421251 0,472337 0,4917809 0,5005862 0,5079558 0,5158193 0,5283391 0,53356 0,5246797 0,5795516 0,6028538 0,555034 0,4236431 0,2189345 0,2816623 0,4544135 0,6246691 0,6210516
0,5314829 0,5675355 0,5854265 0,5923913 0,5530896 0,5202007 0,5090756 0,4716398 0,4009685 0,4167268 0,4506795 0,4587129 0,4265214 0,4017584 0,460712 0,5172886 0,4833017 0,4325332 0,4387127 0,454135 0,4323494 0,3865682 0,3754135 0,3945294 0,4234478 0,4146807 0,4045787 0,3811341 0,3744307 0,4176921 0,4226343 0,4244103 0,4114212 0,3782712 0,3711893 0,3982338 0,421631 0,4334902 0,4341215 0,4341412 0,4420799 0,4180003 0,4297 0,4747982 0,484322 0,5070326 0,5020289 0,4845112 0,4957775 0,4704028 0,4488942 0,5136493 0,5564833 0,5511016 0,4798214 0,2151383 0,2604202 0,3644753 0,5610808 0,6465031
0,520888 0,5525591 0,5553793 0,5290749 0,4870344 0,4589326 0,4323211 0,4318326 0,4232066 0,4462447 0,4823785 0,4765061 0,4256485 0,3919815 0,4509125 0,5251456 0,5030511 0,4857555 0,4691467 0,4396262 0,4358634 0,4248138 0,4039406 0,3956926 0,4017465 0,3829826 0,3692172 0,4126204 0,4156375 0,4063363 0,3980052 0,4100341 0,4074317 0,4055732 0,4057877 0,403275 0,4072848 0,4041322 0,4006695 0,4171592 0,4412292 0,4504209 0,4523728 0,4543201 0,4633313 0,5068589 0,5093012 0,4925026 0,5041254 0,4613626 0,4435521 0,4751813 0,5499789 0,5731251 0,5373361 0,3925405 0,2587482 0,3847909 0,4899805 0,6374061
0,5257533 0,5404146 0,5068291 0,4777225 0,4671013 0,445565 0,4037472 0,4287172 0,4799504 0,5030369 0,4889653 0,4814477 0,4800844 0,4635835 0,4576638 0,4588641 0,466739 0,5064842 0,5068954 0,4485882 0,4151505 0,4089851 0,3965487 0,3940638 0,3973919 0,3828787 0,3813438 0,4214336 0,4292656 0,4206336 0,4247285 0,42328 0,4165255 0,4266104 0,4239897 0,3931283 0,4123472 0,4100071 0,4051396 0,4008391 0,4417595 0,480997 0,4575482 0,448338 0,4636189 0,4873118 0,4910347 0,5166606 0,5394596 0,5010008 0,4952238 0,4821022 0,4909524 0,5524782 0,5677045 0,5201902 0,3194616 0,3281114 0,4397801 0,5970578
0,5140785 0,5256764 0,4576599 0,43282 0,4360671 0,434713 0,4413861 0,4648371 0,4967836 0,511579 0,4970197 0,4758397 0,4811758 0,4955161 0,4798031 0,4593135 0,44428 0,4609383 0,4863685 0,4811521 0,4520361 0,4370789 0,4273704 0,4198329 0,436188 0,442158 0,4272278 0,4330823 0,445904 0,4526833 0,4574325 0,4487481 0,4363428 0,4370986 0,4211577 0,4031075 0,4356597 0,4494507 0,4284617 0,4238349 0,4460803 0,4607756 0,4438082 0,4703689 0,4729382 0,4615519 0,4774891 0,5137632 0,525604 0,5041049 0,5418254 0,5312555 0,4705559 0,4708206 0,4928407 0,4723077 0,3378338 0,137104 0,3905411 0,5933816
0,4991344 0,4704937 0,3881421 0,3578456 0,4200905 0,4546343 0,4641307 0,4636564 0,4799489 0,4858336 0,4798988 0,4585918 0,4634879 0,4956887 0,4989965 0,4804411 0,4549258 0,4421939 0,4741048 0,5017467 0,4914837 0,4714034 0,4648067 0,4417105 0,4554819 0,4736735 0,429452 0,4266422 0,4343845 0,4353551 0,4234647 0,4256989 0,4395109 0,4371368 0,4401294 0,4316505 0,4358421 0,4311015 0,4291973 0,4412527 0,4419427 0,4433527 0,4594341 0,4827029 0,483915 0,4917635 0,5105555 0,5259144 0,4893118 0,5113966 0,5785823 0,5546101 0,500786 0,4614483 0,4398061 0,3924905 0,3404314 0,1561836 0,3081473 0,590486
0,4644356 0,3964706 0,3656001 0,3662262 0,4280679 0,4555396 0,4599871 0,4624557 0,4604362 0,4617787 0,4765145 0,4703605 0,4677551 0,4831513 0,4928611 0,4988926 0,4975669 0,4862664 0,4723287 0,476014 0,4787614 0,4855029 0,4968247 0,4703031 0,4589325 0,444314 0,4100055 0,4315029 0,4158995 0,3978493 0,3949877 0,4057858 0,4376091 0,4387386 0,4471553 0,428779 0,4033772 0,4035819 0,4093814 0,4369518 0,4535519 0,4412437 0,451444 0,4755388 0,4961261 0,5159874 0,5217589 0,5102037 0,4683786 0,5056502 0,5687664 0,5271139 0,484027 0,4993865 0,5224293 0,4857578 0,4230448 0,3078281 0,2248993 0,517289
0,4097506 0,367418 0,381687 0,4020673 0,4261813 0,4519533 0,4696283 0,4845795 0,482807 0,4738241 0,4749444 0,4769356 0,4748473 0,4657524 0,4707007 0,4798462 0,4980078 0,4979661 0,4747983 0,4486113 0,449752 0,4668347 0,4862918 0,4860848 0,471268 0,4488028 0,4324047 0,4525261 0,4331012 0,4283475 0,4323548 0,414877 0,419539 0,4177413 0,429593 0,4336661 0,4191109 0,4321348 0,4173562 0,4440987 0,479641 0,4566616 0,4387445 0,4623777 0,4928242 0,5324726 0,5359969 0,5007879 0,4881345 0,5444669 0,548844 0,4707355 0,4267482 0,489823 0,5547354 0,5503409 0,482783 0,3018182 0,2591863 0,4571553
0,3715068 0,3798171 0,4075524 0,4221656 0,4461467 0,4734274 0,4822218 0,4806194 0,5002597 0,5171677 0,4939211 0,450749 0,4361418 0,4413993 0,4602387 0,492518 0,4901528 0,4650562 0,4732064 0,4749525 0,4613257 0,44744 0,4523011 0,472032 0,4918871 0,5026772 0,494083 0,4817977 0,4534602 0,4609634 0,4527168 0,4289164 0,4297755 0,4181184 0,4201619 0,451901 0,4613895 0,4737077 0,4510716 0,4447458 0,4790654 0,4903414 0,4750119 0,4588357 0,4737065 0,524282 0,5375029 0,5128819 0,5197814 0,5526524 0,4999879 0,4434925 0,4275261 0,4453178 0,5083195 0,5334364 0,5384104 0,408787 0,3165588 0,4146587
0,3769093 0,4176168 0,4221287 0,4160877 0,4356208 0,4641346 0,4555466 0,4162779 0,4264089 0,4913896 0,4997732 0,4444121 0,4209424 0,4098985 0,4247204 0,4904515 0,516106 0,4749935 0,4748772 0,4915208 0,4811703 0,4649972 0,4662579 0,4515369 0,4819706 0,536966 0,5413823 0,5100597 0,4783078 0,4887819 0,4651253 0,4523693 0,4699467 0,4389952 0,4122798 0,4279119 0,4320261 0,4855579 0,4912899 0,46448 0,4517981 0,4754152 0,4867731 0,4654183 0,4753029 0,4992282 0,4913762 0,4912743 0,5029647 0,5147796 0,4807925 0,4751623 0,4734642 0,4489479 0,4985227 0,5218658 0,5419986 0,5304883 0,3393947 0,4046913
0,4182661 0,4555383 0,4262869 0,392146 0,4008248 0,4242069 0,4501393 0,4428563 0,4324614 0,4645096 0,4967904 0,4938471 0,4706392 0,4498212 0,4445105 0,4890334 0,5344723 0,5275429 0,4932739 0,5034759 0,4962887 0,4998233 0,5195892 0,4734378 0,462954 0,4969812 0,4962466 0,5105047 0,5245308 0,5262236 0,4711165 0,4572264 0,4757293 0,443365 0,4309807 0,427689 0,405951 0,4779419 0,5209491 0,4929223 0,4556348 0,4821313 0,5020521 0,490376 0,5371885 0,5451177 0,5053468 0,4885252 0,4761506 0,4953699 0,5038241 0,5056095 0,5049934 0,4911219 0,4835412 0,4891329 0,5089393 0,5510871 0,3949817 0,3290181
0,4432011 0,4537156 0,4216614 0,403626 0,3903749 0,3964877 0,3997205 0,4237367 0,4283017 0,4432752 0,4441569 0,4838022 0,5229893 0,5144495 0,481959 0,4607732 0,4556074 0,4824418 0,4989302 0,5070129 0,4901443 0,4659826 0,4825873 0,5028626 0,4973986 0,4597236 0,4349253 0,4910105 0,5426649 0,5404474 0,5048215 0,4885511 0,4716244 0,4569736 0,4683117 0,4772648 0,4628781 0,4807905 0,4794783 0,4911186 0,5075682 0,5094262 0,4943075 0,4876208 0,5403494 0,555151 0,5423791 0,5257668 0,4829781 0,4423437 0,4635573 0,4822838 0,4816537 0,4911385 0,4788735 0,4848171 0,504476 0,5195645 0,4876302 0,3181502
0,4617482 0,4451264 0,4218939 0,4199962 0,4049274 0,400939 0,3811495 0,4089702 0,4250008 0,4205384 0,4387896 0,4799796 0,5258636 0,5199254 0,4784418 0,4426965 0,4342189 0,4579397 0,4586756 0,4626311 0,4815313 0,4689021 0,4760683 0,525174 0,5336741 0,5004837 0,4787108 0,5163622 0,5237709 0,5219598 0,5352318 0,5276533 0,4901891 0,4732108 0,4757874 0,4884883 0,4965337 0,4904709 0,4587246 0,4741084 0,5253745 0,5190086 0,4863005 0,4627731 0,4825469 0,5203137 0,5536424 0,5611475 0,5039585 0,4319969 0,432104 0,4664291 0,4663723 0,4965845 0,4975964 0,5036215 0,5434188 0,5645981 0,5950502 0,4379356
0,4619831 0,4403843 0,4251228 0,4275967 0,4233049 0,4512456 0,4354298 0,4345243 0,4304798 0,4086676 0,4273392 0,4589233 0,4713528 0,4898102 0,4830072 0,4891001 0,4860579 0,4698119 0,4321884 0,427323 0,4589527 0,4782946 0,4916755 0,5050437 0,5099632 0,5007651 0,5165047 0,5383075 0,5090906 0,4633293 0,4895009 0,5343012 0,5390078 0,488798 0,464609 0,4852707 0,4691072 0,4780443 0,4796736 0,4546903 0,4737906 0,5062021 0,5405483 0,5131964 0,5001746 0,5224906 0,5219627 0,5167999 0,5189084 0,5124938 0,4827184 0,476307 0,459997 0,4708799 0,5032628 0,5395192 0,5924874 0,5758048 0,5158865 0,4044725
