test/net/g2lab/icchange/view/profile/rastert_0503-dndvi.txt
ncols         181
nrows         165
xllcorner     528275,50307841
yllcorner     5934871,8476051
cellsize      5
NODATA_value  -9999
[rows 52 to 77 of 165, columns 60 to 119 of 181]
0,4928709 0,5152887 0,5501992 0,5648752 0,5734665 0,5449473 0,5348693 0,5385578 0,4942382 0,5366647 0,5481479 0,4848319 0,4485822 0,4745448 0,473225 0,5187196 0,5266503 0,4789852 0,5020774 0,5007765 0,5282629 0,5628127 0,5476015 0,5491568 0,5539133 0,5341779 0,5189254 0,4923557 0,4527096 0,4368229 0,4491725 0,4543594 0,4564284 0,460379 0,4346569 0,4175645 0,4481653 0,4602019 0,4680247 0,4646891 0,448061 0,4608591 0,4633173 0,4208238 0,446465 0,4549317 0,4322046 0,4452778 0,4655474 0,4610455 0,4420026 0,4173299 0,4085523 0,4274415 0,4427885 0,4320953 0,4675833 0,5302269 0,5380726 0,5461924
0,4704421 0,4849849 0,4801458 0,4746227 0,4831836 0,4684386 0,4659534 0,4448415 0,4257293 0,4258228 0,4637223 0,4511048 0,4431292 0,4543812 0,4410696 0,4486678 0,4396257 0,4150534 0,4358529 0,4373311 0,4515709 0,4980122 0,5264323 0,5288254 0,5473801 0,5329916 0,5063757 0,4831578 0,4582857 0,4508525 0,4721105 0,46554 0,4733135 0,4860919 0,4612532 0,4689512 0,484396 0,4594277 0,4655928 0,4885865 0,4877451 0,4694201 0,4599645 0,4438166 0,4567542 0,4639461 0,4275879 0,4133849 0,4852229 0,4760112 0,4217522 0,4021859 0,3956648 0,4210918 0,460976 0,4764109 0,4777556 0,4972973 0,4852872 0,5004216
0,4146003 0,404784 0,3975569 0,3581895 0,3738928 0,4037507 0,4178497 0,4236162 0,428771 0,4194148 0,4399621 0,4435647 0,464236 0,4938291 0,4573426 0,4527518 0,4343239 0,4228982 0,4605189 0,4853595 0,4609312 0,467673 0,4909408 0,4983993 0,5254357 0,5316612 0,5077961 0,4893806 0,5015479 0,5001401 0,4947247 0,4764354 0,4782922 0,4834657 0,4619079 0,4827871 0,4925044 0,4778886 0,4923459 0,4880544 0,489608 0,5042529 0,4865356 0,4844275 0,4751795 0,4561931 0,4653311 0,4766124 0,5179462 0,4793008 0,4347608 0,4410886 0,4579117 0,4791463 0,4913576 0,5124471 0,5025045 0,4992121 0,5131446 0,5195754
0,3668439 0,3671765 0,3978294 0,3911381 0,3788564 0,4080696 0,4587131 0,4622142 0,4705777 0,4714625 0,4793471 0,4715636 0,4910742 0,5447949 0,5000159 0,4317946 0,4490228 0,4674237 0,4836214 0,5231514 0,4820224 0,4482477 0,4899919 0,4875891 0,4936439 0,521344 0,5231084 0,508265 0,510328 0,4920732 0,472402 0,4652985 0,4671431 0,4672465 0,4534786 0,4594192 0,4636999 0,4841389 0,5027115 0,4786597 0,4778507 0,4877066 0,4771228 0,4620168 0,4630842 0,4625816 0,458459 0,491999 0,5204472 0,5011418 0,4870706 0,4966385 0,4988077 0,497198 0,4837708 0,4943759 0,5104764 0,5231982 0,5269208 0,5096084
0,4115835 0,4078947 0,3969134 0,3970537 0,4008613 0,4262223 0,462789 0,4417097 0,434232 0,4713671 0,511342 0,5166589 0,4986445 0,5353554 0,5166972 0,4536635 0,4892791 0,4964643 0,4447474 0,5084124 0,478584 0,4656371 0,5068103 0,4905727 0,4582041 0,4749378 0,4921141 0,4856852 0,4765648 0,4589152 0,438031 0,4215334 0,4286676 0,4278522 0,4285951 0,4297765 0,4193326 0,4402278 0,4526302 0,4483907 0,4301531 0,4205272 0,4466355 0,42762 0,459143 0,4765885 0,4307898 0,4551651 0,4929573 0,4924396 0,4891942 0,4999335 0,4842133 0,4480224 0,4524009 0,4767236 0,4906443 0,5247012 0,5198061 0,5082824
0,5012397 0,4721309 0,454706 0,4509112 0,463391 0,4681061 0,463707 0,4477443 0,4578589 0,4709866 0,4997756 0,5345224 0,5185273 0,5063761 0,5249714 0,5364217 0,5326235 0,5107551 0,4725504 0,4888257 0,4759107 0,4819683 0,4821348 0,4744135 0,4549651 0,444512 0,4467266 0,4559666 0,4434832 0,4244281 0,4018412 0,3932381 0,4045109 0,4010471 0,408237 0,4166785 0,4078813 0,4109085 0,4197711 0,3950911 0,3727393 0,3809739 0,4220886 0,4190216 0,4465817 0,4644808 0,4183549 0,4195553 0,4720298 0,4815249 0,4765286 0,4796995 0,4523573 0,4354314 0,4434106 0,480466 0,4902543 0,493845 0,5212491 0,523515
0,5071443 0,4764951 0,4701416 0,4765139 0,4873462 0,4751 0,453148 0,4661726 0,4726686 0,4571896 0,475789 0,5215314 0,5334668 0,4987612 0,5349528 0,5723469 0,5462408 0,5321758 0,5128155 0,4757771 0,442765 0,4507959 0,4380641 0,4722169 0,4758008 0,4433387 0,428203 0,452018 0,4397088 0,4066792 0,3899305 0,3964851 0,3957111 0,4012827 0,4173722 0,4260095 0,4134185 0,4129315 0,3910033 0,3797433 0,3794576 0,3803139 0,4058887 0,4204441 0,4374734 0,4693338 0,4420292 0,4343295 0,4769791 0,4871811 0,4883143 0,4750258 0,4335261 0,4458164 0,4878539 0,5154256 0,5131278 0,482156 0,4919394 0,5061747
0,4833111 0,4673219 0,4605973 0,4567294 0,4640287 0,4782147 0,4589367 0,4531685 0,4463947 0,4501886 0,4717746 0,4801982 0,4871473 0,4943074 0,5118339 0,5052491 0,4935076 0,5045118 0,5165414 0,4784957 0,4324649 0,4450997 0,4328296 0,4582802 0,4664781 0,445538 0,428718 0,4575531 0,4584653 0,4120003 0,4106025 0,4639502 0,4298535 0,4128301 0,4340193 0,4412261 0,4573122 0,466772 0,4299406 0,4388154 0,4506679 0,4229926 0,434289 0,4569083 0,4804154 0,4961742 0,4605429 0,4579473 0,4911631 0,5090276 0,5108953 0,5011092 0,4774561 0,5051042 0,5278817 0,5058458 0,5111492 0,5229252 0,5300595 0,5522934
0,4854749 0,4873912 0,4699635 0,4584245 0,4571276 0,482095 0,4759325 0,4583229 0,4347999 0,4495881 0,4707373 0,460073 0,4644058 0,4834735 0,4977325 0,4699656 0,4539054 0,4695537 0,4986698 0,5004559 0,4784571 0,4863521 0,4461694 0,4439842 0,4552811 0,4405493 0,4267744 0,4415696 0,4600856 0,4355579 0,4423029 0,4790317 0,4075396 0,4086738 0,4614002 0,4743104 0,4613722 0,449044 0,446997 0,4634491 0,4541532 0,4219826 0,4350763 0,4776122 0,497741 0,4781584 0,438809 0,4306674 0,4697948 0,5021607 0,4902425 0,4893236 0,5033492 0,5214988 0,5019451 0,4773542 0,5024349 0,5193318 0,5519009 0,6055241
0,4841067 0,4871025 0,4891843 0,4761384 0,4597929 0,4636256 0,4660301 0,477934 0,4727387 0,4762905 0,4837127 0,4634562 0,4561802 0,4651371 0,4870074 0,495863 0,4694136 0,451548 0,4903283 0,5179465 0,5125136 0,4872298 0,4421689 0,4687748 0,4886813 0,4610918 0,4281093 0,4208029 0,424292 0,4220944 0,4188429 0,4026375 0,3631992 0,4055791 0,4524633 0,442945 0,4302745 0,4013346 0,4127658 0,4277507 0,4536792 0,4349352 0,447351 0,4885367 0,4831121 0,447483 0,3973468 0,3757422 0,3952971 0,409826 0,3996999 0,4184612 0,4344209 0,4381793 0,4106104 0,3999372 0,4137874 0,4286535 0,4553468 0,5227048
0,4903544 0,4950554 0,4941863 0,4781379 0,4662285 0,4689895 0,4709027 0,4968343 0,481904 0,4594216 0,4480881 0,4441212 0,4652269 0,4697707 0,474656 0,5074512 0,4910651 0,4596756 0,4809112 0,4968351 0,4892467 0,4513449 0,4281803 0,4684705 0,465413 0,4471555 0,4203546 0,3935631 0,3817703 0,3843997 0,3850867 0,4063302 0,41454 0,4229826 0,4109005 0,4174086 0,4544041 0,423729 0,4054786 0,4217039 0,4613487 0,4331999 0,4406578 0,4976438 0,4659934 0,4177227 0,3643839 0,3497005 0,3353851 0,3349414 0,3463083 0,3723312 0,381667 0,3637464 0,351419 0,3661534 0,3728841 0,3953874 0,3928135 0,4446442
0,4712085 0,4711379 0,4684156 0,4728614 0,4660109 0,4576164 0,4623032 0,4807932 0,4619672 0,4314619 0,4063095 0,4416922 0,4973462 0,5069627 0,4771748 0,5087882 0,5244803 0,4627365 0,4657681 0,4806499 0,4810161 0,4501259 0,4302408 0,4268553 0,4012654 0,42335 0,4136151 0,3827948 0,3760257 0,3821538 0,3858891 0,416166 0,4386633 0,4257594 0,4039887 0,412003 0,4543334 0,4512324 0,4517021 0,464452 0,4716865 0,4597104 0,4850237 0,5165261 0,4708869 0,4317103 0,3962486 0,3724543 0,3406627 0,3482648 0,3670128 0,3825266 0,3819098 0,3816607 0,3965502 0,4072806 0,3875509 0,4000101 0,393301 0,4496762
0,4495169 0,4328372 0,4312783 0,4447366 0,432888 0,4311551 0,4451388 0,4512549 0,4469196 0,4458213 0,4455648 0,4671729 0,5085292 0,5329008 0,5132258 0,5495316 0,5449092 0,4596934 0,4591001 0,4718472 0,4823071 0,4630066 0,441981 0,4191342 0,3912279 0,4142548 0,4282176 0,4133154 0,4103073 0,4213439 0,4413746 0,4337929 0,4286888 0,4194266 0,4329827 0,4605824 0,4846868 0,4994807 0,519558 0,5239301 0,5179066 0,5235515 0,5253837 0,5153283 0,4833975 0,4431063 0,4306691 0,4058555 0,3901383 0,4041148 0,4000394 0,4148191 0,4234678 0,4493462 0,4626151 0,4440564 0,3947254 0,3717875 0,4033753 0,4591982
0,4764308 0,4474346 0,4326187 0,4441208 0,4382629 0,4501068 0,4822654 0,4865186 0,4737567 0,4873914 0,4906566 0,4591992 0,465677 0,5094125 0,5267577 0,538591 0,5390979 0,5034919 0,5023429 0,4871522 0,4625581 0,4473113 0,4523623 0,4407128 0,4263266 0,4328792 0,4325393 0,427936 0,423188 0,4615734 0,4703589 0,4421902 0,4393613 0,443411 0,4582011 0,4734366 0,4453773 0,4373235 0,4741959 0,4896438 0,4732615 0,4677317 0,4515852 0,4413081 0,4162931 0,4044538 0,4253834 0,4182219 0,416556 0,4323691 0,4409189 0,4469231 0,4497496 0,460603 0,4408545 0,4166045 0,4030126 0,369822 0,3930604 0,4403648
0,4460314 0,4403476 0,4285725 0,4513855 0,4571505 0,4388261 0,4153199 0,4069648 0,4229537 0,4486125 0,450445 0,4348345 0,4204935 0,4310933 0,4411055 0,4272463 0,4256609 0,4396723 0,4554936 0,4560566 0,4005656 0,3781044 0,4015572 0,4144027 0,3948312 0,3971489 0,3976589 0,3737257 0,3495913 0,3718912 0,3836586 0,3759254 0,3687074 0,3513662 0,3586412 0,3670073 0,3283833 0,2979506 0,3293492 0,3623257 0,3307654 0,3387111 0,3521243 0,349303 0,3445691 0,3592318 0,3877922 0,414821 0,4008622 0,3960321 0,4114214 0,4193278 0,4209505 0,4202914 0,3999125 0,4035234 0,4166809 0,3843359 0,3781089 0,4057013
0,3646008 0,3773091 0,3714749 0,3701434 0,3683634 0,3463318 0,3187626 0,3181092 0,3468534 0,3789071 0,3581142 0,3620799 0,3705608 0,3487362 0,3365973 0,3153695 0,3241576 0,3422507 0,3638237 0,3798113 0,3387237 0,3194068 0,3373834 0,3432162 0,3098406 0,3012765 0,3478105 0,3515697 0,2946427 0,2797632 0,3188467 0,3142143 0,2986459 0,2977018 0,3296737 0,3274153 0,2762266 0,2649215 0,2880679 0,314759 0,3044745 0,3431683 0,3476503 0,3114453 0,3176363 0,3396487 0,3641486 0,3887413 0,3804721 0,3769161 0,378512 0,3758886 0,3879768 0,3953358 0,3825474 0,4026033 0,4030207 0,3875737 0,3880501 0,4124372
0,3423411 0,3351179 0,3357527 0,3232993 0,322066 0,3301254 0,3420388 0,3661624 0,3830493 0,381883 0,3435039 0,3366082 0,3618021 0,3762037 0,3779108 0,3584236 0,3599027 0,3692268 0,3624563 0,3514297 0,3356867 0,343412 0,3482331 0,3533202 0,3635408 0,3349796 0,3477916 0,3612253 0,3271863 0,299376 0,3480762 0,3268666 0,3336514 0,3681352 0,3766734 0,3549919 0,3313461 0,3364981 0,3234232 0,3213967 0,3504775 0,4010263 0,3863289 0,3508174 0,3499765 0,3629406 0,3790673 0,3948462 0,4057051 0,4278141 0,4215159 0,3913907 0,3791394 0,4020517 0,3937316 0,4055352 0,3935082 0,359812 0,362221 0,4315786
0,3893264 0,3589238 0,3549352 0,3475319 0,3417042 0,3527348 0,3461366 0,373963 0,3880351 0,392749 0,4162207 0,4145381 0,4132649 0,4303621 0,4385907 0,4288802 0,4013762 0,3851747 0,380629 0,3919229 0,3884146 0,3801094 0,3662392 0,36388 0,3928564 0,3533155 0,3302839 0,3603438 0,359344 0,3393288 0,3511825 0,3522063 0,3831857 0,3995601 0,3789576 0,3907205 0,3969071 0,3851044 0,3508942 0,3308291 0,3601955 0,4132654 0,3955913 0,3741184 0,3861796 0,4123042 0,4248916 0,4110573 0,4029554 0,4205651 0,4193625 0,4023827 0,3849945 0,408117 0,4262648 0,4279795 0,4015473 0,3258426 0,342566 0,4435078
0,3767757 0,355911 0,3529528 0,3569115 0,3562956 0,36057 0,3725672 0,4095784 0,403474 0,3984772 0,4316256 0,440606 0,4387249 0,4267081 0,4211078 0,4301902 0,419564 0,3952487 0,3815685 0,4072451 0,4077466 0,3922661 0,3976694 0,4049323 0,3917661 0,3529227 0,3120651 0,3436008 0,3776625 0,3675404 0,3321968 0,3417765 0,3918581 0,3937022 0,3694702 0,3964554 0,3765626 0,3506472 0,347032 0,3080869 0,343324 0,4000706 0,4016855 0,4064443 0,404943 0,4076106 0,4144988 0,3911667 0,3638656 0,3732745 0,3941432 0,4002913 0,4058029 0,4351493 0,4554826 0,4357191 0,417688 0,3762899 0,3920627 0,450529
0,3675571 0,3394701 0,3335107 0,3402068 0,346988 0,3567357 0,3901534 0,4326622 0,4289537 0,4091136 0,4071157 0,3919145 0,4036052 0,4135693 0,405688 0,4050438 0,395741 0,3792911 0,3542031 0,3548053 0,3706102 0,372785 0,3824421 0,3932329 0,4090571 0,387741 0,3189069 0,3132841 0,3458337 0,3464186 0,3482501 0,3597243 0,3598559 0,3407896 0,3523179 0,3822415 0,3617254 0,340895 0,3368038 0,3119528 0,3539204 0,3730942 0,3715135 0,3975527 0,3932471 0,382596 0,3758559 0,3592634 0,3486564 0,3725918 0,3886071 0,3985531 0,4106157 0,411337 0,4251921 0,4323567 0,4097973 0,3919704 0,4024855 0,4296991
0,3692727 0,3606738 0,3543066 0,3607366 0,3682498 0,3668853 0,3844651 0,4085367 0,4145096 0,4240944 0,3982848 0,3587577 0,387906 0,414987 0,4039621 0,3790854 0,3636288 0,3633928 0,3402813 0,3333763 0,3602904 0,3514338 0,3293541 0,3392295 0,3992524 0,397201 0,3316954 0,3333306 0,3622437 0,3619776 0,3787174 0,3904987 0,373973 0,3494242 0,3578906 0,3867095 0,3821229 0,3643174 0,3577863 0,3737466 0,3928155 0,3594875 0,3372233 0,3626923 0,3778252 0,3798196 0,3489729 0,3350665 0,3479851 0,3823977 0,3993618 0,3830504 0,3905826 0,3889524 0,407989 0,4185128 0,3978428 0,4004519 0,3870939 0,4168645
0,3497432 0,3619775 0,3566938 0,3552347 0,3699209 0,388264 0,3954563 0,3747627 0,3678042 0,3979078 0,3977914 0,3550025 0,3497794 0,3737521 0,3804769 0,3672413 0,3653923 0,3877387 0,3482259 0,3290536 0,3673961 0,3465202 0,3168142 0,3294745 0,3663376 0,3567733 0,3356054 0,3566446 0,3815405 0,3848364 0,3955421 0,3933054 0,3762214 0,3685131 0,3641951 0,3821542 0,398982 0,3995089 0,366945 0,3687983 0,3823174 0,3528835 0,3449491 0,3374672 0,3342673 0,3598213 0,3508427 0,3298663 0,3374538 0,3666661 0,3847279 0,4041867 0,4350474 0,4499431 0,4337659 0,4261992 0,4335931 0,4398704 0,3894091 0,4142882
0,3907264 0,4141277 0,3944507 0,3576895 0,3470502 0,3829583 0,4104055 0,3920573 0,3639333 0,36164 0,3524613 0,3472926 0,3515282 0,3584522 0,3662288 0,3676754 0,3579209 0,3645276 0,3290464 0,3296175 0,362103 0,3267176 0,3103025 0,3243987 0,3289869 0,3338207 0,3280141 0,3224583 0,3546558 0,3826905 0,3981479 0,4004139 0,4159413 0,4329943 0,4007728 0,3620839 0,3807118 0,3943703 0,3512996 0,3417874 0,3464575 0,343749 0,3517262 0,3513213 0,3396061 0,3769302 0,3870291 0,3626996 0,3698706 0,4066349 0,4254845 0,4653546 0,4944721 0,5157073 0,5069175 0,4748799 0,4708717 0,4730974 0,4159284 0,4209201
0,4412452 0,4345897 0,4300848 0,4214818 0,4212478 0,4276262 0,4338317 0,4314873 0,4190493 0,4231951 0,4244483 0,4159989 0,3981722 0,3745238 0,3648332 0,3667572 0,3856985 0,3755073 0,3343242 0,3321034 0,3581675 0,3494928 0,3590378 0,3504473 0,347045 0,3510615 0,3385313 0,3359232 0,3848334 0,4234605 0,4562831 0,5204692 0,5618892 0,5490347 0,50055 0,4171754 0,3715615 0,3688463 0,3403773 0,3390208 0,3370129 0,3349458 0,3528725 0,3931714 0,3846769 0,3889292 0,4128324 0,4365079 0,4782299 0,5165855 0,4819495 0,4800116 0,517626 0,5758322 0,590305 0,5229402 0,4936591 0,5217718 0,4420373 0,3940026
0,4072224 0,4085353 0,4345533 0,4369388 0,4417338 0,4329505 0,4056807 0,3998509 0,4033974 0,4269686 0,4275259 0,4203156 0,4078602 0,4074134 0,4204815 0,4268339 0,4330771 0,442856 0,410726 0,4026606 0,4123245 0,4273944 0,427349 0,4012924 0,4189023 0,4369192 0,4267827 0,4239732 0,4286987 0,4875601 0,5367059 0,6024548 0,6085665 0,5798156 0,5456538 0,4757814 0,4099959 0,386639 0,3727106 0,378058 0,3769319 0,3516075 0,3610508 0,4111316 0,41139 0,3769826 0,3972987 0,4704292 0,5111582 0,5263984 0,4889173 0,4710785 0,4691502 0,5042517 0,5387467 0,529081 0,5198415 0,4723389 0,4172785 0,3714902
0,3775795 0,3732954 0,3770952 0,3932903 0,4031639 0,3825516 0,3505071 0,3408177 0,3561665 0,3697561 0,3363147 0,3257541 0,3368634 0,369532 0,3934911 0,4017165 0,3940426 0,4285252 0,4435352 0,4271852 0,4288201 0,428466 0,4432764 0,4494582 0,4565507 0,4794313 0,4966891 0,4899616 0,4619083 0,4777026 0,4808701 0,4753114 0,4839751 0,4881338 0,4784926 0,4883854 0,4916278 0,4603227 0,4413869 0,4348456 0,4289402 0,3915929 0,3983977 0,4410034 0,4428292 0,4020058 0,4261501 0,4819811 0,4670048 0,4499596 0,3831947 0,3847349 0,3799132 0,3749309 0,4068361 0,4486567 0,4522368 0,3865379 0,3924797 0,4165881
