test/net/g2lab/icchange/view/profile/rastert_0503-dndvi.txt
ncols         181
nrows         165
xllcorner     528275,50307841
yllcorner     5934871,8476051
cellsize      5
NODATA_value  -9999
[rows 104 to 129 of 165, columns 0 to 59 of 181]
0,4154626 0,4217117 0,4531882 0,4346491 0,401485 0,434071 0,4850356 0,4923166 0,4888751 0,5048116 0,4629061 0,344565 0,2547929 0,2522579 0,3971801 0,4932608 0,4521814 0,4003662 0,4274978 0,4632713 0,4394009 0,4381188 0,4248589 0,4343866 0,4367309 0,3950239 0,3450817 0,3578891 0,3790755 0,4120573 0,4678699 0,461124 0,4082955 0,4200384 0,447551 0,4678829 0,4757183 0,501561 0,4555617 0,401555 0,3979551 0,4018331 0,4321261 0,4410779 0,4194635 0,4156603 0,4347951 0,4537186 0,4466532 0,4270478 0,4144603 0,4047903 0,4537427 0,4519112 0,3870197 0,3782737 0,3869162 0,3752577 0,3887222 0,4084765
0,4305407 0,4246114 0,4302711 0,4220908 0,399469 0,4161032 0,446137 0,4475408 0,4238773 0,4262995 0,3810388 0,2733087 0,2287739 0,2704904 0,3850834 0,4676855 0,4578819 0,4131518 0,4135259 0,4256124 0,3949349 0,3940428 0,4091758 0,4166983 0,4251304 0,3902394 0,3334858 0,3520309 0,3821188 0,4047417 0,426449 0,430339 0,4238361 0,454406 0,4731204 0,4824756 0,4665526 0,4618216 0,4579696 0,4464616 0,437462 0,4154097 0,4280425 0,4675202 0,4773591 0,4701264 0,4551558 0,4457338 0,4529326 0,4489566 0,4378558 0,4234574 0,4467585 0,4484811 0,3912708 0,3925379 0,3996194 0,4033983 0,4094279 0,4214419
0,3557411 0,3373947 0,3418294 0,3625385 0,3568303 0,3580049 0,3615054 0,3360937 0,3137466 0,3126482 0,2627394 0,1824019 0,2012656 0,2689792 0,3200698 0,3796742 0,3778947 0,3258637 0,3179777 0,3163767 0,3047768 0,2964287 0,283186 0,2840863 0,3193556 0,324548 0,2793804 0,2662019 0,2844769 0,28314 0,280518 0,3150279 0,3253358 0,334195 0,3524184 0,3747673 0,3684627 0,3639902 0,3731679 0,3887568 0,3934114 0,3686664 0,3528564 0,3717515 0,3928851 0,4062545 0,3791718 0,3369991 0,3534539 0,3683161 0,3332532 0,2934611 0,3122231 0,3363073 0,3251093 0,33721 0,3572203 0,3468194 0,3377864 0,3497294
0,2658708 0,2728321 0,2899022 0,3172566 0,3147881 0,3191073 0,2985224 0,2727978 0,2818888 0,2640687 0,1793619 0,1462528 0,2064297 0,236335 0,2334237 0,2775135 0,3074875 0,2632717 0,2458651 0,2443693 0,2312114 0,2257877 0,2197261 0,2015264 0,2372838 0,2730072 0,2363325 0,1929394 0,1849336 0,1600069 0,1784039 0,2249321 0,2039632 0,1971588 0,2079823 0,2269427 0,2406021 0,2475571 0,2553493 0,260501 0,2463941 0,2340544 0,2558339 0,2639505 0,2561337 0,2598583 0,2645001 0,2572097 0,2561427 0,2479725 0,2134799 0,1814273 0,210809 0,2464419 0,2468719 0,2683073 0,2939245 0,2931688 0,2729574 0,2565073
0,2614022 0,2702161 0,2752284 0,2955439 0,3166656 0,3401611 0,3164414 0,2787085 0,2878767 0,2523077 0,1887745 0,2025616 0,2395079 0,2172598 0,1973589 0,2297146 0,2846785 0,2825254 0,2505437 0,2252235 0,2129277 0,2306905 0,2519757 0,2449273 0,2272795 0,2234296 0,2106567 0,1814886 0,1541043 0,1270701 0,1486737 0,1701076 0,1488823 0,1792513 0,1887619 0,166792 0,1876763 0,2174685 0,2240223 0,2257448 0,2056519 0,1830273 0,2033092 0,2145069 0,2136694 0,211533 0,2088268 0,2174676 0,2202674 0,2205273 0,229906 0,206593 0,2020558 0,2286829 0,2370908 0,2642955 0,273683 0,2596949 0,2358681 0,2260681
0,2716193 0,2794417 0,2805447 0,2978234 0,3136647 0,3205113 0,3257942 0,296266 0,2655371 0,2397708 0,2356873 0,2524601 0,2557375 0,2117788 0,1925459 0,2164458 0,2577577 0,2683156 0,2630115 0,2514814 0,2454358 0,2520749 0,2719124 0,2764485 0,2360004 0,2268791 0,2310602 0,2117106 0,1761344 0,1480497 0,1668186 0,1583243 0,1469637 0,1647802 0,1829748 0,1877858 0,2103531 0,234998 0,2305278 0,2226188 0,2158585 0,1862351 0,1899897 0,2065843 0,2154749 0,198588 0,1957205 0,2161462 0,2194412 0,2266359 0,2310326 0,2255447 0,2331975 0,2494523 0,2470181 0,2595285 0,2610595 0,2472675 0,2492312 0,2521844
0,2841323 0,2906377 0,3035525 0,3180591 0,3007635 0,2971131 0,3106868 0,2839904 0,2346642 0,2232384 0,247925 0,2604038 0,2520994 0,2287922 0,208511 0,2373131 0,2742894 0,2730836 0,2904581 0,2933309 0,2688843 0,2492156 0,2553743 0,2762385 0,2657323 0,2684741 0,2623224 0,2423956 0,2033838 0,1928369 0,2032804 0,1739073 0,1812528 0,2103262 0,2293572 0,2086353 0,2101083 0,2339323 0,2232942 0,2116805 0,2160996 0,200373 0,1963508 0,2053277 0,2213995 0,23168 0,2202971 0,2128219 0,209231 0,2264893 0,2313066 0,226734 0,2418261 0,2610041 0,2722726 0,2781372 0,2671424 0,2487796 0,2493392 0,2564536
0,2876158 0,301351 0,3194403 0,332227 0,2845362 0,2749422 0,3042762 0,2954326 0,264091 0,2407867 0,2483969 0,2355846 0,2232643 0,2247715 0,222168 0,2434448 0,26889 0,2595933 0,3122766 0,3167046 0,2571234 0,2275939 0,2248538 0,2621234 0,2830352 0,3018441 0,2939894 0,2521734 0,2066832 0,2196917 0,2400118 0,2139674 0,2192176 0,2571904 0,2473431 0,1910304 0,1886212 0,2140044 0,2167488 0,2032231 0,2099044 0,2267829 0,2356631 0,2162044 0,2293869 0,2659282 0,2428413 0,2104099 0,2085045 0,2318906 0,2292538 0,2263004 0,2399155 0,2645056 0,2709582 0,2656954 0,2596484 0,2571727 0,2531539 0,2529951
0,3071015 0,3034245 0,2992975 0,3006458 0,2923014 0,3160255 0,3285302 0,316484 0,3037235 0,2720322 0,247847 0,2176883 0,2071853 0,2245835 0,2303272 0,2385058 0,2340028 0,2399915 0,304783 0,3023685 0,2441203 0,2316703 0,2322531 0,2436474 0,2640064 0,2943069 0,2819413 0,2348811 0,1989196 0,2098532 0,2409418 0,2438192 0,232064 0,2535866 0,2295668 0,1867811 0,2085345 0,2354769 0,2423479 0,2348552 0,2409374 0,2602475 0,2734098 0,2447698 0,2354615 0,2552365 0,239384 0,2237697 0,2159713 0,2236791 0,2145046 0,2300465 0,2459907 0,2541704 0,2553667 0,2330938 0,2328433 0,2467516 0,237949 0,2392287
0,3288163 0,3159657 0,3011964 0,3018033 0,3279851 0,3579447 0,3360736 0,3117356 0,3091726 0,3021367 0,2804579 0,2500128 0,2264962 0,260424 0,2678728 0,2368829 0,2430326 0,2481207 0,275924 0,2631781 0,2487565 0,2493237 0,245229 0,236967 0,2566436 0,2827795 0,2632526 0,2577532 0,2423179 0,2322573 0,2478456 0,2438905 0,2306473 0,2440893 0,2222949 0,2096002 0,247759 0,2685838 0,2722135 0,2603391 0,2526866 0,2534469 0,2709117 0,2715856 0,2638635 0,252421 0,2423723 0,2366599 0,2075642 0,1930305 0,198413 0,2166399 0,2158771 0,2306556 0,2682741 0,2448806 0,210584 0,2244746 0,2404763 0,2549312
0,3123047 0,3026137 0,315088 0,3379591 0,3327836 0,3208633 0,31328 0,3203702 0,326879 0,3319856 0,3256813 0,3034736 0,2782818 0,2896113 0,2883397 0,2601229 0,2855721 0,2673265 0,2415423 0,2428153 0,2448112 0,2528825 0,2548019 0,2394019 0,2663732 0,3041506 0,2909919 0,2858117 0,2752391 0,2577082 0,258057 0,2316602 0,2162033 0,2261111 0,2159238 0,2186261 0,2399197 0,2484003 0,2404858 0,2312844 0,2305316 0,2267412 0,2296503 0,24277 0,2528903 0,246892 0,2369928 0,2230808 0,1945692 0,1833758 0,1867762 0,1863759 0,1813889 0,1889751 0,2159735 0,2260042 0,1946963 0,2104746 0,2648132 0,2735965
0,3218891 0,3102548 0,3467285 0,3783939 0,3554336 0,3210998 0,3276951 0,355892 0,3671862 0,3619746 0,3455862 0,3262518 0,3063687 0,279907 0,295173 0,307299 0,3001172 0,2736338 0,2509229 0,2520202 0,254891 0,2600763 0,2603087 0,2502778 0,2816186 0,2909875 0,2884669 0,2968518 0,2892371 0,2670883 0,2671264 0,254104 0,2417395 0,2385108 0,2172497 0,2113659 0,2172041 0,2269949 0,2176819 0,2096977 0,2264952 0,2313434 0,1985547 0,1934105 0,2294425 0,2373667 0,2231914 0,2060353 0,1990052 0,2026104 0,188998 0,1841297 0,1923689 0,1923265 0,1969941 0,2174877 0,1920815 0,1806486 0,2235281 0,2385762
0,3290524 0,3156938 0,3524319 0,3775886 0,3418056 0,3323961 0,3542299 0,3833075 0,3601758 0,3458776 0,3498219 0,332717 0,3137381 0,3062454 0,3192834 0,3065258 0,2786231 0,2886604 0,2726212 0,2627396 0,2690928 0,2691094 0,2676998 0,2792816 0,3084392 0,2886195 0,2743992 0,2882305 0,2899689 0,2855437 0,2807247 0,2789501 0,2653213 0,2569458 0,2337166 0,2149794 0,2233686 0,2462926 0,2401142 0,2257991 0,2502178 0,2417912 0,2256982 0,2028801 0,2197702 0,2432915 0,2489593 0,2352527 0,2227508 0,2205538 0,206797 0,1988733 0,2126789 0,2202974 0,2201961 0,2317686 0,2199102 0,2076461 0,2041112 0,2038691
0,3391683 0,3296632 0,3385862 0,3387907 0,3210754 0,3367402 0,349419 0,3667312 0,3482126 0,3398828 0,3637777 0,3591088 0,3435547 0,3350821 0,3277397 0,2862017 0,2713022 0,2956493 0,2930665 0,2881923 0,2889398 0,2834606 0,2803842 0,289448 0,3055246 0,2864864 0,2792885 0,2774489 0,2832773 0,3032968 0,303276 0,2805311 0,2440599 0,238544 0,233879 0,220544 0,2479647 0,2722235 0,2606777 0,2513257 0,2646929 0,2844937 0,2927317 0,2384416 0,213655 0,260191 0,2647035 0,2549476 0,2323275 0,214746 0,2048688 0,2059311 0,2148831 0,226812 0,2284586 0,2430576 0,249135 0,2424037 0,2049638 0,1933352
0,3447478 0,3357363 0,3138648 0,3179143 0,3355179 0,3441345 0,3252755 0,3360233 0,356957 0,3526882 0,3545725 0,365783 0,3667035 0,3486915 0,3327378 0,3052273 0,2870001 0,3065353 0,3150896 0,3039905 0,2976249 0,2957164 0,2918142 0,2936743 0,2980127 0,3012223 0,3177122 0,3189075 0,3054982 0,2953608 0,295956 0,2654668 0,2293353 0,2459671 0,2504721 0,2296433 0,2521404 0,2952422 0,280394 0,2572861 0,2668289 0,3105213 0,2999216 0,2532529 0,2399842 0,2530535 0,2502754 0,2486486 0,2384234 0,2206216 0,2198789 0,2066422 0,1938791 0,2078298 0,2125204 0,2267418 0,2495396 0,2442348 0,2028439 0,1907412
0,322809 0,321233 0,3174102 0,345057 0,3497983 0,3253008 0,3014493 0,3342121 0,3686264 0,3531809 0,3420939 0,3493359 0,3648192 0,3614818 0,3185763 0,2903009 0,301851 0,3166685 0,3286084 0,3162169 0,3088755 0,2986926 0,2860034 0,2921523 0,3150143 0,3088105 0,3023076 0,3124447 0,3203005 0,287609 0,270217 0,2771094 0,2716954 0,2752072 0,2757393 0,235768 0,2429375 0,2722566 0,2652699 0,2552688 0,2576579 0,2855781 0,2773018 0,2496983 0,2460884 0,2377922 0,2505142 0,2470105 0,2352423 0,2300487 0,2278971 0,1944043 0,1809131 0,1851751 0,1856683 0,2300822 0,240502 0,2177458 0,1852164 0,1728574
0,2872055 0,2907644 0,3118345 0,3318065 0,3160372 0,3047053 0,3131509 0,3494589 0,3712608 0,3509398 0,3372811 0,3344119 0,3534504 0,3584535 0,3080083 0,2883701 0,3174956 0,3305046 0,3311706 0,3108054 0,2873911 0,2949888 0,2883922 0,2950206 0,3380287 0,3453989 0,3236146 0,3222455 0,3476869 0,33218 0,301322 0,3147692 0,3103611 0,2845616 0,2661728 0,2309473 0,2326419 0,2379959 0,2432602 0,2662668 0,2774454 0,2921073 0,2655774 0,2384921 0,2410941 0,2356274 0,2413414 0,2413631 0,2300644 0,224976 0,2139814 0,192064 0,1757896 0,1715351 0,1990928 0,2526684 0,2302473 0,1990175 0,18883 0,1780155
0,295945 0,2964751 0,3046302 0,3135266 0,313486 0,3270386 0,3581552 0,3940157 0,3861923 0,3510302 0,3339325 0,3362226 0,3365611 0,3338997 0,3054731 0,2912382 0,3317452 0,3446947 0,3356614 0,3160208 0,3016644 0,3196342 0,3231064 0,3287864 0,3612683 0,3536627 0,354196 0,3561091 0,3685161 0,3091608 0,278125 0,3086841 0,3048631 0,2685972 0,2356313 0,230009 0,2398033 0,2398083 0,2338742 0,24726 0,2871381 0,2957627 0,2742549 0,2532243 0,2539598 0,2399082 0,2240219 0,2274277 0,2309892 0,2258597 0,2136714 0,1931694 0,1816746 0,2061615 0,2309704 0,2406363 0,2091578 0,2012823 0,2073236 0,1967026
0,29525 0,2911971 0,3023333 0,3171948 0,3384606 0,3602588 0,3862042 0,4069977 0,3980697 0,3529093 0,325839 0,3226312 0,3095593 0,3160726 0,307927 0,2959357 0,3309365 0,3371708 0,3325531 0,3450082 0,3517025 0,3420953 0,3321186 0,3289536 0,3427098 0,3370275 0,3337096 0,3306992 0,3306228 0,2925689 0,2689673 0,2946154 0,2829595 0,2305042 0,2260075 0,2621671 0,262669 0,258498 0,2466882 0,260421 0,28369 0,2815367 0,2857868 0,2459678 0,2304139 0,2446622 0,2259648 0,2128818 0,2225624 0,2238469 0,2240632 0,2033504 0,2015975 0,2365777 0,2380492 0,2269071 0,2157386 0,2147592 0,199843 0,1983388
0,2895902 0,2914015 0,3216271 0,3364335 0,3552124 0,3770977 0,361288 0,3689801 0,37329 0,3286206 0,2952223 0,3066301 0,3163974 0,3319289 0,3185357 0,3125 0,3491614 0,3373418 0,3180692 0,3291308 0,3384649 0,3550279 0,3717856 0,3486668 0,3607098 0,3840418 0,3670605 0,3246253 0,3068403 0,3159167 0,2881765 0,3013055 0,3109244 0,2615639 0,2646151 0,2970157 0,2846666 0,2616695 0,2616441 0,2727709 0,2656888 0,28313 0,3060876 0,2532601 0,2233665 0,2510365 0,246225 0,2172753 0,2332557 0,2314033 0,2114686 0,2090826 0,2035156 0,2221569 0,206872 0,2394217 0,2535218 0,225427 0,1944291 0,2032897
0,3098105 0,3162476 0,3210369 0,32632 0,3514011 0,3740715 0,3426479 0,3463068 0,3676235 0,3505602 0,3069497 0,3050955 0,3356862 0,3485494 0,3439664 0,3530984 0,3816626 0,3562473 0,3459612 0,3646617 0,3443292 0,348965 0,3840477 0,3795922 0,3547805 0,353137 0,3564092 0,3340426 0,3102487 0,3175534 0,3183893 0,326933 0,3550087 0,3272282 0,2924311 0,2919476 0,2738853 0,2496236 0,2625079 0,2520459 0,2461859 0,2373882 0,2500543 0,2540267 0,2161686 0,2138255 0,2189969 0,2054085 0,2378726 0,2162602 0,1886444 0,2225868 0,2189133 0,2042906 0,2081124 0,2639216 0,2781605 0,2529366 0,2358795 0,225341
0,3324159 0,3221085 0,321908 0,3389071 0,3584164 0,3584704 0,3338084 0,3237314 0,3627696 0,3903823 0,3517987 0,3140203 0,3142433 0,3281494 0,3375483 0,3534177 0,356941 0,3438242 0,3245904 0,3459078 0,3489699 0,3044949 0,3010763 0,3071679 0,2861747 0,3115605 0,345672 0,3335928 0,3128972 0,3126916 0,3193504 0,3120584 0,349111 0,3364589 0,2898166 0,277173 0,2716327 0,259021 0,2545003 0,2325423 0,223636 0,2134852 0,2108077 0,2411513 0,2166922 0,232105 0,2496832 0,2260024 0,2288542 0,2216839 0,2244838 0,2524198 0,2293155 0,22228 0,2308858 0,2477 0,2560426 0,272001 0,2716855 0,2413446
0,39767 0,3799905 0,3992074 0,4402988 0,4457699 0,4190716 0,4027699 0,37573 0,3608302 0,3812581 0,366919 0,3351759 0,3352469 0,3357415 0,3212574 0,3189732 0,3141779 0,3193278 0,2997999 0,3418005 0,377369 0,3183903 0,3038718 0,3211581 0,3174489 0,3342638 0,3575401 0,3253043 0,2831645 0,2864324 0,2889044 0,3084339 0,3608103 0,3466178 0,2998289 0,2976769 0,3119527 0,2779765 0,2463942 0,2470244 0,268585 0,2730599 0,2341954 0,2275656 0,2274192 0,2531982 0,2807337 0,2625841 0,2468129 0,2514919 0,236456 0,2329732 0,2275311 0,2235407 0,2228169 0,228026 0,2488063 0,2724074 0,2734113 0,2529477
0,4627091 0,467087 0,4646005 0,4645984 0,457064 0,4561323 0,4864617 0,4694391 0,4001428 0,3730966 0,388002 0,4114133 0,4194402 0,3773998 0,3579903 0,3572508 0,3566495 0,3686512 0,3616004 0,3835964 0,4069691 0,3856319 0,3870506 0,4094756 0,3933359 0,3492994 0,340787 0,3196756 0,2944905 0,3072021 0,2929343 0,306624 0,3520729 0,3372061 0,3404001 0,3474821 0,3549965 0,3274637 0,3111714 0,3293915 0,3396355 0,3069695 0,2758104 0,2890272 0,2763991 0,2664048 0,2685427 0,2532657 0,2661298 0,3010553 0,2591177 0,2354014 0,2463262 0,2561137 0,267138 0,2817215 0,2964334 0,2943753 0,3118605 0,3252073
0,468877 0,4794346 0,4574616 0,4279543 0,4081363 0,422443 0,460827 0,4756466 0,4543499 0,4463673 0,4736309 0,5083618 0,4815318 0,4124588 0,4042517 0,427809 0,4408056 0,4359087 0,4065882 0,4212902 0,4357256 0,4340841 0,4339322 0,4167388 0,3743257 0,3432739 0,3637149 0,3660335 0,3575009 0,3608785 0,3602901 0,362676 0,3689275 0,3601853 0,3853732 0,4108079 0,4361002 0,425151 0,4090323 0,4035311 0,3923355 0,3767549 0,3815762 0,3887444 0,3396251 0,3492467 0,3593568 0,3419819 0,3483494 0,3710653 0,3508608 0,340743 0,3527787 0,3783173 0,3832372 0,3693907 0,3742609 0,3832125 0,395762 0,405174
0,4287282 0,4470608 0,4231116 0,3854372 0,3698384 0,4102903 0,437195 0,4715515 0,4874322 0,5075636 0,5208706 0,5279798 0,5162528 0,5111445 0,5137412 0,496859 0,4965035 0,4805422 0,4582566 0,4805326 0,472575 0,4430868 0,437805 0,4258588 0,3954099 0,4014743 0,4283036 0,4136877 0,3984367 0,4139132 0,4449108 0,4619602 0,4384516 0,4170186 0,4304382 0,4705247 0,5134916 0,50868 0,4710859 0,4376322 0,4202046 0,4377781 0,4597028 0,4467219 0,3786553 0,3817153 0,4140266 0,443656 0,4462481 0,4421632 0,4381533 0,4409993 0,4566744 0,4981595 0,499825 0,4631032 0,4549077 0,4794995 0,4842971 0,4700637
