test/net/g2lab/icchange/view/profile/rastert_0503-dndvi.txt
ncols         181
nrows         165
xllcorner     528275,50307841
yllcorner     5934871,8476051
cellsize      5
NODATA_value  -9999
[rows 52 to 77 of 165, columns 0 to 59 of 181]
0,463327 0,4245683 0,4482513 0,4665561 0,4505083 0,4618209 0,4606277 0,4759988 0,4761594 0,4634819 0,4577429 0,4784982 0,5168383 0,6081057 0,578936 0,4865013 0,488598 0,4751428 0,4653732 0,4802846 0,4796853 0,4777599 0,4697284 0,4518307 0,4255027 0,408174 0,4272043 0,4303173 0,4084789 0,4000056 0,4194011 0,4042921 0,406993 0,4462872 0,4706434 0,469946 0,4453861 0,4383785 0,4624184 0,4711145 0,4657809 0,4557397 0,4358892 0,4329034 0,4357778 0,4225394 0,4275934 0,4842143 0,5074854 0,495825 0,4576118 0,4659165 0,4209456 0,418009 0,4051482 0,3999874 0,428345 0,4487067 0,4434412 0,4595386
0,4577871 0,4539607 0,4680928 0,4639724 0,4323098 0,4255284 0,43265 0,4726707 0,4858902 0,4633727 0,4652611 0,4428926 0,5055345 0,5929779 0,5710088 0,5182632 0,4968261 0,4818373 0,4715005 0,476851 0,4744472 0,4695584 0,4409347 0,4282626 0,4452178 0,4541081 0,4658536 0,4588987 0,4440822 0,4427835 0,4401433 0,4055898 0,4126218 0,4551756 0,4821825 0,4822788 0,4541349 0,460205 0,4710274 0,4825094 0,4769626 0,4617309 0,4465596 0,4509275 0,4700902 0,462104 0,4264027 0,4465045 0,4709599 0,4630709 0,4493036 0,4496273 0,4156113 0,437048 0,4660177 0,4483051 0,4425668 0,4134693 0,3798323 0,4312645
0,4710115 0,475248 0,4623466 0,4575301 0,4437274 0,4322957 0,4406903 0,4713539 0,48327 0,4834275 0,4856831 0,4441969 0,4560206 0,5528919 0,567111 0,5557597 0,5082595 0,4772618 0,4660146 0,4702804 0,4743692 0,4761625 0,457412 0,4482768 0,4680799 0,4709803 0,4805652 0,4839292 0,487684 0,4716557 0,4585376 0,4440865 0,4489476 0,4718906 0,4790068 0,4579643 0,4454471 0,4532869 0,4536896 0,4468277 0,4401841 0,4339605 0,4239908 0,4127252 0,4149824 0,4251001 0,4139935 0,4162647 0,4492093 0,4197479 0,3925174 0,4138394 0,4124386 0,4183077 0,4612538 0,4768519 0,4431083 0,4016677 0,3857222 0,4250384
0,4589249 0,4501481 0,4552714 0,4541414 0,453596 0,4454021 0,4479806 0,461709 0,4718322 0,4895744 0,481334 0,4690944 0,4477587 0,4968255 0,5923555 0,6057777 0,5649532 0,5016692 0,4649464 0,481298 0,4720179 0,45237 0,4499789 0,4641579 0,462654 0,4449668 0,446299 0,4502222 0,4564195 0,4477877 0,4582963 0,4532737 0,4535697 0,4767641 0,4594401 0,4289222 0,462474 0,4624917 0,4241257 0,4037825 0,4095966 0,4172323 0,4051981 0,3838627 0,3629309 0,3692604 0,4057879 0,4256769 0,4419779 0,420047 0,3895708 0,4009212 0,416432 0,4358292 0,443081 0,4490685 0,4094147 0,3837138 0,4133589 0,422396
0,4196224 0,4585218 0,4686262 0,4563922 0,4446158 0,4403221 0,432772 0,4425934 0,4521177 0,4706109 0,4767688 0,4719378 0,4563866 0,4664226 0,5749211 0,6188373 0,6076397 0,5598556 0,4829565 0,4827707 0,4478025 0,417403 0,429444 0,4542405 0,4471359 0,4227327 0,4019729 0,4055362 0,4131202 0,4212641 0,4588997 0,4517332 0,4365351 0,4585672 0,4501069 0,4289396 0,448369 0,4475419 0,4181126 0,4135231 0,4486299 0,4445212 0,4163566 0,4002866 0,3753551 0,3744076 0,4076056 0,4099024 0,4043204 0,4231993 0,4349467 0,4040906 0,406853 0,4426713 0,4375999 0,452453 0,4173769 0,378504 0,4235038 0,4534488
0,4243736 0,4592581 0,4264886 0,410282 0,4170223 0,4354859 0,4368629 0,4428317 0,4462454 0,4492242 0,4689659 0,4824021 0,437022 0,43257 0,4796987 0,5817841 0,6024947 0,5834993 0,5341658 0,503105 0,4613817 0,4351948 0,4357768 0,443646 0,4263682 0,4078492 0,4000092 0,427709 0,440558 0,4236357 0,4381635 0,4351003 0,4117327 0,4146021 0,3993451 0,3801888 0,4068817 0,4392707 0,4215902 0,4159923 0,4434085 0,4381068 0,4274621 0,4118082 0,3898818 0,3766509 0,3937461 0,3840703 0,3535434 0,3916075 0,4469162 0,4254285 0,4193671 0,4605368 0,4692015 0,4846263 0,47719 0,4617256 0,4865049 0,5181926
0,4416055 0,4330919 0,386636 0,3496379 0,3723252 0,4205491 0,4363226 0,4598532 0,4486489 0,429709 0,4349024 0,4466087 0,4204834 0,4269403 0,442827 0,5302145 0,5971277 0,6031604 0,5834 0,542389 0,4969079 0,4688684 0,456778 0,4451341 0,4226708 0,4183645 0,4181993 0,4332802 0,4446559 0,4357067 0,44055 0,4258836 0,4114479 0,4112382 0,3847002 0,3702224 0,4063176 0,4340172 0,4164796 0,4097226 0,4287656 0,431071 0,4065065 0,3835673 0,3849466 0,3810066 0,3860935 0,3844248 0,3609131 0,3832206 0,4481086 0,454013 0,4556009 0,4865878 0,4816269 0,4822529 0,4941678 0,4953203 0,5099796 0,5205804
0,3958808 0,4110767 0,4110484 0,3593033 0,3545815 0,4239134 0,4785307 0,479775 0,4591439 0,4640999 0,464101 0,4450439 0,4546332 0,4688824 0,4748436 0,5180268 0,5915776 0,5911325 0,5679699 0,5531528 0,5116259 0,4898422 0,4818256 0,4620292 0,4471249 0,4559866 0,4553938 0,4667892 0,4681582 0,4736116 0,4717679 0,430058 0,4159336 0,4195196 0,4033175 0,4191732 0,4169091 0,4202381 0,4221955 0,4291127 0,4589382 0,4604098 0,427551 0,3999718 0,3948303 0,3873008 0,382279 0,3967741 0,4006188 0,3978729 0,4359399 0,4677769 0,4756393 0,4661773 0,4747876 0,4796261 0,4664248 0,4666269 0,4731719 0,4819858
0,3850187 0,4059099 0,4361577 0,4142839 0,3991512 0,4372653 0,4794386 0,4751315 0,4653473 0,4818227 0,5084135 0,4907369 0,5014469 0,5282307 0,5120918 0,4949617 0,5334542 0,5541511 0,5230941 0,5167636 0,5045288 0,5092099 0,5106732 0,4911318 0,4847271 0,5155385 0,5127396 0,5269481 0,5220527 0,4991909 0,4809087 0,4385836 0,4398307 0,4199508 0,4151928 0,456838 0,4328409 0,4156259 0,4455751 0,4632815 0,4743116 0,4555392 0,4351003 0,4240333 0,4113129 0,3902318 0,3695635 0,3928528 0,4252537 0,4166051 0,4151295 0,4440276 0,4804904 0,4809456 0,4830861 0,4841559 0,4601811 0,4601595 0,4597185 0,4686722
0,4803475 0,5056939 0,4966428 0,4953123 0,4624912 0,4306245 0,4363823 0,4641975 0,4789274 0,473585 0,490634 0,5021608 0,4716375 0,473805 0,4465472 0,4211645 0,4633062 0,5020128 0,4790943 0,4612429 0,4686047 0,5034614 0,5192494 0,5071062 0,5047436 0,524739 0,5268443 0,5585001 0,5609277 0,5333917 0,5027492 0,4842039 0,4653143 0,426292 0,4511226 0,4671437 0,4340542 0,4344199 0,4565588 0,4818117 0,4976405 0,4692192 0,4344729 0,4179023 0,4089434 0,3976226 0,3933 0,4180485 0,4251373 0,4220574 0,4286025 0,4560155 0,4919963 0,4982423 0,4648391 0,4541045 0,4670549 0,4825179 0,4818012 0,4787296
0,5474426 0,5728779 0,5580783 0,563666 0,549635 0,5016645 0,4790901 0,5073337 0,5378668 0,5373802 0,5457314 0,5315778 0,4827428 0,4481414 0,4053894 0,3966442 0,4236895 0,4377666 0,4098521 0,3843034 0,4081093 0,4338619 0,4424556 0,4307524 0,4367298 0,4483327 0,4501885 0,4663412 0,4802612 0,4991933 0,4923281 0,510466 0,4927788 0,4681335 0,4879926 0,4517655 0,4491468 0,4959014 0,5127658 0,5275662 0,5152303 0,4829452 0,4469509 0,4474464 0,4765664 0,4511455 0,4374543 0,4472177 0,4199454 0,4431453 0,4762887 0,4722719 0,4715019 0,4986128 0,4870897 0,4788604 0,4913518 0,5007981 0,4981264 0,4871529
0,4936306 0,5164787 0,5153429 0,5394698 0,5712561 0,5583663 0,5336474 0,5304564 0,5549896 0,5755885 0,6106349 0,5873922 0,5177266 0,4790413 0,4356005 0,4287045 0,4420733 0,4442747 0,4092725 0,3846822 0,4118781 0,4073757 0,3867497 0,3655202 0,3594373 0,3747837 0,3819205 0,3581373 0,3522581 0,3937084 0,3974935 0,4075676 0,4023122 0,4103747 0,4429346 0,4489856 0,4497253 0,4741329 0,4810134 0,4764813 0,4582051 0,4581709 0,4680652 0,4895136 0,5075733 0,4750554 0,4440401 0,4413321 0,4161106 0,4708327 0,4950859 0,4605741 0,4456721 0,4603404 0,4842002 0,4905047 0,4907835 0,4811254 0,4742729 0,4652619
0,389687 0,4137036 0,4053313 0,4306816 0,4920115 0,5242855 0,504291 0,4813026 0,5200912 0,5533763 0,5971137 0,580565 0,4943059 0,4362099 0,4111252 0,4225455 0,4405493 0,4502909 0,4389592 0,4114894 0,4223536 0,4279382 0,4252485 0,4174244 0,4031429 0,3984771 0,406136 0,3825842 0,3463777 0,3411317 0,332083 0,3385469 0,3463934 0,3380848 0,3674402 0,3993461 0,3926452 0,3861845 0,3742948 0,357811 0,3648938 0,3968072 0,4303801 0,4339213 0,4383569 0,446738 0,4134283 0,411603 0,4163411 0,445781 0,4646022 0,4646032 0,4792538 0,4710894 0,4827642 0,4807822 0,4658906 0,4696653 0,470022 0,4671262
0,3336324 0,3625338 0,3406826 0,3456437 0,4076494 0,4184826 0,4200166 0,4289077 0,4645495 0,4878787 0,4860906 0,4988931 0,4760286 0,4216115 0,3810295 0,3656765 0,3857059 0,4070836 0,4121521 0,4024762 0,4185031 0,4481363 0,4528607 0,4533455 0,4609378 0,4716721 0,4549769 0,4491076 0,4197437 0,4087092 0,3994729 0,4063287 0,4061581 0,3897994 0,3780341 0,3728087 0,3590932 0,3759537 0,3665718 0,340304 0,3589927 0,3843437 0,3744886 0,3507114 0,3682364 0,3835614 0,3738945 0,4061278 0,4065329 0,4024064 0,4320737 0,444963 0,4725147 0,4825729 0,4999758 0,5097848 0,4843965 0,4592404 0,4676599 0,4801834
0,3299121 0,3572103 0,3488691 0,3666721 0,3751269 0,3428706 0,3446178 0,3783163 0,3946121 0,3814838 0,384014 0,4255422 0,4409098 0,4122311 0,3767186 0,3508277 0,3632923 0,3841073 0,4082628 0,4001191 0,4208848 0,4549066 0,4565385 0,4501273 0,4494861 0,4523807 0,4196547 0,4430961 0,4597241 0,4509172 0,4448127 0,4405992 0,4227312 0,432802 0,4286059 0,4018631 0,4088562 0,4266887 0,4248048 0,41807 0,4201785 0,4125809 0,3856783 0,3554241 0,3606431 0,3888225 0,3966051 0,4067741 0,3925708 0,3748614 0,3886541 0,3828917 0,3981651 0,4144993 0,419706 0,406142 0,3874761 0,3833746 0,4139596 0,4309673
0,3840739 0,3929593 0,3869684 0,3852918 0,3765378 0,3479041 0,340545 0,3566085 0,3353878 0,3020058 0,343227 0,4081201 0,4418494 0,4251247 0,3901972 0,384674 0,3919786 0,4149753 0,4380997 0,4345984 0,4311438 0,4486456 0,4418788 0,4260493 0,400941 0,4030429 0,4163724 0,4440204 0,4516164 0,4127065 0,4023491 0,4279024 0,4343289 0,456611 0,4602799 0,4408256 0,4473999 0,4458787 0,4558269 0,4557576 0,4240268 0,4217741 0,3989028 0,3814652 0,4018955 0,4346115 0,4393328 0,4231639 0,4189278 0,4051055 0,3989658 0,3809848 0,3656383 0,3798541 0,373221 0,3238243 0,3157015 0,3341392 0,3426708 0,3476944
0,4021076 0,4075102 0,4150302 0,3985133 0,3708749 0,3720039 0,3809553 0,3988415 0,383841 0,3354864 0,3727012 0,4102769 0,4386426 0,4321145 0,4086856 0,4186158 0,4148461 0,427751 0,4349568 0,4522464 0,4442089 0,4320893 0,4324677 0,4252934 0,4158183 0,4438555 0,456619 0,436747 0,4397348 0,4172922 0,4222284 0,4490536 0,4462188 0,4570749 0,4622239 0,4501705 0,4642333 0,448925 0,4441595 0,4225831 0,3698779 0,3824362 0,3907936 0,3966642 0,4120546 0,4125643 0,424254 0,4400564 0,4620606 0,4598994 0,4536904 0,4208811 0,3926708 0,3979736 0,4004465 0,3787939 0,3813067 0,3769611 0,3519511 0,3463974
0,3457943 0,3431079 0,3511968 0,3511516 0,3514705 0,341257 0,327158 0,351539 0,3801742 0,3751428 0,3944603 0,4131295 0,4200754 0,4100565 0,4221812 0,4183776 0,3916942 0,4098732 0,4497054 0,4874179 0,4591309 0,4106989 0,4259766 0,429487 0,4382211 0,4524392 0,4501185 0,4182981 0,4163336 0,425725 0,4403306 0,4429219 0,4550612 0,452917 0,4344986 0,4222514 0,4318846 0,4462107 0,465174 0,4622304 0,41684 0,4165139 0,4178359 0,4135611 0,4314592 0,4408146 0,4390768 0,442884 0,4667313 0,4577468 0,4390111 0,4183286 0,4037396 0,4110931 0,4233176 0,4241785 0,4295588 0,3999656 0,3835213 0,3970256
0,3463663 0,3255293 0,3236013 0,3582156 0,3872782 0,3690643 0,3211845 0,2949899 0,3143448 0,3523157 0,3646765 0,375955 0,4017323 0,4115837 0,4182717 0,3973619 0,391715 0,4222201 0,4794316 0,4999464 0,4667544 0,4406734 0,4541403 0,4668136 0,4502158 0,4257373 0,4424506 0,451879 0,4360005 0,4281855 0,421672 0,4107971 0,4158818 0,4208846 0,4208007 0,4140175 0,412349 0,4226903 0,4425936 0,4601334 0,4689721 0,4755486 0,4660742 0,4533544 0,465141 0,4585209 0,4411917 0,4477876 0,4709564 0,4556964 0,4213167 0,4136592 0,3984643 0,392014 0,4119068 0,4221825 0,4071616 0,3738645 0,3712642 0,3837404
0,3557792 0,3685158 0,3721163 0,3655592 0,3514168 0,3369354 0,3487355 0,3329772 0,3046667 0,3298633 0,3295445 0,3537532 0,4232275 0,4616083 0,451605 0,4155178 0,4281837 0,4288026 0,4313042 0,4581238 0,4757867 0,4916146 0,4948444 0,4808612 0,4682621 0,4430192 0,4467788 0,4578789 0,4530636 0,4230567 0,4253992 0,4164796 0,4138705 0,430329 0,4345838 0,4425361 0,4595802 0,4495367 0,4387793 0,4496531 0,4574667 0,457986 0,4595106 0,4535751 0,4589895 0,4269598 0,4127732 0,4391052 0,4436238 0,4116643 0,3944008 0,4245004 0,3978165 0,3800126 0,4031577 0,3976978 0,3779516 0,3698395 0,3848937 0,38946
0,406512 0,3964987 0,3890864 0,4031492 0,4000742 0,3954242 0,3990428 0,3776666 0,3586433 0,3674905 0,3738531 0,4123995 0,4643506 0,4782521 0,4868798 0,473411 0,4400449 0,3910208 0,3413918 0,3703749 0,4456469 0,4835839 0,4692628 0,4516154 0,4859129 0,4781031 0,4546751 0,4653656 0,4751238 0,4429781 0,4301293 0,4396837 0,4563817 0,4743875 0,4526319 0,4306747 0,43785 0,4508802 0,4606487 0,4645006 0,4697436 0,4574944 0,4478118 0,4364224 0,4318538 0,4029635 0,3866808 0,4066342 0,3990875 0,3738343 0,373062 0,4083827 0,3824873 0,3777054 0,4006911 0,4001849 0,4005052 0,3782119 0,3648511 0,3683545
0,5260546 0,4871492 0,458287 0,4711687 0,5022546 0,5140179 0,4951718 0,4528114 0,4426265 0,4555576 0,4711666 0,4683017 0,4865907 0,5120168 0,5369229 0,504336 0,4143527 0,3779136 0,3410976 0,3281497 0,36767 0,4008024 0,4238484 0,4203625 0,4252849 0,4491486 0,4370618 0,4220303 0,4295026 0,4079127 0,3935333 0,4238856 0,4422216 0,4651977 0,4537248 0,4241112 0,4179147 0,4477521 0,4736363 0,480373 0,4745582 0,4515658 0,440541 0,4417745 0,4509916 0,448848 0,4255164 0,4156501 0,4079863 0,3951448 0,4082384 0,4305323 0,4140306 0,4094461 0,4037388 0,3981126 0,4128999 0,3837427 0,3414359 0,3399005
0,5659534 0,5721545 0,5398615 0,51924 0,5463976 0,5609021 0,5588264 0,5285422 0,5183771 0,532352 0,5321491 0,5221877 0,5458456 0,5735427 0,5532312 0,4755756 0,3940814 0,3699954 0,3585535 0,328708 0,3189326 0,3338937 0,3610822 0,3539885 0,3448002 0,3906159 0,3787846 0,3368544 0,3225037 0,3369256 0,3428726 0,3620493 0,3605343 0,3649697 0,370265 0,3802332 0,408208 0,419299 0,4161161 0,4143878 0,4105233 0,4075681 0,4101204 0,4227659 0,4362577 0,4461963 0,4443486 0,4460021 0,4423961 0,4457138 0,4551337 0,4472809 0,445929 0,4568647 0,4438308 0,4472592 0,4520143 0,4147627 0,3775857 0,3700521
0,4915358 0,542901 0,5493951 0,5149919 0,5219286 0,5474622 0,5587935 0,5719887 0,5647025 0,5528648 0,5679801 0,5893755 0,6113622 0,6292892 0,5668457 0,4541014 0,3838098 0,3631023 0,3698282 0,3580879 0,3613747 0,3697314 0,3736102 0,3573953 0,3567458 0,3792982 0,371979 0,3389759 0,3121279 0,334022 0,3445095 0,3315845 0,3053087 0,3058358 0,3227565 0,3341258 0,3577866 0,3599591 0,3296769 0,3339731 0,3363047 0,3464233 0,3618278 0,3753638 0,3627287 0,3587705 0,3885989 0,4104989 0,4035972 0,4055743 0,4136314 0,3783859 0,3925254 0,4232702 0,4248268 0,4291045 0,4428419 0,4443685 0,4559741 0,4603482
0,4450537 0,4919024 0,5363847 0,5254067 0,5066315 0,5048566 0,5011479 0,4965047 0,5108209 0,5438933 0,5704906 0,5931829 0,5922613 0,5957898 0,5334594 0,4283741 0,3914894 0,3647263 0,371645 0,3841153 0,4209918 0,4357877 0,418864 0,39891 0,4018468 0,4142463 0,4084735 0,3864344 0,3754368 0,3755705 0,3721154 0,3505577 0,3415725 0,3576366 0,3679737 0,3660019 0,3640205 0,3488284 0,3303677 0,3463634 0,3443512 0,3350294 0,3461199 0,3529897 0,330783 0,3156574 0,339178 0,3571623 0,3489119 0,3450148 0,335682 0,2954347 0,3170345 0,346842 0,3488343 0,3527095 0,3717497 0,4087672 0,4400965 0,4373392
0,4840723 0,5111348 0,5578437 0,5479504 0,5231781 0,4924745 0,4575002 0,4407266 0,4871492 0,5428168 0,5651246 0,5832506 0,5766371 0,5508543 0,5081514 0,4386607 0,4091135 0,3688774 0,3443505 0,3787143 0,4350545 0,4592293 0,4276542 0,4111347 0,4255768 0,4195998 0,4126058 0,3999126 0,407078 0,4387094 0,4446867 0,4187791 0,3997289 0,4044539 0,4140699 0,417492 0,4051293 0,3863416 0,3819966 0,3870395 0,3835669 0,3876064 0,3722506 0,3883764 0,3950837 0,3661818 0,3632132 0,3824563 0,3798355 0,3769736 0,3556916 0,3208951 0,3453528 0,3418891 0,3272358 0,3322138 0,3270426 0,3160404 0,3399799 0,3695745
