test/g2lab/icchange/view/profile/olddata/0503-dndvi.txt
ncols         452
nrows         411
xllcorner     527595,50307841
yllcorner     5934256,8476051
cellsize      5
NODATA_value  -9999
[rows 243 to 269 of 411, columns 0 to 60 of 452]
0,4029526 0,3927887 0,3723534 0,4115267 0,4400968 0,4314878 0,4707316 0,4925969 0,5200568 0,445542 0,2967655 0,1691746 0,179123 0,2388661 0,2350043 0,2538152 0,3180909 0,4062448 0,4273144 0,4042332 0,4571128 0,4906972 0,4806268 0,4374666 0,444109 0,4659524 0,4762943 0,4939283 0,4704814 0,4641495 0,4792467 0,4697786 0,4524459 0,4819617 0,4789345 0,4298671 0,4810251 0,4976247 0,4681294 0,4178908 0,3812958 0,3688458 0,3180713 0,3006346 0,2991863 0,326496 0,3295164 0,2941905 0,3444285 0,3539848 0,3082767 0,3159802 0,3346921 0,3320044 0,3540499 0,385469 0,412217 0,4163265 0,4006207 0,4109055 0,4022816
0,4278197 0,3975709 0,3760984 0,4015344 0,4503279 0,4388132 0,4761217 0,5106813 0,4321417 0,3105315 0,2404933 0,1628493 0,1773945 0,1960316 0,1825824 0,289501 0,3681269 0,3723032 0,3871999 0,3969909 0,4539266 0,5011426 0,4987711 0,4590665 0,4589154 0,4821514 0,485925 0,4799659 0,4643412 0,4775699 0,4790143 0,4500716 0,4252922 0,4756755 0,4865594 0,441579 0,4632171 0,5037428 0,446315 0,4220048 0,4442928 0,3737949 0,3103594 0,3284514 0,3193777 0,2886827 0,3052065 0,3150415 0,3534023 0,3765272 0,3313828 0,3148269 0,3235683 0,3248284 0,3221917 0,3515519 0,3549797 0,3608528 0,3576556 0,3577905 0,3319878
0,4352899 0,4132895 0,4064982 0,4246494 0,4561273 0,4404828 0,4568291 0,4368481 0,2871433 0,1963964 0,2461314 0,2384589 0,2064527 0,1644329 0,1821097 0,3164754 0,398922 0,3882243 0,4173209 0,4293588 0,4462135 0,4899411 0,4856212 0,4722917 0,477311 0,4810426 0,4637604 0,4584408 0,4718985 0,4945115 0,488745 0,4495586 0,4376339 0,4682642 0,4715375 0,4538361 0,4417078 0,4728627 0,4323271 0,4207405 0,4525151 0,4020009 0,3415737 0,3263369 0,3021499 0,2966567 0,312748 0,3118731 0,3441955 0,381191 0,3441078 0,3356294 0,3356605 0,319128 0,3221156 0,3267418 0,3174062 0,3319576 0,3364529 0,3234171 0,3204799
0,4144949 0,416024 0,444583 0,4287171 0,4301375 0,4606155 0,4598715 0,390848 0,2654307 0,1821038 0,202213 0,1796339 0,1747516 0,1784398 0,2159679 0,2981012 0,3686647 0,3956395 0,41895 0,4220415 0,4235006 0,4500051 0,4478137 0,4648364 0,4953911 0,4870486 0,4569149 0,4484173 0,4701105 0,4877592 0,4834389 0,4499037 0,4582123 0,4684409 0,4250422 0,450757 0,4760884 0,4918355 0,483202 0,4771689 0,4460276 0,4388565 0,379482 0,352669 0,3582143 0,332045 0,3286787 0,3298882 0,3332684 0,3471534 0,3367168 0,3578811 0,3388693 0,2893894 0,28752 0,3212371 0,3643067 0,3766713 0,3578418 0,3147169 0,2796309
0,4038592 0,4186088 0,4442823 0,4155409 0,4251853 0,4957647 0,4799339 0,3552524 0,2625371 0,1775437 0,1519126 0,1506488 0,196474 0,2053586 0,2258394 0,3124672 0,3750879 0,3922731 0,3905126 0,407046 0,429887 0,453189 0,4591041 0,4739457 0,4997103 0,4863185 0,4640133 0,4607438 0,4571376 0,4637958 0,4777914 0,467669 0,4764899 0,4364365 0,3832124 0,4336645 0,4563148 0,4598573 0,4988278 0,5058361 0,4346459 0,3946907 0,3711499 0,3981712 0,4139151 0,353536 0,3675427 0,383039 0,3494326 0,3697815 0,3759074 0,3615547 0,3647939 0,3821638 0,389003 0,4013899 0,4331827 0,4285117 0,4035082 0,3763963 0,333513
0,4397023 0,4268356 0,4326397 0,4447076 0,4561211 0,522653 0,4579634 0,2866211 0,2353452 0,1692643 0,1525912 0,1805012 0,1855894 0,20999 0,2559961 0,3570052 0,4336072 0,4238825 0,4080868 0,4259186 0,4712002 0,4950869 0,4881004 0,480042 0,4873813 0,4808934 0,4772379 0,4714568 0,4615002 0,4685738 0,4739568 0,4778088 0,5163288 0,4877667 0,4183677 0,390196 0,4226645 0,4386795 0,46399 0,4802921 0,4408866 0,4252845 0,4187506 0,4321958 0,4662449 0,4395208 0,4307118 0,4567222 0,4502433 0,4697683 0,4655884 0,4149552 0,4267577 0,4689161 0,498285 0,4888512 0,4567963 0,4503159 0,4783053 0,4966622 0,4557523
0,4490916 0,4314448 0,4217119 0,4732962 0,5094621 0,4991965 0,3852395 0,2546648 0,2361384 0,2161794 0,1931964 0,2062822 0,1670817 0,1995905 0,2238049 0,3151688 0,4033775 0,3934994 0,3763198 0,4256724 0,4887967 0,5021963 0,4626772 0,4518128 0,4816226 0,4898266 0,4866008 0,4792949 0,4683388 0,4747048 0,4685452 0,4862503 0,5518181 0,5070517 0,4026085 0,3382896 0,4365398 0,4292245 0,4363297 0,476131 0,4596889 0,5017943 0,5079284 0,494661 0,526545 0,5311628 0,5170767 0,5472792 0,5479763 0,5182692 0,5166643 0,510195 0,5080397 0,500381 0,5049239 0,5383789 0,5244363 0,4962012 0,5360544 0,5437616 0,5009504
0,4353236 0,4310521 0,4347596 0,4640058 0,4870829 0,4270409 0,2864643 0,2371114 0,215872 0,2128481 0,1950644 0,2079579 0,1727261 0,1899795 0,2066592 0,2783107 0,3628266 0,3685144 0,3820781 0,431176 0,4736113 0,48642 0,4374644 0,4544143 0,4938399 0,4892777 0,4828657 0,4807571 0,4705644 0,4719124 0,4659764 0,4787733 0,5149622 0,4623649 0,3741299 0,3773031 0,4496482 0,4034563 0,4505665 0,4975589 0,5027333 0,5782164 0,5856203 0,5665527 0,5637674 0,5395857 0,5470353 0,5704323 0,562057 0,5431551 0,5804097 0,5984744 0,5780039 0,5061882 0,480491 0,5254562 0,5563864 0,5289949 0,5382134 0,5294744 0,5297809
0,4126462 0,4267116 0,4606505 0,4431409 0,4343408 0,3355516 0,1946574 0,1766171 0,1590454 0,169504 0,1678841 0,1956691 0,1837738 0,2013438 0,2591289 0,326629 0,3674588 0,4079574 0,4253949 0,4425139 0,453666 0,472307 0,479136 0,5018724 0,4879313 0,4626188 0,4755526 0,4893974 0,4846754 0,4692665 0,4532737 0,4329372 0,425346 0,3963391 0,3543203 0,4290828 0,4925367 0,4422131 0,4858426 0,4931948 0,5321335 0,5862878 0,5521305 0,5316949 0,4813108 0,4488372 0,4518359 0,4616471 0,4956533 0,5348778 0,5875979 0,5713535 0,5503656 0,4856792 0,4473734 0,4744635 0,5094222 0,5137647 0,4813011 0,4588144 0,4992555
0,4019755 0,408516 0,4641662 0,4584166 0,4094925 0,2546269 0,1584162 0,172038 0,1450848 0,1386792 0,1603428 0,2092188 0,2137834 0,2065134 0,2496329 0,3340867 0,3902249 0,4499882 0,425141 0,407451 0,469275 0,4880056 0,4980411 0,4943091 0,4531759 0,4699199 0,5127317 0,485687 0,485283 0,4632295 0,4331281 0,4157882 0,3970959 0,3466693 0,326239 0,4498565 0,4805368 0,4550263 0,5025644 0,4742835 0,4765702 0,4782389 0,4445495 0,4801745 0,4396777 0,4397333 0,435885 0,4234079 0,4543276 0,4722655 0,4981599 0,5181964 0,5480496 0,525631 0,4714198 0,4441996 0,4244376 0,454026 0,4615251 0,4322457 0,4460553
0,4052449 0,3998032 0,4562109 0,4618367 0,3523285 0,2151096 0,1755972 0,2031383 0,1433676 0,1254391 0,1736988 0,1874354 0,2137147 0,2124486 0,2272408 0,3229764 0,3797673 0,4109219 0,4307194 0,4228876 0,4580398 0,4563946 0,4661082 0,4779792 0,4513315 0,4896363 0,521233 0,459095 0,4756808 0,4584249 0,4382396 0,4515975 0,420941 0,3383488 0,352217 0,4781768 0,4406137 0,4165438 0,4895623 0,4500592 0,4226866 0,4114557 0,3918282 0,4900433 0,507456 0,4815933 0,5009286 0,4813633 0,4468452 0,4377415 0,4263933 0,4635217 0,5085396 0,5406359 0,5225453 0,4538687 0,4138483 0,4385958 0,4817246 0,4675794 0,4331093
0,4324247 0,462573 0,4820369 0,4682545 0,3205717 0,2060138 0,1919334 0,1807733 0,1280909 0,1525397 0,1878308 0,139313 0,1812707 0,2284065 0,2558192 0,3575814 0,3985828 0,4087696 0,4341795 0,4393643 0,4448947 0,4726328 0,45191 0,4447119 0,4523646 0,4811558 0,5180038 0,4848385 0,4465148 0,4456898 0,4495166 0,4768198 0,4606885 0,3687018 0,3886339 0,4797134 0,450327 0,4326385 0,4488162 0,4335119 0,4401934 0,4232918 0,3925755 0,4345458 0,4666627 0,4567237 0,4925643 0,4757521 0,4274318 0,4335753 0,4290312 0,4349881 0,4472247 0,5077919 0,518593 0,479072 0,4465495 0,4241491 0,451362 0,4721718 0,4340587
0,4491533 0,4817488 0,4700216 0,4185401 0,3086698 0,2093777 0,218512 0,1821375 0,1342487 0,1712049 0,1807308 0,1256674 0,1821751 0,2130618 0,2891329 0,3804637 0,4190948 0,4342042 0,4334729 0,4641785 0,4718218 0,4554479 0,4441619 0,4504291 0,4764293 0,5140944 0,5090357 0,4745201 0,454683 0,4623855 0,4416253 0,4616222 0,4716622 0,4119855 0,3935439 0,4568784 0,4905847 0,4764829 0,4477859 0,4289275 0,4134922 0,3958417 0,4012037 0,3951049 0,4050704 0,413658 0,4223958 0,4318588 0,4181991 0,4340459 0,4600438 0,4585318 0,4431896 0,4608752 0,4617112 0,4619205 0,4412556 0,4088275 0,4126518 0,4082438 0,4009084
0,4473985 0,4892854 0,4604617 0,3166902 0,2493066 0,1879951 0,1964223 0,1829103 0,1646816 0,1700876 0,1589091 0,1366396 0,193911 0,2070295 0,3118131 0,3929372 0,4104801 0,4432748 0,4197586 0,4222426 0,4758478 0,4980595 0,5032848 0,494456 0,4651917 0,4860353 0,5083632 0,4720129 0,4814541 0,4715076 0,4384584 0,4453285 0,4607335 0,4119215 0,3693869 0,4244087 0,4712123 0,4590495 0,4375009 0,410734 0,3962206 0,4072207 0,4297973 0,4340219 0,4279054 0,447778 0,4476801 0,4317173 0,4337811 0,4390732 0,4678121 0,4544214 0,4122679 0,4150033 0,4263578 0,4368588 0,4400301 0,4225884 0,409263 0,369548 0,3777014
0,4593942 0,536061 0,485649 0,2689734 0,224733 0,1996752 0,1664647 0,1576617 0,1631591 0,1540498 0,1619925 0,1601299 0,1824312 0,1628297 0,2811939 0,3950827 0,4165246 0,4298074 0,4077206 0,4081743 0,4844353 0,5185772 0,5041098 0,4887669 0,471069 0,475262 0,4903787 0,4648835 0,4816817 0,4763459 0,4484404 0,4496994 0,4222591 0,3773729 0,3840096 0,4576968 0,4470721 0,4312839 0,4169255 0,3867877 0,3901917 0,3978348 0,4015644 0,4251219 0,4288228 0,439494 0,4431002 0,4340569 0,4527631 0,4741501 0,5006565 0,4767394 0,3988906 0,3994887 0,4470249 0,4743875 0,4857684 0,4800451 0,4576697 0,4264876 0,4375999
0,5332401 0,5788733 0,4532259 0,251202 0,2383939 0,2355757 0,2142929 0,1923337 0,1898017 0,1424383 0,1438757 0,1662663 0,1668025 0,152987 0,2472803 0,3887206 0,431267 0,4058644 0,421789 0,4559962 0,4855996 0,4944867 0,4900306 0,4927292 0,4961875 0,4681183 0,4387931 0,4642387 0,4915319 0,4909658 0,4825407 0,4929021 0,4327695 0,3583529 0,4427805 0,5410209 0,4972752 0,4813788 0,4292947 0,3846584 0,4260253 0,4127864 0,3819521 0,4185988 0,4346119 0,4449533 0,4553972 0,4364364 0,4317833 0,456432 0,4699341 0,444626 0,4060946 0,4027271 0,4389518 0,4901286 0,5192701 0,5174095 0,5076278 0,497111 0,478398
0,5613005 0,5320818 0,3574832 0,2702402 0,2759897 0,253785 0,2585632 0,2221077 0,1835269 0,1511123 0,1432409 0,199247 0,208816 0,2014341 0,270764 0,3780593 0,448956 0,4578495 0,4748967 0,5007719 0,4884741 0,463435 0,4670527 0,4921809 0,499866 0,4721611 0,4410072 0,4790924 0,5047517 0,5078697 0,4887967 0,4832796 0,4300096 0,3506246 0,4794451 0,56922 0,5477123 0,5517634 0,48791 0,4219642 0,463021 0,4823284 0,4626929 0,4690686 0,4688624 0,5058807 0,5426825 0,5176452 0,4927648 0,4822003 0,4337818 0,4048721 0,4308564 0,4509083 0,445297 0,4551698 0,4900993 0,4855564 0,4638559 0,497246 0,4983941
0,5392463 0,4036539 0,2277245 0,229482 0,2535433 0,2303456 0,2564847 0,1900012 0,1771686 0,2174163 0,2045979 0,2401647 0,2205285 0,2248828 0,3169844 0,3700851 0,4351594 0,4792864 0,4909353 0,4968572 0,4464882 0,4193896 0,4562533 0,5095478 0,5328385 0,5101806 0,4881671 0,4965672 0,5027584 0,508779 0,4715216 0,4557821 0,4129266 0,3377427 0,4735086 0,5599122 0,5643536 0,5711076 0,5333842 0,4834625 0,4926786 0,5316477 0,5508804 0,5331987 0,5107119 0,5135811 0,5370592 0,5317018 0,5336336 0,5223702 0,4895985 0,446673 0,4320297 0,4473611 0,4392194 0,4156657 0,4443461 0,4589843 0,436654 0,4643086 0,4946365
0,4956561 0,3088372 0,178706 0,2109913 0,1956835 0,1640605 0,1998656 0,1501667 0,1692905 0,250533 0,2202436 0,2226676 0,215835 0,2444731 0,3574365 0,3878048 0,4015005 0,440991 0,4761026 0,4689905 0,4177427 0,4113943 0,4515841 0,5027398 0,5336476 0,5421587 0,5224736 0,4830079 0,4495609 0,4582505 0,4766144 0,4682238 0,3728737 0,296126 0,4021595 0,500128 0,5422373 0,5382611 0,5174002 0,4831839 0,5267215 0,5511932 0,5707874 0,5651218 0,5105039 0,4928911 0,4835624 0,4732316 0,4719383 0,4738484 0,481233 0,4471527 0,4251276 0,4383569 0,4410175 0,4513979 0,4595381 0,4444038 0,4292603 0,4105751 0,4138121
0,3986004 0,2670356 0,1885129 0,1818584 0,1630086 0,1200519 0,110002 0,1213002 0,1711681 0,2211029 0,1838035 0,1918463 0,2433942 0,2743433 0,3889982 0,4321562 0,4104333 0,4239151 0,4422708 0,4500189 0,440244 0,4560762 0,4851656 0,5167733 0,5245748 0,5290798 0,5099109 0,4707239 0,4361785 0,4522246 0,4831828 0,4377947 0,3467901 0,3664535 0,4651786 0,5123761 0,5377202 0,5366245 0,5296873 0,4933368 0,5191064 0,5146648 0,4943114 0,5216352 0,4964256 0,4672427 0,4633398 0,4805895 0,4758721 0,4585391 0,4871973 0,4817934 0,4636155 0,4559003 0,4454242 0,4645009 0,4488323 0,4338105 0,4187648 0,3907823 0,3893275
0,3022629 0,2131788 0,1944758 0,157135 0,1536533 0,1558551 0,1063645 0,1244059 0,1886636 0,245469 0,2038928 0,1546649 0,1850844 0,2628632 0,4034926 0,475463 0,4355297 0,4139484 0,4226888 0,455566 0,4783265 0,4848238 0,501085 0,5150156 0,5060763 0,4881314 0,4814309 0,5003884 0,5051501 0,4752749 0,4960607 0,4874547 0,4312139 0,4356003 0,5555642 0,5895469 0,5607226 0,5423945 0,5215145 0,501188 0,5217026 0,5272249 0,5110348 0,5112602 0,4987636 0,4622364 0,4622479 0,4857599 0,4903949 0,4932229 0,5165897 0,517143 0,4815816 0,4522817 0,4514936 0,4580852 0,4215712 0,4184811 0,441705 0,4376138 0,4314584
0,2393801 0,1677145 0,2250274 0,2041294 0,1681274 0,1837793 0,1632806 0,1534599 0,2064715 0,2698437 0,2268642 0,1461231 0,1537094 0,2420784 0,3967416 0,4691581 0,4536971 0,4489939 0,4666519 0,4677799 0,4890588 0,4979257 0,5012236 0,4910852 0,4743353 0,4624079 0,4606716 0,5226579 0,543061 0,4840236 0,4976729 0,5300183 0,4781916 0,3789377 0,4880846 0,5966442 0,5829895 0,5763817 0,5267928 0,5102738 0,5547407 0,5724897 0,5564267 0,5241364 0,5074908 0,499073 0,5053961 0,4990406 0,4909532 0,5073802 0,5111699 0,5060918 0,5054402 0,50118 0,483433 0,4735545 0,4771556 0,4882661 0,512478 0,4973181 0,4683819
0,2336932 0,1905784 0,1876097 0,1912234 0,1769066 0,176687 0,1877169 0,1922546 0,1953901 0,169349 0,1807187 0,2271869 0,2509396 0,310345 0,4303355 0,4746187 0,4662881 0,4566007 0,4635614 0,4615138 0,4635803 0,494985 0,4974995 0,4889981 0,4910922 0,4916794 0,4790442 0,5005753 0,5035195 0,4466305 0,4539886 0,4820195 0,4116328 0,2828211 0,3671846 0,4627386 0,5168356 0,5721331 0,5599445 0,5309168 0,5427009 0,5435147 0,531397 0,5190086 0,5132812 0,5024665 0,4964005 0,4798756 0,4491407 0,4659707 0,49393 0,4961924 0,5204439 0,5455108 0,5153725 0,4672779 0,4703966 0,5073293 0,529233 0,4985773 0,4713067
0,1833445 0,1734094 0,1718318 0,1932809 0,1930847 0,1776875 0,1665963 0,2162315 0,204573 0,1100783 0,1502245 0,2591433 0,2668763 0,3092721 0,4237486 0,4627531 0,4386458 0,420668 0,4352369 0,4549522 0,4505806 0,468786 0,4873152 0,4885637 0,5241631 0,5335997 0,5254046 0,5122324 0,4915434 0,4611584 0,4626642 0,4494274 0,3760761 0,2901957 0,3351976 0,3503346 0,41168 0,5024822 0,542621 0,5374315 0,5253773 0,5105736 0,4985733 0,4932585 0,4954749 0,4852444 0,4672535 0,4296391 0,3950739 0,4187086 0,4575161 0,4628868 0,487859 0,5297576 0,5307823 0,4937826 0,4783 0,4866987 0,5040413 0,4705021 0,448439
0,2366775 0,1912701 0,1657294 0,1928915 0,180451 0,1893498 0,1855008 0,2384406 0,2472874 0,185051 0,1849208 0,2217733 0,2273186 0,2819963 0,4170562 0,4738525 0,4514154 0,438953 0,4514889 0,4756668 0,4679692 0,4902938 0,5035062 0,4909031 0,511251 0,4938347 0,4811389 0,476523 0,5047619 0,5204071 0,5201547 0,4675829 0,3252381 0,3344302 0,3934029 0,3887872 0,4244825 0,4843273 0,5031347 0,5263952 0,5475807 0,5247135 0,4835367 0,4572544 0,4780906 0,4993045 0,485844 0,4269941 0,3961221 0,3937042 0,4045926 0,4386238 0,4710845 0,5218334 0,5487574 0,5246071 0,500692 0,4722848 0,4667989 0,4807398 0,4859045
0,2471501 0,168276 0,1332783 0,1913672 0,2256073 0,2158351 0,2007934 0,2510189 0,2486341 0,2291389 0,1781808 0,1643061 0,2123339 0,2654564 0,3711884 0,4346376 0,4521668 0,4425686 0,439995 0,4665203 0,4922874 0,5288467 0,5219257 0,4994954 0,4953097 0,4741277 0,4711266 0,4921107 0,5039845 0,5132217 0,5151101 0,4258066 0,3069455 0,3238834 0,3669824 0,3919258 0,440104 0,4741762 0,4686623 0,4898359 0,5178505 0,4959057 0,4585195 0,4569169 0,4885137 0,512346 0,492384 0,4335389 0,3914408 0,3626853 0,3715318 0,4287004 0,4682704 0,4944796 0,5002415 0,479595 0,4607946 0,4686118 0,4982628 0,527587 0,5194947
0,2053018 0,1680038 0,1604539 0,1949531 0,2222531 0,203354 0,2194291 0,2339807 0,2085017 0,2263062 0,1849547 0,1608059 0,2142579 0,252122 0,3590403 0,420639 0,4281951 0,4337375 0,4422841 0,4582279 0,4819266 0,5311952 0,5253758 0,5080888 0,5086554 0,4887121 0,4716934 0,5128822 0,5162045 0,5108628 0,4793214 0,4045044 0,3772779 0,3808273 0,4446013 0,4775093 0,4720311 0,4989116 0,4742224 0,4657099 0,4558834 0,4393116 0,4423957 0,4843857 0,4996989 0,4978972 0,4657265 0,4272742 0,3779822 0,3547048 0,3931832 0,4340324 0,4456329 0,4364181 0,4157963 0,4190929 0,4281442 0,4586229 0,4959332 0,498408 0,4864922
