test/g2lab/icchange/view/profile/olddata/0503-dndvi.txt
ncols         452
nrows         411
xllcorner     527595,50307841
yllcorner     5934256,8476051
cellsize      5
NODATA_value  -9999
[rows 270 to 296 of 411, columns 61 to 121 of 452]
0,4305789 0,42216 0,4365388 0,4554707 0,4807145 0,5004786 0,5195415 0,4628398 0,418387 0,4118048 0,3685264 0,3191763 0,322639 0,3363405 0,3267491 0,3783413 0,4025397 0,4237367 0,4180769 0,3314291 0,3576728 0,4681265 0,4763185 0,4207968 0,3472491 0,2686651 0,2396637 0,20707 0,2022894 0,2738246 0,3281146 0,3831071 0,3738209 0,3839109 0,4176168 0,4321677 0,4955795 0,5411604 0,5713464 0,5266889 0,4763595 0,4625117 0,4760198 0,4633946 0,4363107 0,4247023 0,452034 0,4740008 0,4449193 0,4070461 0,3977555 0,4244964 0,4393737 0,4219988 0,4399624 0,4432276 0,4411235 0,3928598 0,271098 0,1782002 0,1373655
0,4726609 0,4415125 0,4165433 0,4127964 0,3940611 0,3743235 0,4200234 0,4407756 0,3957469 0,375993 0,3649203 0,3620033 0,3638371 0,3794812 0,3552265 0,3776447 0,4309366 0,4187886 0,3465484 0,3167553 0,3920344 0,4806646 0,485826 0,4621643 0,3616058 0,2432434 0,2056715 0,2425662 0,2961786 0,382222 0,3755637 0,3415884 0,3595018 0,3943987 0,4319115 0,4415415 0,4891203 0,5553642 0,5672913 0,4969204 0,4531139 0,4839345 0,4867723 0,394747 0,4058088 0,4550683 0,4778583 0,5406616 0,5024478 0,4193972 0,4033648 0,410856 0,4482121 0,4721592 0,473839 0,4290394 0,4153359 0,3294952 0,2261039 0,1988302 0,2109365
0,4757586 0,402968 0,3712163 0,3628619 0,3207838 0,3165444 0,3627307 0,424916 0,4097089 0,3776369 0,3735187 0,361278 0,3558805 0,3619198 0,3598887 0,3644158 0,4688412 0,4951806 0,4043688 0,3730496 0,4130597 0,4254088 0,4487866 0,507716 0,4422563 0,3199967 0,2888982 0,334964 0,3674618 0,3804227 0,3474762 0,3405866 0,3817794 0,41124 0,447973 0,44833 0,4893168 0,5568921 0,5611702 0,4962718 0,4518127 0,4641224 0,409438 0,3238802 0,4167204 0,470141 0,4972239 0,5613498 0,525227 0,4531507 0,4100438 0,3714158 0,4335323 0,488648 0,4784485 0,4202573 0,3769284 0,2919523 0,2153927 0,2126482 0,2684368
0,4589494 0,4061342 0,3927341 0,3662786 0,3027141 0,2756779 0,2896273 0,3525339 0,4005739 0,4212044 0,3667742 0,2815956 0,270743 0,2878499 0,3368795 0,3556736 0,4342828 0,4728606 0,4061757 0,354654 0,3780392 0,3914706 0,4109254 0,4887905 0,4859 0,4194761 0,3346633 0,3010143 0,3139976 0,3218659 0,3465391 0,3665848 0,3835987 0,4235126 0,4650299 0,4748934 0,4845476 0,5067839 0,521998 0,4949183 0,4554697 0,4073001 0,3227808 0,314392 0,4174676 0,4621987 0,4603416 0,4900279 0,4971029 0,4618039 0,416031 0,3800867 0,4249046 0,4952107 0,5027596 0,4643333 0,4150328 0,3463322 0,2575694 0,2188674 0,2987253
0,501106 0,4752237 0,4482733 0,397569 0,3024155 0,2388155 0,2295461 0,2710917 0,3422221 0,4219583 0,3847118 0,2731149 0,2857444 0,2775683 0,2940018 0,3494798 0,3982278 0,4161381 0,3552699 0,3297995 0,3414629 0,3317153 0,3433363 0,3967712 0,4365372 0,4202784 0,3436612 0,2678486 0,2618812 0,3297946 0,3778933 0,379535 0,3653004 0,3913057 0,4343127 0,4529589 0,4436361 0,4620615 0,4885394 0,4934341 0,4664398 0,3964209 0,2995985 0,2929767 0,3595003 0,4178377 0,3908916 0,4082622 0,4566031 0,408547 0,4220238 0,4108721 0,3824322 0,4516336 0,4993787 0,5227298 0,4908388 0,3973998 0,2892317 0,2415889 0,2983739
0,525512 0,5150595 0,4877368 0,4060296 0,2681497 0,2216237 0,2645887 0,3332011 0,4327206 0,4966748 0,4805259 0,4071602 0,4072434 0,3552262 0,3052072 0,3353958 0,3665897 0,3424183 0,2730291 0,2259945 0,2458404 0,2775067 0,3019133 0,3745291 0,4478864 0,4422948 0,3528607 0,2603056 0,2860147 0,3528145 0,3888583 0,3988985 0,3669656 0,3564948 0,3872822 0,425559 0,4519367 0,4699865 0,4851842 0,4864493 0,4457359 0,3869054 0,3335931 0,3238638 0,3465993 0,3742675 0,3507916 0,3696704 0,4005005 0,3484624 0,3862833 0,4313887 0,4082001 0,4467856 0,4897334 0,5238377 0,4875839 0,4233679 0,3487986 0,3209713 0,2732998
0,4755401 0,4869859 0,4548214 0,372777 0,2571938 0,2284983 0,2989236 0,4147643 0,5170882 0,5412098 0,5400122 0,508893 0,4938611 0,4111563 0,3202995 0,3087468 0,2754464 0,23632 0,2172922 0,2161124 0,2666769 0,2843487 0,2767257 0,3656327 0,4745738 0,4602685 0,353907 0,2352992 0,2878653 0,4098158 0,4226415 0,4223378 0,4031799 0,3965799 0,3783821 0,3854356 0,4260301 0,4585459 0,4697388 0,4765653 0,4241114 0,3768851 0,3598192 0,3672462 0,3895881 0,3926757 0,3789651 0,397856 0,4015354 0,3396941 0,348351 0,4189091 0,4565995 0,4761597 0,4844365 0,4999681 0,4869651 0,4421554 0,3893974 0,3494314 0,2772579
0,4711733 0,4802751 0,4415276 0,3724218 0,3315656 0,2986298 0,2919103 0,3805193 0,4702267 0,5135341 0,5391008 0,5566143 0,5177422 0,4396781 0,35728 0,2904814 0,2208892 0,2343767 0,3330354 0,3580495 0,3676421 0,3377469 0,289176 0,3370397 0,4451959 0,4713838 0,3784688 0,2779143 0,3499481 0,4702427 0,4666808 0,4417163 0,4215822 0,3983017 0,3581658 0,3649069 0,3798711 0,4000991 0,4086882 0,4254254 0,4186537 0,3751895 0,362108 0,3619986 0,3692502 0,4067673 0,4461519 0,4749699 0,4499202 0,3752988 0,3362605 0,3580623 0,4168865 0,4682287 0,4695788 0,4837267 0,4692219 0,4186419 0,3641549 0,3350443 0,2742029
0,474346 0,5103425 0,4886627 0,4214157 0,4244796 0,3857006 0,286027 0,291663 0,3979365 0,4986451 0,5287299 0,5269785 0,4896553 0,4852814 0,4290854 0,323312 0,2903926 0,3635828 0,4553591 0,4445218 0,4238006 0,3829997 0,3257088 0,3206639 0,3991815 0,4361895 0,3687801 0,3248401 0,3733145 0,4427205 0,4641958 0,4375407 0,4086283 0,3875472 0,3710815 0,3967506 0,380567 0,3630649 0,3739617 0,4131913 0,4252719 0,402571 0,3857369 0,368825 0,3593099 0,4085597 0,497604 0,5146354 0,4710475 0,3996313 0,3273712 0,3280226 0,3591225 0,4043266 0,434016 0,4356187 0,4256653 0,3829511 0,343765 0,3443002 0,2973794
0,4610125 0,516486 0,5010687 0,4651143 0,4788671 0,4385827 0,3414713 0,3129158 0,4103819 0,5087187 0,5085866 0,4993818 0,5025197 0,5105667 0,4912951 0,4450709 0,4426137 0,4411546 0,461774 0,4781892 0,4717044 0,43648 0,3810557 0,3555873 0,3951472 0,4191925 0,3661796 0,3208852 0,3381417 0,4154816 0,4563234 0,4374582 0,4028046 0,3930593 0,3977916 0,4021931 0,3780721 0,3632693 0,3863943 0,4179271 0,4137308 0,4141324 0,4166462 0,3905773 0,3491005 0,3821166 0,4760539 0,497345 0,4507839 0,4315299 0,372659 0,3185381 0,3091274 0,343929 0,3487002 0,3539077 0,4041372 0,4197357 0,3891559 0,3625897 0,3536384
0,4357552 0,4849663 0,4969812 0,4874424 0,4872514 0,4406246 0,403522 0,4190855 0,4838452 0,5328357 0,5258856 0,5204644 0,5117118 0,5129936 0,5189196 0,5141208 0,4792248 0,4415606 0,4706877 0,4803531 0,4499459 0,4432765 0,3997825 0,3392965 0,3528979 0,3896028 0,3625638 0,3071913 0,3345523 0,4202526 0,4309837 0,4215755 0,3997736 0,3857719 0,3958598 0,4027054 0,3921476 0,3917789 0,3891891 0,4076847 0,4060763 0,4320457 0,4424505 0,4228408 0,3696993 0,3865101 0,4634156 0,4875467 0,483734 0,4783787 0,4290105 0,3605829 0,315667 0,3115192 0,3064825 0,3274826 0,3871734 0,4270516 0,4335878 0,4066685 0,3965276
0,4332368 0,4401801 0,4506394 0,4575185 0,4780923 0,457368 0,4567426 0,4746517 0,4924878 0,5288646 0,5368083 0,5135578 0,494497 0,4526489 0,4435186 0,4462982 0,4521241 0,4104316 0,4245214 0,4053264 0,3719565 0,3759114 0,3554987 0,2919943 0,3021861 0,358141 0,3738434 0,3358628 0,3726832 0,4595993 0,4055014 0,3962371 0,3946007 0,3729612 0,3969348 0,398388 0,4021678 0,3900175 0,3609698 0,3738135 0,4172885 0,4399498 0,4266526 0,4062378 0,3887261 0,4295092 0,4836149 0,5186827 0,5233047 0,5033834 0,4677818 0,4203939 0,3287354 0,2424057 0,2325823 0,3021173 0,3677192 0,3866408 0,4117943 0,4337942 0,4315718
0,3447393 0,3496585 0,3675734 0,3362607 0,3315114 0,344543 0,3580261 0,3833315 0,4239314 0,4648251 0,4820004 0,4611771 0,4260207 0,3431932 0,3093958 0,3264905 0,3475072 0,3438852 0,3642276 0,352566 0,3285184 0,3280008 0,3128152 0,286568 0,3045508 0,3557823 0,4012436 0,3793522 0,4067634 0,4620098 0,4386428 0,4326748 0,3828835 0,3477806 0,3774857 0,3906245 0,4061517 0,3814049 0,3509835 0,3830506 0,4375963 0,4414415 0,4233614 0,4177157 0,4239569 0,4524703 0,4903499 0,5162349 0,5110388 0,4958675 0,4685453 0,4156471 0,3256204 0,2431785 0,2220088 0,2703833 0,3526491 0,3641116 0,3912987 0,4338036 0,4070145
0,2274781 0,3000996 0,2867028 0,1749767 0,1318258 0,1618501 0,1976825 0,2615024 0,3095829 0,3278226 0,3638097 0,3489438 0,3152392 0,2989108 0,2657175 0,2608314 0,2691666 0,3028175 0,3929843 0,4121643 0,381635 0,3542461 0,3117131 0,2960723 0,3242232 0,3420866 0,3766853 0,4047926 0,4087639 0,4471264 0,4606639 0,4646628 0,4208212 0,3841432 0,3780558 0,3621664 0,3948753 0,3940228 0,3790061 0,4043764 0,4244077 0,380686 0,3563702 0,3954359 0,437563 0,4429659 0,4595198 0,4753132 0,47246 0,4578471 0,4438955 0,4046386 0,3380735 0,2638055 0,2236908 0,233065 0,3036556 0,347352 0,3810318 0,4148145 0,3929551
0,199408 0,2210447 0,2087072 0,1295996 0,08273689 0,08989768 0,1382516 0,1606442 0,1576486 0,1673695 0,2142638 0,2391409 0,2117636 0,196484 0,2099991 0,2452482 0,2578334 0,272964 0,3488952 0,4138169 0,4200436 0,3891002 0,3214858 0,3063926 0,3561194 0,3499677 0,3850904 0,4513395 0,4493521 0,4664575 0,4887124 0,4962846 0,4927438 0,4829271 0,4354585 0,3776778 0,4176646 0,4264526 0,3951456 0,4059226 0,3836599 0,2877567 0,2682966 0,3445567 0,4295341 0,4423783 0,4518825 0,4605138 0,4436826 0,4287838 0,4245986 0,3977902 0,3341886 0,2563901 0,2246796 0,217815 0,2709044 0,3423859 0,3740183 0,3878532 0,3927962
0,3041799 0,3019469 0,288929 0,2460705 0,1504153 0,1176059 0,1006793 0,09862719 0,09967296 0,1208588 0,1356672 0,1398678 0,1393122 0,0999137 0,1325623 0,2070379 0,2395621 0,2118681 0,2359236 0,325067 0,3728428 0,3519511 0,3389801 0,3542765 0,3785688 0,3609935 0,4082929 0,4224406 0,4233129 0,4764127 0,5137691 0,5091955 0,4982672 0,5093335 0,454495 0,4313163 0,4435758 0,4554903 0,4517698 0,4394411 0,3924568 0,3218839 0,2987585 0,3356911 0,4111937 0,4321709 0,4494018 0,4769562 0,4582756 0,4531557 0,4327139 0,3674661 0,2846439 0,2207412 0,1864043 0,1991856 0,2668452 0,3453681 0,3928869 0,381763 0,3527067
0,3614165 0,4095092 0,4198352 0,3985686 0,307519 0,2103309 0,1434622 0,1489319 0,1584388 0,129388 0,09022499 0,1084794 0,1616374 0,1346117 0,1303447 0,1609984 0,1876489 0,1818828 0,1949147 0,2591325 0,3289771 0,2972882 0,2974444 0,3606911 0,3359588 0,3114098 0,3964122 0,4136066 0,4251777 0,4977971 0,5457558 0,5502238 0,5210602 0,5183624 0,4543696 0,4696754 0,5261393 0,5124472 0,5313684 0,4933396 0,4695282 0,4415615 0,4161714 0,4016187 0,4098142 0,4358779 0,4650543 0,4878811 0,4653795 0,4524796 0,4121233 0,3049334 0,2096289 0,1561187 0,1443949 0,2052884 0,2982863 0,3599314 0,4076379 0,3940479 0,3456645
0,31737 0,4423091 0,5734055 0,5557553 0,4113343 0,2855374 0,2574034 0,2093103 0,1799368 0,1763109 0,1649509 0,1838623 0,2228118 0,2381051 0,2772484 0,2766219 0,2475408 0,2518326 0,2827064 0,3187432 0,3349211 0,2800664 0,272041 0,3357958 0,3340354 0,3389856 0,42631 0,4599479 0,4817359 0,5202843 0,5663689 0,5380974 0,519282 0,5141508 0,4568601 0,4540994 0,4648177 0,4823793 0,5148848 0,5106843 0,5175018 0,5328007 0,5172825 0,4695807 0,4318347 0,447681 0,4558603 0,4516749 0,4432173 0,4275551 0,3654575 0,2624975 0,1510512 0,1040399 0,1417558 0,2334624 0,3454187 0,3903567 0,4016477 0,3627625 0,3378436
0,3112966 0,4320383 0,5751448 0,5474133 0,4175597 0,3191277 0,3373619 0,2824738 0,2707254 0,2820821 0,298881 0,3033833 0,2880034 0,3284729 0,4157673 0,3998478 0,3394278 0,3626056 0,3524216 0,3349129 0,3431931 0,3512061 0,3383479 0,3169668 0,3076634 0,3932895 0,466736 0,4517153 0,4370836 0,4400903 0,4703157 0,4549061 0,4898681 0,5078962 0,4586912 0,4033493 0,3626831 0,426349 0,4407025 0,4481872 0,5085792 0,5413239 0,4839576 0,4541222 0,4523314 0,4591913 0,4416572 0,4391628 0,464198 0,4590527 0,374472 0,2376683 0,1520971 0,1456254 0,223159 0,3395736 0,4187781 0,4220129 0,3639339 0,3045592 0,3476604
0,3985375 0,4159364 0,4464427 0,4754447 0,4233557 0,3271287 0,3158292 0,3094833 0,3383171 0,3473383 0,3577855 0,3739846 0,3629108 0,3688852 0,3809071 0,2953922 0,2415292 0,2971512 0,2986981 0,3110855 0,3613334 0,3995558 0,3843631 0,3352893 0,3348274 0,4605283 0,5082627 0,4774484 0,4641727 0,4259554 0,4176041 0,4026292 0,4281279 0,4442939 0,4236254 0,405149 0,408413 0,4430738 0,4334945 0,4003015 0,4546132 0,46058 0,3740924 0,37838 0,4171898 0,4202713 0,4325881 0,4651423 0,4777592 0,4154102 0,3285731 0,2438584 0,2285264 0,2508883 0,3034419 0,4032573 0,4452505 0,4085402 0,3659794 0,3386365 0,3625843
0,4547397 0,4081725 0,4038309 0,4562621 0,4187552 0,3527418 0,2985635 0,2994871 0,3442953 0,380521 0,4073004 0,4166891 0,4257403 0,4009349 0,3673289 0,280548 0,280615 0,3086777 0,3020394 0,3330577 0,3909541 0,4363443 0,4214898 0,4399068 0,4585607 0,5217101 0,5323911 0,4997664 0,5116621 0,4970429 0,482301 0,4533401 0,4664683 0,4559923 0,4262509 0,4236061 0,4335184 0,467786 0,4688281 0,4133008 0,4604367 0,4764075 0,3932286 0,3755938 0,4168049 0,4355018 0,4520881 0,4395628 0,3815512 0,3317748 0,3137143 0,3364306 0,3569811 0,3558182 0,3745244 0,4229202 0,4267237 0,3954883 0,4047246 0,3975502 0,3740911
0,4302737 0,4304424 0,4432178 0,4356277 0,398801 0,3748728 0,3404105 0,3475095 0,3877359 0,407538 0,4239866 0,4366567 0,4650593 0,4527304 0,4010403 0,3677598 0,4040112 0,4317815 0,4068795 0,4341698 0,4710278 0,4728059 0,4767085 0,5388447 0,539364 0,510859 0,489949 0,4855243 0,5044042 0,5179045 0,5157734 0,4991693 0,5134804 0,5151174 0,4550898 0,4329004 0,4222586 0,4496937 0,4689552 0,4680081 0,5013947 0,5337561 0,4854681 0,4521399 0,4778158 0,4765212 0,4612045 0,4283339 0,3556194 0,3380896 0,3603501 0,4015479 0,4353262 0,4524459 0,441044 0,4416319 0,4428763 0,4310747 0,4643688 0,4898438 0,4602289
0,4027801 0,4134631 0,4730044 0,4572695 0,4005308 0,3928959 0,3981658 0,4158709 0,4295652 0,4382669 0,4343844 0,4275265 0,4519531 0,468673 0,4522949 0,4369426 0,4558739 0,4886836 0,468929 0,4732916 0,5197787 0,50071 0,4935972 0,5287012 0,5533358 0,5024738 0,4714445 0,5204701 0,5323747 0,5081653 0,4927758 0,4841543 0,5141753 0,5219912 0,5049745 0,5109611 0,467998 0,4546854 0,4397746 0,4939662 0,5345119 0,5535949 0,5357845 0,5082735 0,5214173 0,4956155 0,4578128 0,444704 0,408783 0,3811633 0,3727224 0,3958746 0,4499055 0,4687806 0,4299868 0,3995204 0,4140611 0,4497035 0,4946324 0,4979331 0,4766842
0,4069109 0,4233627 0,4748955 0,4975957 0,4543603 0,4512109 0,4653859 0,4653735 0,4676571 0,4521595 0,4450273 0,4272934 0,4331485 0,4433102 0,4551505 0,4441308 0,4504542 0,4969881 0,4871412 0,4771459 0,5117254 0,5158913 0,4612626 0,4484616 0,4759934 0,524924 0,5400215 0,554242 0,5417385 0,5091332 0,4712405 0,4596639 0,4948855 0,5259961 0,5440951 0,577769 0,5182188 0,4687635 0,4138921 0,5036647 0,5534896 0,5214081 0,5143777 0,5006409 0,5109217 0,4926597 0,445118 0,4213901 0,4166933 0,4129195 0,3888575 0,388742 0,4278666 0,4487057 0,420931 0,3794782 0,3737242 0,4227741 0,4414421 0,4519652 0,4618601
0,4197739 0,4450055 0,463353 0,4476019 0,4294442 0,4528122 0,4704023 0,4690436 0,468227 0,4303866 0,4285108 0,4648972 0,4440517 0,4066209 0,4169152 0,4126921 0,4056167 0,4560457 0,5021783 0,5107637 0,5010033 0,4858289 0,4348141 0,3845672 0,3954309 0,5155724 0,5741553 0,5715787 0,5448896 0,539408 0,4982291 0,4916246 0,544177 0,5686324 0,5725088 0,5509228 0,4828399 0,440552 0,4247683 0,508905 0,5153881 0,4799047 0,4844034 0,4562944 0,442888 0,4500538 0,4277305 0,3990813 0,3952784 0,4180854 0,3950639 0,3736665 0,3933623 0,4134791 0,4037532 0,3525227 0,3273421 0,3988431 0,392101 0,3879363 0,4311885
0,4112979 0,4619085 0,5053835 0,5067571 0,4766076 0,4289495 0,4472064 0,4468051 0,4396691 0,413386 0,4292404 0,4715434 0,4217375 0,3806253 0,4268109 0,4296895 0,4098192 0,4096844 0,4683224 0,5077983 0,4909087 0,4630978 0,4500856 0,436562 0,4903129 0,5937889 0,5492595 0,5460088 0,5387722 0,5271935 0,5374858 0,5466185 0,5876847 0,5845686 0,5686867 0,4877771 0,4018489 0,4004408 0,4717409 0,5152013 0,4941941 0,4726573 0,4709801 0,4274482 0,4172403 0,4474249 0,4320001 0,3851763 0,3653787 0,3842728 0,3592858 0,341624 0,3591917 0,3809009 0,3720376 0,3240086 0,3071134 0,3343615 0,3113512 0,3323824 0,3828448
0,3860193 0,3815889 0,4400761 0,4993408 0,4803966 0,4358627 0,4673244 0,4783352 0,4580628 0,4483798 0,4428488 0,4391659 0,4606152 0,4565795 0,4714834 0,4774735 0,4743852 0,4420107 0,4433611 0,4521046 0,4558696 0,4725487 0,438902 0,4256017 0,4793428 0,52354 0,4482822 0,4588303 0,5214216 0,539612 0,5709277 0,5744223 0,5701794 0,5979867 0,5852627 0,4720849 0,4054432 0,4276075 0,5079885 0,5435865 0,515225 0,4902295 0,4591535 0,4384661 0,4381025 0,4413678 0,42285 0,378661 0,3666929 0,3565449 0,3288865 0,334053 0,3606748 0,3923229 0,3834106 0,3388686 0,3133459 0,2982773 0,2870088 0,3164664 0,3458478
