test/g2lab/icchange/view/profile/olddata/0503-dndvi.txt
ncols         452
nrows         411
xllcorner     527595,50307841
yllcorner     5934256,8476051
cellsize      5
NODATA_value  -9999
[rows 243 to 269 of 411, columns 122 to 182 of 452]
0,330014 0,3376167 0,3547538 0,3148553 0,3008245 0,2770657 0,2438793 0,2626686 0,2883973 0,2752099 0,2842784 0,2807557 0,2617109 0,2748797 0,2872055 0,2907644 0,3118345 0,3318065 0,3160372 0,3047053 0,3131509 0,3494589 0,3712608 0,3509398 0,3372811 0,3344119 0,3534504 0,3584535 0,3080083 0,2883701 0,3174956 0,3305046 0,3311706 0,3108054 0,2873911 0,2949888 0,2883922 0,2950206 0,3380287 0,3453989 0,3236146 0,3222455 0,3476869 0,33218 0,301322 0,3147692 0,3103611 0,2845616 0,2661728 0,2309473 0,2326419 0,2379959 0,2432602 0,2662668 0,2774454 0,2921073 0,2655774 0,2384921 0,2410941 0,2356274 0,2413414
0,3331492 0,3694806 0,3698933 0,3089932 0,2909982 0,2676997 0,2332875 0,2279864 0,268001 0,2786709 0,2577732 0,2741202 0,2682502 0,2762466 0,295945 0,2964751 0,3046302 0,3135266 0,313486 0,3270386 0,3581552 0,3940157 0,3861923 0,3510302 0,3339325 0,3362226 0,3365611 0,3338997 0,3054731 0,2912382 0,3317452 0,3446947 0,3356614 0,3160208 0,3016644 0,3196342 0,3231064 0,3287864 0,3612683 0,3536627 0,354196 0,3561091 0,3685161 0,3091608 0,278125 0,3086841 0,3048631 0,2685972 0,2356313 0,230009 0,2398033 0,2398083 0,2338742 0,24726 0,2871381 0,2957627 0,2742549 0,2532243 0,2539598 0,2399082 0,2240219
0,3838929 0,401601 0,376681 0,3230909 0,3146607 0,306361 0,2725826 0,2250573 0,219829 0,2325254 0,2465769 0,2860658 0,2719722 0,2714006 0,29525 0,2911971 0,3023333 0,3171948 0,3384606 0,3602588 0,3862042 0,4069977 0,3980697 0,3529093 0,325839 0,3226312 0,3095593 0,3160726 0,307927 0,2959357 0,3309365 0,3371708 0,3325531 0,3450082 0,3517025 0,3420953 0,3321186 0,3289536 0,3427098 0,3370275 0,3337096 0,3306992 0,3306228 0,2925689 0,2689673 0,2946154 0,2829595 0,2305042 0,2260075 0,2621671 0,262669 0,258498 0,2466882 0,260421 0,28369 0,2815367 0,2857868 0,2459678 0,2304139 0,2446622 0,2259648
0,4117275 0,3903657 0,3648427 0,3693902 0,3697436 0,344741 0,3144162 0,2685127 0,2404668 0,2301848 0,2507081 0,2785122 0,2853996 0,2854859 0,2895902 0,2914015 0,3216271 0,3364335 0,3552124 0,3770977 0,361288 0,3689801 0,37329 0,3286206 0,2952223 0,3066301 0,3163974 0,3319289 0,3185357 0,3125 0,3491614 0,3373418 0,3180692 0,3291308 0,3384649 0,3550279 0,3717856 0,3486668 0,3607098 0,3840418 0,3670605 0,3246253 0,3068403 0,3159167 0,2881765 0,3013055 0,3109244 0,2615639 0,2646151 0,2970157 0,2846666 0,2616695 0,2616441 0,2727709 0,2656888 0,28313 0,3060876 0,2532601 0,2233665 0,2510365 0,246225
0,3816051 0,3809565 0,3899888 0,4144791 0,3948708 0,3647954 0,3530477 0,3527395 0,3221376 0,2785769 0,2636272 0,2519867 0,271682 0,2900435 0,3098105 0,3162476 0,3210369 0,32632 0,3514011 0,3740715 0,3426479 0,3463068 0,3676235 0,3505602 0,3069497 0,3050955 0,3356862 0,3485494 0,3439664 0,3530984 0,3816626 0,3562473 0,3459612 0,3646617 0,3443292 0,348965 0,3840477 0,3795922 0,3547805 0,353137 0,3564092 0,3340426 0,3102487 0,3175534 0,3183893 0,326933 0,3550087 0,3272282 0,2924311 0,2919476 0,2738853 0,2496236 0,2625079 0,2520459 0,2461859 0,2373882 0,2500543 0,2540267 0,2161686 0,2138255 0,2189969
0,3662095 0,3732881 0,3871619 0,4003613 0,3572435 0,3261156 0,3647144 0,4173762 0,3841513 0,3125423 0,3131067 0,2999178 0,318943 0,3222917 0,3324159 0,3221085 0,321908 0,3389071 0,3584164 0,3584704 0,3338084 0,3237314 0,3627696 0,3903823 0,3517987 0,3140203 0,3142433 0,3281494 0,3375483 0,3534177 0,356941 0,3438242 0,3245904 0,3459078 0,3489699 0,3044949 0,3010763 0,3071679 0,2861747 0,3115605 0,345672 0,3335928 0,3128972 0,3126916 0,3193504 0,3120584 0,349111 0,3364589 0,2898166 0,277173 0,2716327 0,259021 0,2545003 0,2325423 0,223636 0,2134852 0,2108077 0,2411513 0,2166922 0,232105 0,2496832
0,3859025 0,3815538 0,3574208 0,3796123 0,379442 0,3836854 0,4396619 0,47948 0,4885914 0,4629098 0,4294141 0,4276576 0,4690653 0,4413394 0,39767 0,3799905 0,3992074 0,4402988 0,4457699 0,4190716 0,4027699 0,37573 0,3608302 0,3812581 0,366919 0,3351759 0,3352469 0,3357415 0,3212574 0,3189732 0,3141779 0,3193278 0,2997999 0,3418005 0,377369 0,3183903 0,3038718 0,3211581 0,3174489 0,3342638 0,3575401 0,3253043 0,2831645 0,2864324 0,2889044 0,3084339 0,3608103 0,3466178 0,2998289 0,2976769 0,3119527 0,2779765 0,2463942 0,2470244 0,268585 0,2730599 0,2341954 0,2275656 0,2274192 0,2531982 0,2807337
0,4160982 0,4296257 0,4081611 0,4211916 0,4648589 0,4837252 0,5116004 0,5085133 0,5265207 0,5408912 0,4879785 0,447317 0,4587466 0,4734903 0,4627091 0,467087 0,4646005 0,4645984 0,457064 0,4561323 0,4864617 0,4694391 0,4001428 0,3730966 0,388002 0,4114133 0,4194402 0,3773998 0,3579903 0,3572508 0,3566495 0,3686512 0,3616004 0,3835964 0,4069691 0,3856319 0,3870506 0,4094756 0,3933359 0,3492994 0,340787 0,3196756 0,2944905 0,3072021 0,2929343 0,306624 0,3520729 0,3372061 0,3404001 0,3474821 0,3549965 0,3274637 0,3111714 0,3293915 0,3396355 0,3069695 0,2758104 0,2890272 0,2763991 0,2664048 0,2685427
0,4217247 0,4072089 0,4196537 0,4409119 0,4377725 0,4193124 0,430369 0,4799407 0,4867218 0,4610043 0,4432588 0,4147163 0,4063182 0,4374978 0,468877 0,4794346 0,4574616 0,4279543 0,4081363 0,422443 0,460827 0,4756466 0,4543499 0,4463673 0,4736309 0,5083618 0,4815318 0,4124588 0,4042517 0,427809 0,4408056 0,4359087 0,4065882 0,4212902 0,4357256 0,4340841 0,4339322 0,4167388 0,3743257 0,3432739 0,3637149 0,3660335 0,3575009 0,3608785 0,3602901 0,362676 0,3689275 0,3601853 0,3853732 0,4108079 0,4361002 0,425151 0,4090323 0,4035311 0,3923355 0,3767549 0,3815762 0,3887444 0,3396251 0,3492467 0,3593568
0,485118 0,456495 0,4414113 0,4479632 0,4413072 0,4214493 0,4160492 0,4383997 0,4362039 0,4041384 0,4163719 0,4182027 0,4086655 0,3983083 0,4287282 0,4470608 0,4231116 0,3854372 0,3698384 0,4102903 0,437195 0,4715515 0,4874322 0,5075636 0,5208706 0,5279798 0,5162528 0,5111445 0,5137412 0,496859 0,4965035 0,4805422 0,4582566 0,4805326 0,472575 0,4430868 0,437805 0,4258588 0,3954099 0,4014743 0,4283036 0,4136877 0,3984367 0,4139132 0,4449108 0,4619602 0,4384516 0,4170186 0,4304382 0,4705247 0,5134916 0,50868 0,4710859 0,4376322 0,4202046 0,4377781 0,4597028 0,4467219 0,3786553 0,3817153 0,4140266
0,5306827 0,5346572 0,5282252 0,5315557 0,5108581 0,4860542 0,5039171 0,4918747 0,4735716 0,4559827 0,4365749 0,4285203 0,4499815 0,473722 0,4823462 0,4600024 0,4288055 0,437323 0,4514946 0,4722085 0,4806023 0,4933535 0,5022011 0,5252969 0,5557229 0,5782637 0,5728832 0,5881718 0,5923548 0,5360399 0,5397425 0,5546663 0,5421374 0,5449412 0,5103164 0,4874378 0,486411 0,4688282 0,4479874 0,4611122 0,4576421 0,4417913 0,4273017 0,4337147 0,4798658 0,5193259 0,4915374 0,4603791 0,4628913 0,4955172 0,524611 0,504665 0,4686119 0,4486643 0,4473221 0,4509196 0,4419374 0,4539457 0,4389191 0,4211807 0,4358021
0,5161883 0,5120719 0,5237273 0,5464222 0,5295333 0,5336337 0,5679497 0,5433697 0,5231563 0,4965683 0,4714497 0,4613127 0,4950358 0,514948 0,4999695 0,5003995 0,4973605 0,5090791 0,5194757 0,5002525 0,5073338 0,5197308 0,5252409 0,5540361 0,5694901 0,5888813 0,5743215 0,572578 0,5949748 0,6011676 0,605185 0,5881421 0,5790258 0,5494257 0,5108823 0,5251362 0,5223067 0,4945164 0,4697572 0,4808375 0,4552743 0,4457296 0,4561054 0,4572625 0,4917021 0,520995 0,5039991 0,4896103 0,4711327 0,4675635 0,4964582 0,4945977 0,47457 0,4745408 0,4834915 0,4764152 0,4608895 0,4981936 0,4929093 0,4817445 0,4876274
0,5009929 0,4917054 0,490356 0,4840751 0,4881766 0,5326006 0,5571619 0,5265166 0,5138651 0,5134418 0,4961618 0,4669506 0,4811727 0,4919066 0,4724791 0,4895858 0,5098113 0,5097578 0,5089054 0,4879861 0,5111479 0,5376318 0,5340624 0,5069742 0,4742333 0,5260417 0,5532833 0,5449731 0,5919948 0,6376278 0,6134983 0,5488481 0,5304602 0,4931583 0,4856148 0,5061988 0,4814259 0,4672478 0,4824452 0,496551 0,4721278 0,4777731 0,498548 0,4871827 0,4884872 0,4887779 0,4835804 0,4894011 0,4812441 0,4689329 0,4864313 0,5028837 0,4999368 0,5015142 0,4917045 0,4775153 0,4778876 0,5067914 0,4837002 0,4778458 0,5047013
0,4887803 0,4729967 0,4691706 0,4527602 0,4627605 0,4989342 0,4934696 0,4951762 0,5021707 0,4945579 0,4834572 0,4597501 0,4738297 0,5042341 0,4846369 0,4755531 0,4985595 0,4960996 0,4985213 0,5061539 0,4930164 0,4826017 0,4834781 0,4469463 0,413395 0,5073476 0,5627931 0,5265954 0,5538192 0,5984349 0,5948312 0,538911 0,4712805 0,4297423 0,4549461 0,482343 0,4596554 0,4324532 0,4527462 0,4855844 0,489859 0,4833785 0,4881137 0,4898942 0,4694849 0,469612 0,4777933 0,48224 0,4726995 0,4644706 0,4889756 0,5001089 0,4930065 0,4792031 0,4701575 0,4616773 0,4493746 0,4632225 0,4579611 0,4468275 0,4643211
0,4793836 0,4224886 0,4173272 0,4404199 0,4499619 0,4523858 0,4491073 0,4699745 0,4706281 0,4521253 0,4491556 0,4538692 0,4729853 0,4819117 0,4796954 0,4956498 0,5064633 0,4928781 0,5076851 0,5112103 0,4847291 0,4606066 0,4576699 0,4638894 0,4639613 0,5066931 0,5068024 0,4755024 0,4889835 0,5202784 0,542922 0,5217869 0,4428022 0,4040831 0,4386411 0,464063 0,4421178 0,4163274 0,4379259 0,4604329 0,4770349 0,4831066 0,4901189 0,5089571 0,5037854 0,4887527 0,4799013 0,4868706 0,4838983 0,4779797 0,4726518 0,482634 0,502504 0,4692261 0,4479963 0,4521193 0,4355239 0,4451658 0,4564888 0,4540111 0,4203565
0,4354584 0,396557 0,3935857 0,4278751 0,4146027 0,410024 0,4147008 0,4167295 0,4241616 0,4253345 0,4338688 0,4377586 0,4412635 0,429889 0,4465986 0,4908649 0,4788451 0,4546565 0,4512511 0,455469 0,4749876 0,4695481 0,427577 0,426742 0,4479345 0,4601215 0,4400723 0,4276978 0,4657909 0,5316898 0,5527773 0,504779 0,4195833 0,3902235 0,4291082 0,4338166 0,4336542 0,4310575 0,4444178 0,4423866 0,4922185 0,5338522 0,5287761 0,5505871 0,5627633 0,5484443 0,5308181 0,5239797 0,5126237 0,5023353 0,4697853 0,4513311 0,4849139 0,4601771 0,4379389 0,4385458 0,412222 0,4279871 0,4743501 0,4789299 0,4260446
0,3849988 0,3798851 0,3872777 0,3896417 0,3517122 0,3533369 0,3851773 0,4110871 0,4301309 0,4198931 0,4154508 0,4208243 0,3902637 0,3688653 0,3973301 0,4512037 0,4595865 0,4382249 0,4450189 0,4523013 0,4641736 0,4529241 0,4260361 0,3976761 0,3982055 0,4061461 0,4042957 0,3807926 0,4009624 0,5133152 0,559761 0,5063738 0,4077704 0,395957 0,4563926 0,472122 0,4703231 0,4611574 0,4582889 0,4666221 0,5369591 0,5882835 0,5602376 0,5572455 0,5576029 0,541997 0,5277414 0,5152063 0,4791525 0,4477205 0,4377965 0,4412014 0,462182 0,4424984 0,4263861 0,4340354 0,4284044 0,4523904 0,4819687 0,4739943 0,419863
0,3703366 0,3758512 0,3758773 0,3669256 0,3307622 0,3306483 0,3541152 0,4078596 0,4446351 0,4393643 0,422356 0,4104478 0,3815435 0,3840122 0,4267822 0,4747295 0,5104442 0,4641764 0,4467531 0,4746548 0,4498536 0,4061505 0,4165139 0,4100013 0,3763015 0,3749234 0,4041395 0,4139587 0,4521942 0,4955814 0,5404179 0,53822 0,4578201 0,4435911 0,4801343 0,5084471 0,5143316 0,4916745 0,4661155 0,4931766 0,5510598 0,5913942 0,5568625 0,5113112 0,4993198 0,4751425 0,4349276 0,4213538 0,4072044 0,4153268 0,4452906 0,4729323 0,4660368 0,4515666 0,4439186 0,4419612 0,4745421 0,5000129 0,5016182 0,4820489 0,4358618
0,3954116 0,3893863 0,3820328 0,3981877 0,3663513 0,3412361 0,3663493 0,3965839 0,4089418 0,3907645 0,3939688 0,4187834 0,4143065 0,4099118 0,4432994 0,4618836 0,4819108 0,4563681 0,391176 0,4318973 0,4331226 0,4085947 0,4420055 0,4491237 0,3997424 0,3556001 0,3665458 0,4323265 0,5011503 0,5059496 0,5252213 0,565989 0,5348119 0,5162168 0,4927945 0,4950617 0,5158226 0,5000865 0,4945729 0,5102382 0,5478882 0,5847124 0,545736 0,4867232 0,4898841 0,4804383 0,4187509 0,3696623 0,3678937 0,427758 0,4713553 0,4808142 0,4766143 0,467474 0,4555095 0,4358153 0,4629584 0,460222 0,4416889 0,4568126 0,452296
0,4249411 0,4224206 0,4223275 0,4601893 0,4240162 0,3868638 0,433866 0,4511862 0,411145 0,3764724 0,386436 0,4184545 0,4279712 0,4164624 0,4348035 0,4291984 0,4331503 0,4836988 0,4501679 0,4471047 0,4624909 0,4566546 0,4739633 0,4439398 0,4170544 0,4046065 0,3908426 0,4349297 0,502406 0,5444002 0,5505558 0,5733765 0,5723084 0,5627444 0,5488236 0,5214818 0,5236149 0,5297186 0,5391385 0,553972 0,5744017 0,5786538 0,542999 0,5178657 0,5326596 0,5244313 0,4704567 0,4099796 0,3926139 0,4272549 0,4492897 0,4633698 0,4647995 0,455696 0,4467655 0,4110447 0,3969854 0,3912904 0,3935314 0,4306429 0,4398484
0,4546537 0,464771 0,4990217 0,5352605 0,5052876 0,468262 0,4614984 0,478186 0,4510424 0,4439725 0,4512393 0,4614413 0,4532151 0,4293682 0,436705 0,4415065 0,467467 0,4875297 0,4556045 0,4715094 0,5008387 0,4828481 0,4710446 0,4640558 0,472113 0,5127046 0,5295392 0,5384278 0,541719 0,5573866 0,5584611 0,5772159 0,5975443 0,5813061 0,5718087 0,558718 0,5641723 0,5761538 0,5805206 0,5858203 0,5891065 0,5797474 0,5593097 0,5474501 0,5601059 0,5736351 0,5479554 0,5005313 0,4594413 0,4657619 0,4674102 0,467891 0,4542309 0,4472505 0,4636848 0,4462768 0,4264522 0,4264372 0,4531274 0,4636809 0,4492918
0,4887972 0,5067661 0,5388877 0,5733997 0,5445443 0,5570287 0,5654919 0,5667995 0,5441294 0,5377756 0,5154361 0,486782 0,4521088 0,4439107 0,4738041 0,5002065 0,5093257 0,4874558 0,4706565 0,5089947 0,535214 0,5404767 0,5374604 0,5512783 0,5481172 0,5579074 0,566577 0,5756628 0,5741815 0,5700282 0,5774091 0,5927742 0,6012952 0,5710803 0,5593691 0,5801778 0,6029729 0,5904165 0,5716196 0,5770292 0,5843931 0,5897458 0,5725782 0,5766699 0,5832847 0,5837697 0,5837149 0,5711157 0,5405737 0,536979 0,5281836 0,5176502 0,4929171 0,4919091 0,5512885 0,5473975 0,5036852 0,5047628 0,5495768 0,5572124 0,5268762
0,5381246 0,5369572 0,5185921 0,5615944 0,604992 0,6161308 0,6226922 0,6109077 0,5755023 0,5488103 0,5395883 0,5201733 0,4782289 0,49705 0,5252931 0,5223436 0,5374877 0,5336381 0,5506473 0,5893694 0,5990636 0,5898435 0,60354 0,6277664 0,6091148 0,5742395 0,5474118 0,5733053 0,608765 0,6132298 0,6039243 0,5953044 0,5836706 0,5548768 0,5486993 0,5601898 0,5724552 0,5484537 0,532293 0,5523509 0,5644473 0,5693905 0,5639684 0,576334 0,5990736 0,5902014 0,5881217 0,5925881 0,5803424 0,5871609 0,5638604 0,5607873 0,5644885 0,5790225 0,5969085 0,5563543 0,5269122 0,560854 0,587992 0,571516 0,5491115
0,529045 0,4984562 0,4831643 0,4968119 0,552878 0,5564778 0,5510768 0,5341889 0,5017729 0,4951946 0,5328718 0,5317307 0,4663376 0,4832687 0,4974521 0,4801663 0,5037081 0,5176066 0,5443579 0,5752425 0,5718955 0,5649833 0,5457873 0,5308169 0,5384774 0,525577 0,5045547 0,550211 0,5814816 0,5548903 0,5339185 0,5610607 0,5605528 0,513136 0,4908379 0,4761822 0,4789671 0,498429 0,5065568 0,5015045 0,5183787 0,5330895 0,5413574 0,5514486 0,5749061 0,5892106 0,5829803 0,5645495 0,5506138 0,5717492 0,5372416 0,5089899 0,5233441 0,5303691 0,4990473 0,4636546 0,4548972 0,4892079 0,4865316 0,4653514 0,4579284
0,4192097 0,3545721 0,3698795 0,3785754 0,420329 0,4655588 0,4875993 0,4652246 0,4690416 0,4796683 0,473588 0,4553723 0,4083577 0,4170158 0,4534113 0,4264174 0,4239643 0,4501494 0,4923264 0,4945778 0,4818862 0,515728 0,5185079 0,469493 0,4581782 0,4662263 0,4644335 0,4753207 0,4779992 0,4606505 0,4663015 0,5190435 0,5275468 0,4895895 0,4675586 0,4323428 0,4547547 0,5126246 0,5285388 0,5342298 0,5250745 0,5192594 0,533849 0,53734 0,5522383 0,5619175 0,5316454 0,5120569 0,4941748 0,4811484 0,4353451 0,4095293 0,4127617 0,4242678 0,4265553 0,4046468 0,3668084 0,3575369 0,3772138 0,3842868 0,4077303
0,2649881 0,2163184 0,2576114 0,2922696 0,3586653 0,4159854 0,4415144 0,4472969 0,46154 0,4649815 0,4387032 0,4193755 0,3591956 0,3492488 0,4272659 0,4395083 0,4355926 0,4504642 0,4869533 0,4679782 0,4485693 0,4757358 0,4914774 0,4748167 0,437911 0,4342676 0,45817 0,4575482 0,4391202 0,4521677 0,4710163 0,4962026 0,5042757 0,5090386 0,5050685 0,4764884 0,4872073 0,5367274 0,5641198 0,5757675 0,5344427 0,4823443 0,4824403 0,4725572 0,477097 0,4868044 0,4779421 0,4981197 0,4675645 0,4016942 0,3857918 0,3836346 0,3765013 0,3744621 0,394482 0,3781208 0,330622 0,3089677 0,3159622 0,3397946 0,3696861
0,1754602 0,1884221 0,2412695 0,2868344 0,3516308 0,3976508 0,4175159 0,4320394 0,4012585 0,3780016 0,3809554 0,3763309 0,3169748 0,2944031 0,4107548 0,4743205 0,4839953 0,5012466 0,5082237 0,4722583 0,4778356 0,4803503 0,4643168 0,4746378 0,4377584 0,4137646 0,4440842 0,4593845 0,4620886 0,4778238 0,4922501 0,4844673 0,4744376 0,4919932 0,5145052 0,5023907 0,5132568 0,5215914 0,521737 0,5152058 0,4775796 0,408117 0,3727773 0,3749973 0,3636465 0,4185802 0,4491598 0,44223 0,4296671 0,400803 0,4087259 0,4163197 0,3926878 0,3574639 0,3642021 0,3669039 0,3107469 0,288922 0,2697088 0,2922991 0,3253665
