test/g2lab/icchange/view/profile/olddata/0503-dndvi.txt
ncols         452
nrows         411
xllcorner     527595,50307841
yllcorner     5934256,8476051
cellsize      5
NODATA_value  -9999
[rows 0 to 26 of 411, columns 244 to 304 of 452]
0,4016446 0,4295228 0,4280227 0,4014399 0,3771929 0,3640574 0,3926113 0,396169 0,3844867 0,3971207 0,4003732 0,4229193 0,4501969 0,4424435 0,4276061 0,4482597 0,4415192 0,4100142 0,4134104 0,4259811 0,4443662 0,4507853 0,4420243 0,4507125 0,4625612 0,4499314 0,4339346 0,4417507 0,4517646 0,4261873 0,4085081 0,4139532 0,4234056 0,4473145 0,4705414 0,4489763 0,4251716 0,4291704 0,4506155 0,4373473 0,4271389 0,4365499 0,4236152 0,45557 0,5032856 0,5294234 0,5391973 0,5290706 0,527665 0,5445154 0,5182601 0,4806793 0,5028188 0,5011792 0,4902989 0,5165958 0,5558455 0,5659199 0,5600957 0,5416813 0,50308
0,4132976 0,4337498 0,4159274 0,3835869 0,396511 0,3980528 0,3897477 0,4001992 0,3936778 0,4065385 0,4258111 0,4530267 0,4540223 0,4199483 0,4026892 0,4260232 0,4530292 0,448868 0,4269916 0,4328455 0,45242 0,4436648 0,4558217 0,4786719 0,4980369 0,4617354 0,4135053 0,4253227 0,4358269 0,4137543 0,4018173 0,4142222 0,4280278 0,4474044 0,45297 0,4330245 0,4356737 0,4500431 0,4623494 0,4374632 0,4201743 0,416399 0,4297699 0,4828691 0,5260249 0,5377512 0,5428514 0,554493 0,5565965 0,5262688 0,507773 0,4880633 0,50893 0,5101672 0,4965883 0,5435649 0,576021 0,5873401 0,572589 0,5420013 0,5064676
0,4145556 0,4298233 0,4279179 0,4083084 0,410329 0,4073668 0,4023898 0,4162169 0,4111076 0,4132296 0,446135 0,4731401 0,4439153 0,4223731 0,4299866 0,4419805 0,4594365 0,4547243 0,4262441 0,4234563 0,4363251 0,4279961 0,4415113 0,466877 0,4846601 0,4605084 0,4378693 0,4464962 0,445989 0,4321556 0,4285697 0,4493539 0,4707673 0,4581407 0,4437314 0,4354067 0,4404345 0,4551871 0,4598665 0,4470986 0,4218894 0,4002104 0,4517368 0,5000841 0,5199993 0,5231234 0,5278256 0,5502641 0,5521826 0,5083601 0,5117761 0,5262021 0,530874 0,5118985 0,503764 0,5601523 0,5910599 0,5957691 0,5659847 0,5276549 0,5141729
0,4251269 0,4449458 0,4528848 0,4251991 0,4090218 0,4355292 0,4433469 0,4315802 0,4235534 0,4275071 0,4566486 0,4696135 0,4435534 0,4313996 0,4367263 0,446678 0,4422846 0,4339608 0,4258784 0,4269227 0,4278511 0,4170905 0,4288485 0,4548669 0,455886 0,4254149 0,41492 0,4371259 0,452333 0,4440814 0,4399602 0,4605984 0,4784057 0,4601181 0,4578398 0,4436446 0,4231546 0,4222635 0,4460467 0,4712262 0,4609361 0,4014613 0,4430231 0,5068939 0,5171899 0,5063844 0,5147498 0,5254391 0,5352532 0,5085961 0,5012504 0,5292721 0,5432409 0,5229268 0,5104112 0,5511806 0,5848855 0,5873076 0,5634282 0,5270965 0,50803
0,4440947 0,4562109 0,4526664 0,4264334 0,4224276 0,4626214 0,4649844 0,444574 0,4423073 0,4512483 0,4442752 0,4456967 0,4380495 0,4347152 0,436485 0,4398406 0,4370673 0,4386429 0,4446645 0,4426316 0,4357096 0,4223764 0,4516144 0,4927504 0,4780968 0,4265906 0,4011382 0,4097472 0,4262089 0,4307616 0,4294665 0,4463118 0,4589746 0,4597293 0,4768399 0,4630802 0,4260561 0,4112348 0,44305 0,4595859 0,4224831 0,3958067 0,4521705 0,5249728 0,5389577 0,5258248 0,5362254 0,5442291 0,5237855 0,5036793 0,4860873 0,5117619 0,5377028 0,5223224 0,5036315 0,5487674 0,5732793 0,5731251 0,5663578 0,5371639 0,4967918
0,4312556 0,4465488 0,4450104 0,4440303 0,4376002 0,4459055 0,4482608 0,438874 0,4442037 0,4491131 0,430468 0,4394001 0,4458146 0,4433903 0,4486192 0,4477574 0,4533848 0,4532168 0,4484011 0,4503335 0,4481678 0,4414122 0,4656905 0,4965014 0,4851694 0,4431388 0,4477726 0,4506607 0,4356544 0,4222145 0,4266186 0,4527052 0,4572034 0,4656071 0,4831693 0,4675766 0,4325538 0,4343267 0,4491709 0,4234306 0,3978712 0,4255288 0,4823502 0,4987004 0,4986703 0,5131986 0,5526844 0,5463378 0,49321 0,5004702 0,5002074 0,4987984 0,5198848 0,4999923 0,488992 0,5391715 0,5512944 0,566361 0,5622453 0,5305089 0,4805514
0,4368981 0,4545154 0,4587352 0,4664986 0,4446033 0,4398221 0,4522918 0,4452675 0,4383016 0,4268919 0,4047013 0,4206804 0,4415014 0,447556 0,4552657 0,4566474 0,4527304 0,4396414 0,4312257 0,4434585 0,438273 0,4325618 0,4497272 0,458533 0,4458764 0,4118161 0,4291529 0,4496182 0,434404 0,4139566 0,4392877 0,4852686 0,4842741 0,4750624 0,4790552 0,4509467 0,391668 0,4323599 0,4754075 0,4195176 0,4086621 0,4460583 0,5066567 0,527274 0,5088086 0,5079534 0,5219 0,498222 0,4887336 0,5338161 0,5324355 0,5046978 0,5045977 0,4841344 0,4802984 0,529444 0,5349656 0,5643692 0,5568755 0,5152165 0,4949681
0,4304686 0,4537721 0,4568744 0,4606453 0,4620827 0,4530849 0,4556244 0,4477438 0,43157 0,4061352 0,4106875 0,4380509 0,4285519 0,4254496 0,4344953 0,4480258 0,4368482 0,4172982 0,4163371 0,4381441 0,4342597 0,4302119 0,4407901 0,4371987 0,4200907 0,3957582 0,4051127 0,4395847 0,4462186 0,4210563 0,4419698 0,4720368 0,4603214 0,4514284 0,4861987 0,4811557 0,4252245 0,4427437 0,4586325 0,4177847 0,4185882 0,4564827 0,5090842 0,5425662 0,5354521 0,5229949 0,5420698 0,5222812 0,5145677 0,5377499 0,5389979 0,5358634 0,5184448 0,4807674 0,4667588 0,5204661 0,5302085 0,5454528 0,5354258 0,4976465 0,5015283
0,4159424 0,4412154 0,4642623 0,472906 0,4668539 0,4677319 0,4500784 0,448356 0,4503529 0,4274952 0,4513573 0,4660799 0,4142613 0,3985029 0,4229476 0,4430689 0,4230042 0,4055017 0,4251773 0,4505665 0,4443673 0,4323637 0,4435103 0,4533476 0,4730187 0,4404247 0,3906774 0,4386445 0,4558097 0,4277086 0,4471738 0,445359 0,4244428 0,425029 0,4526985 0,4482853 0,411692 0,4094202 0,4197638 0,4130137 0,4115546 0,430631 0,490269 0,5295263 0,5327842 0,5370807 0,5509781 0,5417873 0,5223371 0,5103614 0,5262001 0,5475064 0,5103147 0,4695357 0,4647097 0,5217385 0,5345195 0,5325044 0,5469521 0,5010308 0,475906
0,441424 0,4422743 0,4489323 0,4670637 0,4658391 0,4802495 0,4674774 0,4487715 0,4421123 0,4296263 0,4565793 0,44708 0,4081384 0,4240147 0,4448746 0,4367046 0,4099257 0,3896518 0,4261363 0,4615287 0,446181 0,4144682 0,4252343 0,4654713 0,4821149 0,4425004 0,3784302 0,4320073 0,4305823 0,4081602 0,4376241 0,4336723 0,4439336 0,4393009 0,4266029 0,4023488 0,3703611 0,3884921 0,4171061 0,4084207 0,4056018 0,4358629 0,4998039 0,5292788 0,5223908 0,5501826 0,544763 0,5354085 0,5482328 0,5224897 0,5276797 0,5375954 0,4957663 0,4727726 0,4992228 0,5431223 0,5329564 0,5339665 0,5615733 0,5513241 0,5018932
0,4248144 0,4248737 0,4292891 0,4628228 0,4728625 0,4395719 0,4223341 0,4415983 0,4174665 0,4113039 0,4591062 0,4483396 0,4276382 0,4474394 0,4531957 0,4109778 0,3883456 0,4048313 0,4290423 0,454284 0,4368719 0,4234816 0,4340243 0,4489693 0,4390275 0,4271685 0,4223565 0,4701842 0,4316371 0,4071088 0,4111567 0,3984821 0,4353587 0,4352348 0,410992 0,3933654 0,3620777 0,3877982 0,4248798 0,4048313 0,4183181 0,4761051 0,515955 0,488245 0,4843986 0,5424452 0,5422257 0,5094258 0,5121207 0,5085105 0,5270989 0,5356005 0,5036563 0,4596547 0,4857907 0,5356376 0,528383 0,5219654 0,5219301 0,5409659 0,4980042
0,4371811 0,4185871 0,4111152 0,4165051 0,458599 0,4343117 0,4156516 0,465157 0,4515968 0,4290891 0,4316173 0,4221717 0,4247154 0,4244201 0,4133875 0,3703589 0,3929235 0,4348643 0,4314462 0,4422313 0,4475548 0,4314138 0,4358625 0,4625133 0,4669108 0,4333409 0,4236126 0,464783 0,4457555 0,4290352 0,41589 0,3963116 0,4275661 0,4195074 0,4002137 0,3733994 0,3296757 0,3745151 0,4273668 0,3924343 0,3986264 0,4876912 0,5367436 0,474475 0,4640491 0,5281392 0,5632099 0,5449002 0,5087706 0,5018396 0,5271358 0,550131 0,5221324 0,4629743 0,4913041 0,5371999 0,5309873 0,5563559 0,55124 0,5405921 0,496721
0,4500354 0,3937784 0,3976534 0,4190299 0,4379364 0,4364055 0,4333006 0,43294 0,423441 0,4262172 0,4120423 0,4105914 0,4441529 0,4683297 0,4266574 0,3902686 0,4159643 0,4469999 0,4450651 0,4658191 0,4569987 0,422727 0,4509079 0,4949561 0,4762112 0,4216745 0,4191947 0,438613 0,4306395 0,4176161 0,3917518 0,3837858 0,4141397 0,4102928 0,3877745 0,3809121 0,3850572 0,413552 0,4252882 0,3989666 0,4098349 0,4810222 0,5296053 0,4917781 0,4928877 0,514824 0,5514562 0,5545932 0,5113128 0,4939241 0,5104753 0,5271131 0,5109766 0,4883732 0,5245134 0,5429589 0,545165 0,546876 0,5495238 0,5454744 0,5193983
0,4397211 0,4262916 0,4275125 0,4331328 0,4176686 0,4127511 0,454789 0,4490659 0,4210527 0,4421744 0,4529823 0,4475136 0,4515144 0,4697592 0,4527088 0,4235313 0,4148162 0,4254906 0,4315597 0,4326348 0,4346325 0,4240975 0,4527288 0,4671887 0,4595525 0,4412464 0,4565272 0,457505 0,4348688 0,4174716 0,3771192 0,3845131 0,4185978 0,4105861 0,3956791 0,4197767 0,4798083 0,4904594 0,4358918 0,40458 0,4278007 0,4559813 0,4724478 0,481626 0,5008891 0,4894757 0,4814088 0,48479 0,4725105 0,4636987 0,4745646 0,4729634 0,468922 0,4951137 0,5372598 0,5504661 0,5300526 0,5178152 0,5460563 0,5525271 0,5132245
0,4546307 0,4410181 0,440449 0,4309577 0,4502994 0,4654236 0,4781986 0,4542001 0,4312861 0,4400721 0,4361795 0,4518429 0,4459629 0,4391277 0,4432816 0,4371467 0,4126262 0,4331184 0,4238417 0,3890315 0,4188701 0,430377 0,4523777 0,4570171 0,4726067 0,4620866 0,444514 0,4434547 0,4452414 0,4275143 0,4004209 0,4360303 0,4654005 0,4351115 0,4098397 0,4086181 0,44322 0,4720241 0,4233794 0,3946216 0,428013 0,4525578 0,4328433 0,4348405 0,4468407 0,4309949 0,4133595 0,4172568 0,4427512 0,4681727 0,476161 0,4424869 0,4246478 0,4637131 0,5193211 0,5341326 0,4991122 0,5210778 0,5695874 0,5590674 0,5028407
0,4362026 0,4291024 0,4374023 0,4258229 0,4459693 0,4839033 0,4719998 0,4262799 0,4274092 0,4522476 0,4477821 0,4494663 0,4529243 0,4502236 0,4530509 0,4450913 0,4245822 0,4470468 0,4608323 0,4262041 0,4356159 0,4209117 0,4493214 0,4835663 0,4931561 0,4560061 0,4259852 0,4390405 0,4462604 0,4163068 0,3914546 0,466617 0,488142 0,4388946 0,4013836 0,4083292 0,4582165 0,4743055 0,4230187 0,3992065 0,4334762 0,4742625 0,4480343 0,4309333 0,4114783 0,3991033 0,4295653 0,455174 0,4713598 0,4926739 0,4945286 0,4806522 0,4671217 0,472721 0,4974385 0,5021826 0,4826037 0,5191947 0,5492576 0,5535388 0,510343
0,4454862 0,421884 0,4110501 0,4202084 0,4469316 0,4804153 0,481092 0,4390484 0,4410869 0,4596917 0,4496265 0,4257894 0,4210724 0,4290728 0,4343277 0,4415051 0,4292625 0,4200747 0,4275037 0,4218918 0,4357843 0,4219104 0,4234724 0,4518029 0,4533362 0,4220079 0,4281793 0,450217 0,4313734 0,4205059 0,4189802 0,4627061 0,4710862 0,442954 0,4068296 0,4153719 0,4788184 0,4966942 0,4499 0,4358643 0,4620271 0,4734491 0,4574426 0,4673755 0,4687836 0,448688 0,4570497 0,4778123 0,4749154 0,4708149 0,4499466 0,4332612 0,4655405 0,4927281 0,4823356 0,4723842 0,4838581 0,5038844 0,531667 0,549767 0,5231305
0,4542249 0,4097833 0,4005187 0,4264617 0,4636056 0,4745307 0,4666064 0,4434088 0,4473682 0,4434966 0,4316184 0,432805 0,4484133 0,4543379 0,4430464 0,4398023 0,4472558 0,4346538 0,4172299 0,4180928 0,4464441 0,446553 0,4282922 0,4143097 0,4174871 0,4174865 0,4345036 0,4466342 0,438931 0,4536683 0,4596914 0,4494824 0,4501238 0,4551905 0,4125235 0,4194312 0,4793561 0,4759575 0,4541003 0,4506269 0,4701637 0,4498448 0,4264645 0,4407766 0,4704102 0,4846518 0,4698886 0,4594415 0,4526967 0,4467249 0,4305607 0,4298241 0,4555779 0,4984799 0,4921093 0,4800625 0,4875205 0,5037704 0,5594962 0,5610659 0,502415
0,4580134 0,4176958 0,4180852 0,43335 0,4706543 0,4786353 0,4513532 0,4488137 0,4551032 0,4310528 0,410445 0,4353642 0,4740398 0,4975393 0,4715666 0,4331315 0,4622722 0,4402547 0,4035225 0,4302976 0,4464209 0,4217239 0,397297 0,4109292 0,4335075 0,4392732 0,4410768 0,4524545 0,4601596 0,4698438 0,4925792 0,4840569 0,4605395 0,4559944 0,433207 0,4640031 0,5081173 0,4923245 0,461782 0,4447279 0,4732153 0,4808486 0,4675237 0,4850505 0,5111388 0,5057324 0,4936908 0,4775915 0,4705635 0,4692041 0,4764045 0,5066952 0,4799445 0,4898778 0,5097963 0,4974023 0,5020869 0,511389 0,5386422 0,502065 0,4552239
0,4522544 0,4320443 0,4402669 0,4664031 0,4735526 0,4602479 0,4370313 0,4504571 0,4701985 0,4509845 0,4352658 0,4313146 0,4606902 0,4959673 0,4953734 0,4508173 0,4489476 0,430803 0,4078583 0,4523015 0,4416274 0,4089286 0,406901 0,4486924 0,4557206 0,4266132 0,430207 0,4692975 0,47199 0,4629123 0,4870455 0,4810566 0,456879 0,4527683 0,4716423 0,4838668 0,4922197 0,4742711 0,444565 0,438009 0,4688866 0,5077706 0,5274557 0,5455583 0,5385717 0,5038058 0,5012587 0,506513 0,5155907 0,519466 0,5167788 0,5242506 0,4994176 0,5116575 0,5267395 0,5126682 0,5377585 0,5361876 0,5057136 0,4751385 0,4863803
0,4443631 0,44626 0,4565326 0,4762728 0,4551654 0,4371224 0,4297996 0,4333332 0,4710369 0,4820784 0,4649366 0,4316981 0,4387696 0,4797142 0,491517 0,4384897 0,4279506 0,4634817 0,4545169 0,4569694 0,4296986 0,4254912 0,4278705 0,4728395 0,4973001 0,4414382 0,4370095 0,4927115 0,5010721 0,4720055 0,4700956 0,4767323 0,4693451 0,4659313 0,4799947 0,4501095 0,4367715 0,4372879 0,4421288 0,4642136 0,4937814 0,5288113 0,5391974 0,540045 0,5374864 0,5085683 0,5197968 0,5383339 0,5344306 0,5324227 0,5250776 0,523524 0,5057158 0,514797 0,5305017 0,5253124 0,5236996 0,525823 0,5247961 0,52996 0,5561259
0,4328519 0,437665 0,4596386 0,4758069 0,4668479 0,4420502 0,4295805 0,4387708 0,4762475 0,5012045 0,4687717 0,4351079 0,4446394 0,4757378 0,4691954 0,4277445 0,4379801 0,4473391 0,4310832 0,4277593 0,420794 0,4207054 0,416426 0,4384296 0,4712493 0,4667862 0,4592144 0,4643636 0,4623488 0,4404301 0,474 0,4981221 0,4788384 0,438884 0,421805 0,4118509 0,4156425 0,4373388 0,4582909 0,4834498 0,5057387 0,5148597 0,5091481 0,5063471 0,5336245 0,541384 0,5473711 0,556376 0,5230684 0,5087686 0,5076126 0,5108393 0,4903888 0,4897716 0,5256392 0,5494677 0,522613 0,5057861 0,5376819 0,5484534 0,5403033
0,4170882 0,4103324 0,4423174 0,4665247 0,4682982 0,4549497 0,4423986 0,4574538 0,4782539 0,485115 0,451378 0,4388436 0,4643393 0,4781784 0,4575229 0,4233536 0,4291975 0,4166344 0,3968888 0,4061918 0,423144 0,4420981 0,4263564 0,3987069 0,4263443 0,4796579 0,4682104 0,4624261 0,452117 0,4277284 0,4887673 0,4894063 0,4300228 0,4045202 0,427053 0,442271 0,4396517 0,4687634 0,4881999 0,4925243 0,4960815 0,5181649 0,5321407 0,532396 0,5569021 0,5621534 0,5627065 0,5581871 0,5271448 0,5105265 0,5109639 0,5109842 0,4912329 0,501393 0,5239471 0,5402966 0,5215414 0,5000862 0,5064602 0,5108608 0,5128292
0,4309471 0,4185392 0,4316322 0,4451976 0,4654922 0,4640335 0,4283882 0,4421341 0,480571 0,4887719 0,4700028 0,4633921 0,4688062 0,4585293 0,4371371 0,418776 0,4216508 0,4136663 0,4121673 0,4209351 0,4478678 0,4672195 0,443585 0,4127144 0,4318266 0,4884386 0,4935387 0,5044063 0,4765167 0,4455436 0,494854 0,4977932 0,4399773 0,4350308 0,4878249 0,4938995 0,472833 0,4749001 0,4653936 0,4693306 0,4798865 0,511844 0,5326072 0,553884 0,5630004 0,5435793 0,5478722 0,5487079 0,5470313 0,5276794 0,5287731 0,516031 0,4890786 0,5071501 0,5162749 0,5090708 0,5110028 0,5256222 0,5285084 0,5151839 0,5152842
0,4672468 0,4402421 0,4362437 0,4492588 0,4731734 0,4636822 0,419124 0,4404668 0,4857778 0,4959505 0,4854581 0,4601413 0,4376251 0,4240068 0,4129217 0,4203376 0,4315733 0,4213397 0,4324014 0,4505754 0,4656585 0,4647543 0,4490958 0,4457399 0,4580271 0,4768786 0,5050855 0,5006977 0,4593596 0,4538029 0,4989265 0,5083164 0,4765373 0,4463783 0,4659783 0,4667311 0,4622003 0,4495777 0,4257136 0,433236 0,4831879 0,5380406 0,5392424 0,5558133 0,5635335 0,5330647 0,5182447 0,5321082 0,5569245 0,5266487 0,5391358 0,5250419 0,4914515 0,5079153 0,521202 0,5173144 0,5279149 0,5529987 0,5448679 0,5244054 0,4918205
0,4791228 0,4331109 0,4266401 0,4620622 0,4685695 0,4452991 0,4137294 0,4451315 0,4812197 0,4826888 0,460791 0,4294492 0,4130547 0,4127765 0,4134484 0,4202161 0,4238013 0,4214517 0,4361876 0,4606305 0,4466399 0,4441588 0,453794 0,4599554 0,4640454 0,4535287 0,5139621 0,5174937 0,4758149 0,478034 0,4916023 0,4919632 0,4838658 0,4765664 0,46222 0,448209 0,4454762 0,4662135 0,4903569 0,476723 0,5231578 0,5729856 0,5597261 0,5797004 0,5734363 0,5304898 0,5025101 0,5257155 0,548502 0,5232802 0,539836 0,531376 0,5157151 0,5209084 0,5373794 0,5371436 0,5291734 0,5388523 0,5227716 0,5107203 0,5116243
0,4609487 0,4234791 0,4232443 0,4659841 0,4750049 0,4503241 0,4277725 0,4559424 0,4851911 0,4837399 0,4459458 0,4169503 0,4241766 0,4363379 0,4383094 0,431736 0,4310821 0,4254758 0,4332608 0,4465668 0,427965 0,4525084 0,4615512 0,4485983 0,4728959 0,4619043 0,5057632 0,4954187 0,4732435 0,4910529 0,5054924 0,4978162 0,4602596 0,4569955 0,4737971 0,4746 0,4582663 0,4731256 0,501609 0,4990063 0,5474571 0,5695454 0,5505278 0,5612694 0,5541374 0,5343187 0,520328 0,5529355 0,5468419 0,513791 0,5325994 0,5453233 0,5428314 0,5296557 0,5144034 0,5120926 0,5096903 0,5093558 0,5018747 0,5190005 0,551641
