test/g2lab/icchange/view/profile/olddata/2010-05-03-dndvi.txt
ncols         452
nrows         411
xllcorner     527595,50307841
yllcorner     5934256,8476051
cellsize      5
NODATA_value  -9999
[rows 0 to 34 of 411, columns 316 to 394 of 452]
-9999 -9999 5280 4873 5160 5219 5114 5540 5502 5253 -9999 -9999 -9999 -9999 5299 5226 5198 5020 5072 5370 5367 5404 5290 5101 5268 5219 4964 5075 5382 5199 5147 5325 5380 5235 5208 5270 4910 4720 5062 5207 -9999 -9999 -9999 5060 5381 5520 5366 5403 5476 5290 5193 5384 5335 5267 5281 5206 5152 5362 5342 5020 5218 5268 5311 5258 5278 5193 5183 5298 4978 5033 5303 5034 5158 -9999 -9999 -9999 -9999 -9999 -9999
-9999 -9999 5445 5324 5250 5354 5149 5256 5626 -9999 -9999 -9999 -9999 -9999 5233 5296 5323 5091 5126 5252 5124 5127 5268 5094 4983 5268 5216 5224 5612 5308 5155 5444 5493 5200 5007 5098 5211 5143 5107 5259 5127 -9999 -9999 5289 5291 5297 5213 5232 5350 5296 4957 4924 5245 5262 -9999 5274 5379 5700 5517 5105 5386 5346 5357 5450 5265 5010 5153 5363 5155 4985 5023 5097 5313 -9999 -9999 -9999 -9999 -9999 -9999
-9999 5245 5056 5083 5254 5600 5464 5373 -9999 -9999 -9999 -9999 -9999 -9999 5036 5357 5413 5174 5143 5219 5097 4943 5234 5234 4965 5344 5420 5336 5450 5395 5218 5233 5299 5251 5438 5261 5037 5079 5060 5088 5260 -9999 -9999 5266 5221 5315 5315 5212 5189 5228 5152 5177 5418 5361 -9999 -9999 -9999 5451 5483 5331 5365 5440 5364 5293 5222 5159 5321 5275 4895 4820 5054 5252 5323 -9999 -9999 -9999 -9999 -9999 -9999
5151 5354 4849 4791 4981 -9999 -9999 -9999 -9999 -9999 -9999 -9999 -9999 -9999 -9999 5084 5262 5399 5211 5233 5270 5109 4820 5009 5067 5197 5369 5339 -9999 -9999 5222 5023 5168 5232 5143 4956 4734 4896 5288 5474 5372 5238 5126 5203 5223 5072 5003 5156 5305 5462 5583 5499 5415 5376 5374 -9999 -9999 5287 5345 5342 5129 5028 5129 5069 5151 5234 5135 5189 4987 4973 5448 5496 -9999 -9999 -9999 -9999 -9999 -9999 -9999
5175 -9999 5232 5250 5293 5274 5506 -9999 5544 -9999 -9999 -9999 -9999 -9999 -9999 5545 5395 5246 5166 5119 5006 5155 5138 5028 5028 5075 5327 5361 5249 -9999 5288 5062 5137 5134 4873 5011 5264 5206 5060 5288 5156 5130 -9999 5249 5079 -9999 -9999 -9999 -9999 5413 5433 5351 5224 5306 5380 5310 5321 5199 5124 5301 5307 5148 5117 5019 5058 5309 5385 5294 5120 5196 5669 5504 -9999 -9999 -9999 -9999 -9999 -9999 -9999
5127 -9999 5111 4896 5370 5280 5243 5638 5613 5400 -9999 -9999 -9999 -9999 -9999 -9999 5213 5020 5182 5073 5016 5258 5397 4933 5015 5067 5184 5290 5130 5158 5252 5083 5117 5133 5143 5259 5198 5114 4990 5132 5058 -9999 -9999 -9999 -9999 -9999 -9999 -9999 -9999 -9999 5321 5225 5158 5513 5597 5271 5254 5137 5203 5522 5575 5360 5233 5297 5317 5380 5442 5285 5188 5080 5288 -9999 -9999 -9999 -9999 -9999 -9999 -9999 -9999
5173 -9999 -9999 5051 5338 5402 5382 5417 5457 5551 -9999 -9999 -9999 -9999 -9999 -9999 5177 5070 5169 5196 5115 5056 5154 5117 5100 5391 -9999 -9999 5208 5009 5056 5212 5236 5176 5185 5203 5103 5219 5298 5291 5168 -9999 -9999 5103 5015 5307 5248 -9999 -9999 -9999 -9999 -9999 5265 -9999 -9999 5269 5180 5178 5425 5584 5417 5310 5276 5303 5180 5037 5182 5296 5189 5248 5344 -9999 -9999 -9999 -9999 -9999 -9999 -9999 -9999
5283 -9999 -9999 5267 5079 5292 5683 5484 5355 -9999 -9999 -9999 -9999 -9999 -9999 -9999 5213 5428 5546 5293 5079 5237 5204 5225 -9999 -9999 -9999 -9999 5224 5220 5215 5420 5396 5045 5038 5140 5181 5238 5252 5270 5181 -9999 -9999 5219 5105 5398 5279 -9999 -9999 -9999 -9999 -9999 -9999 -9999 -9999 5494 5428 5326 5512 5419 5154 5242 5291 5136 4957 4921 4964 5025 5162 5551 5484 -9999 -9999 -9999 -9999 -9999 -9999 -9999 -9999
5186 -9999 5404 4971 4905 5383 5763 5479 5268 -9999 5529 -9999 -9999 -9999 -9999 -9999 4955 5383 5607 5182 4957 5246 5372 5255 -9999 -9999 -9999 -9999 -9999 -9999 -9999 -9999 -9999 -9999 5100 5228 5154 5102 5345 5335 5223 -9999 -9999 5054 5137 5200 5102 -9999 5111 -9999 -9999 -9999 -9999 -9999 -9999 5516 5626 5539 5492 5568 5427 5295 5227 5108 5215 5382 5124 5067 5232 5464 5301 5273 -9999 -9999 -9999 -9999 -9999 -9999 -9999
-9999 -9999 5480 5210 5226 -9999 -9999 -9999 5584 5671 5442 -9999 -9999 -9999 -9999 -9999 4839 5139 5393 5186 5203 5270 5333 5163 -9999 -9999 -9999 -9999 -9999 -9999 -9999 -9999 -9999 -9999 -9999 5363 5363 5251 5358 5382 5266 -9999 -9999 5155 5205 -9999 -9999 -9999 5359 -9999 -9999 -9999 -9999 -9999 -9999 -9999 5789 5735 5367 5336 5392 5321 5250 5270 5190 5395 5391 5250 5214 5291 5396 5496 -9999 -9999 -9999 -9999 -9999 -9999 5152
-9999 -9999 5389 5188 5284 -9999 -9999 -9999 5597 5631 5384 -9999 -9999 -9999 -9999 -9999 -9999 5226 5192 5209 5336 5231 -9999 -9999 -9999 -9999 -9999 -9999 -9999 -9999 5081 -9999 -9999 -9999 -9999 -9999 5255 -9999 -9999 -9999 5324 5285 5216 5226 5301 -9999 -9999 -9999 -9999 -9999 -9999 -9999 -9999 -9999 -9999 -9999 -9999 5709 5436 5351 5435 5393 5357 5374 5196 5443 5491 5120 5291 5256 5397 5628 -9999 -9999 -9999 5232 5307 5275 5234
-9999 -9999 5236 5007 5122 5369 5366 -9999 -9999 5534 5442 -9999 -9999 -9999 -9999 -9999 -9999 5099 5140 -9999 -9999 -9999 -9999 -9999 -9999 -9999 -9999 -9999 -9999 -9999 5251 5399 5556 -9999 -9999 -9999 5146 5333 5505 -9999 5263 5360 5233 5133 5294 -9999 -9999 -9999 -9999 -9999 -9999 -9999 -9999 -9999 -9999 -9999 -9999 -9999 -9999 5542 5617 5409 5372 5369 5257 5378 5466 -9999 -9999 5177 5227 5436 5568 5316 5251 5304 5261 5286 5245
-9999 -9999 5303 5408 5443 5440 5330 -9999 -9999 -9999 -9999 -9999 -9999 -9999 -9999 -9999 -9999 4958 5175 5376 -9999 -9999 -9999 -9999 -9999 -9999 -9999 -9999 -9999 -9999 -9999 -9999 -9999 -9999 5413 5411 5254 5105 5158 5151 5177 5322 5238 5184 5306 5311 5219 -9999 -9999 -9999 5323 -9999 -9999 -9999 -9999 -9999 -9999 -9999 -9999 -9999 -9999 -9999 -9999 -9999 -9999 -9999 -9999 -9999 -9999 5165 5230 5018 5084 5312 5318 5211 5123 5298 5416
-9999 -9999 -9999 -9999 -9999 5391 5433 -9999 -9999 -9999 5429 -9999 -9999 -9999 -9999 -9999 -9999 -9999 5046 5228 5315 -9999 -9999 -9999 -9999 -9999 -9999 -9999 -9999 -9999 -9999 -9999 -9999 -9999 5165 5113 5261 5324 5276 5103 5231 5414 5375 5176 5378 5520 5370 5313 5306 5293 5126 -9999 -9999 -9999 -9999 -9999 -9999 -9999 -9999 -9999 -9999 -9999 -9999 -9999 -9999 -9999 -9999 -9999 -9999 5041 5243 4941 4984 5416 5315 5310 5220 5226 5356
5110 5129 -9999 -9999 -9999 -9999 5168 -9999 -9999 -9999 -9999 -9999 -9999 -9999 -9999 -9999 -9999 -9999 5068 5156 5264 -9999 -9999 -9999 -9999 -9999 -9999 -9999 -9999 -9999 -9999 -9999 -9999 -9999 -9999 5260 5337 5491 5428 5215 -9999 5471 5283 -9999 -9999 -9999 5196 5221 5126 4913 4680 -9999 -9999 -9999 -9999 -9999 -9999 -9999 -9999 -9999 -9999 -9999 -9999 -9999 -9999 5300 5291 5218 5206 5131 5185 5219 5177 5361 5352 5200 5315 5163 5109
5071 5139 -9999 -9999 -9999 -9999 -9999 -9999 -9999 -9999 -9999 -9999 -9999 -9999 -9999 -9999 -9999 -9999 -9999 5134 5184 -9999 -9999 -9999 -9999 -9999 -9999 -9999 -9999 -9999 -9999 -9999 -9999 -9999 -9999 5278 5356 5215 5207 5236 5346 5432 5071 -9999 -9999 -9999 -9999 -9999 -9999 5188 5193 5157 -9999 -9999 -9999 5541 5407 -9999 5148 5259 5242 5345 -9999 -9999 -9999 5464 5505 5242 5230 5316 5220 5286 5223 5416 5500 5252 5456 5417 5224
-9999 -9999 -9999 -9999 -9999 -9999 -9999 -9999 -9999 -9999 -9999 -9999 -9999 -9999 -9999 -9999 -9999 -9999 -9999 -9999 5300 5336 5064 -9999 -9999 -9999 -9999 -9999 -9999 -9999 -9999 -9999 -9999 -9999 -9999 5224 5532 5255 5238 5436 5440 5380 5192 -9999 -9999 -9999 -9999 5329 5617 -9999 5181 5228 -9999 -9999 -9999 5428 5048 5026 5270 5360 5199 5048 5273 5314 5047 5325 5487 5243 5150 5555 5315 5156 5420 5407 5558 5459 5272 5278 5397
-9999 -9999 -9999 -9999 -9999 -9999 -9999 -9999 -9999 -9999 -9999 -9999 -9999 -9999 -9999 -9999 -9999 -9999 -9999 -9999 5335 5327 5069 5184 -9999 5440 5345 5504 -9999 -9999 5261 5225 5156 5072 5044 5188 5321 -9999 -9999 5430 5463 5155 -9999 -9999 5252 -9999 5267 5239 5258 -9999 5159 4937 -9999 -9999 -9999 -9999 -9999 -9999 5375 5444 5198 5022 5160 5412 5471 5487 5374 5165 5101 5344 5278 5389 5552 5280 5346 5552 5619 5581 5487
-9999 -9999 -9999 -9999 -9999 -9999 -9999 -9999 5155 -9999 -9999 -9999 -9999 -9999 -9999 -9999 -9999 -9999 -9999 -9999 5079 5130 5001 5120 5271 5261 5228 5430 5377 5212 5309 5277 5084 4987 5092 5253 5299 5121 -9999 -9999 -9999 -9999 -9999 -9999 -9999 -9999 -9999 -9999 -9999 5228 5368 5161 4977 -9999 -9999 -9999 -9999 -9999 -9999 -9999 -9999 5551 5578 -9999 -9999 5373 5156 5063 5205 5357 5283 5406 5471 5391 5418 5286 5464 5508 5182
-9999 -9999 -9999 -9999 -9999 -9999 -9999 -9999 -9999 -9999 -9999 -9999 -9999 -9999 4919 -9999 -9999 -9999 -9999 -9999 -9999 4946 5017 5166 5220 5333 5383 5454 5322 5176 5280 5357 5272 5224 5295 5317 5280 5338 5300 5256 -9999 -9999 -9999 -9999 5293 -9999 -9999 -9999 -9999 5010 5114 5025 5025 -9999 -9999 -9999 -9999 -9999 -9999 -9999 -9999 -9999 -9999 -9999 -9999 5178 -9999 -9999 -9999 -9999 5213 5235 5177 5225 5244 4970 5011 5137 5113
-9999 -9999 -9999 -9999 -9999 -9999 -9999 -9999 -9999 -9999 -9999 -9999 -9999 -9999 -9999 -9999 -9999 -9999 -9999 -9999 -9999 -9999 5228 5285 5261 5485 5440 5260 5296 5235 5235 5276 5219 5289 5386 5290 5076 5192 5234 5132 5143 -9999 -9999 -9999 4970 -9999 -9999 -9999 -9999 -9999 5096 4975 5086 5192 -9999 -9999 -9999 -9999 -9999 -9999 -9999 -9999 -9999 -9999 5294 -9999 -9999 -9999 4897 5003 5456 5571 5309 4969 5037 -9999 5269 5210 5114
-9999 -9999 -9999 -9999 -9999 -9999 -9999 -9999 -9999 -9999 5337 5146 -9999 -9999 -9999 -9999 -9999 -9999 -9999 -9999 -9999 -9999 -9999 5181 5116 5253 5322 5266 5361 5409 5443 5428 5329 5300 5413 5347 5193 5405 5242 5044 5151 -9999 -9999 -9999 -9999 -9999 -9999 -9999 -9999 -9999 -9999 -9999 5205 5092 -9999 -9999 -9999 -9999 -9999 -9999 -9999 -9999 5113 5102 5185 -9999 -9999 5236 5287 -9999 -9999 -9999 -9999 -9999 -9999 -9999 -9999 -9999 5015
-9999 -9999 -9999 -9999 -9999 -9999 -9999 -9999 -9999 -9999 -9999 -9999 -9999 -9999 -9999 -9999 -9999 -9999 -9999 -9999 -9999 -9999 -9999 5055 5227 5407 5335 5322 5390 5418 5334 5343 5366 5355 5411 5379 5265 5345 5262 5099 5151 5293 -9999 -9999 -9999 -9999 -9999 -9999 -9999 -9999 -9999 -9999 -9999 4897 -9999 -9999 -9999 -9999 -9999 5039 5030 5087 5230 5208 5069 5027 -9999 5211 5005 -9999 -9999 -9999 -9999 -9999 -9999 -9999 -9999 -9999 5201
-9999 -9999 -9999 -9999 -9999 -9999 -9999 -9999 -9999 -9999 -9999 -9999 -9999 -9999 -9999 -9999 -9999 -9999 -9999 -9999 -9999 -9999 -9999 -9999 5345 5460 5133 5111 5400 5499 5232 5228 5310 5326 5353 5491 5345 5080 5059 5078 5278 5230 4916 -9999 -9999 -9999 -9999 -9999 -9999 -9999 -9999 -9999 -9999 -9999 -9999 -9999 -9999 -9999 -9999 -9999 -9999 5014 -9999 -9999 -9999 -9999 -9999 5141 4962 -9999 -9999 -9999 -9999 -9999 -9999 -9999 -9999 -9999 5329
-9999 -9999 -9999 -9999 -9999 -9999 -9999 -9999 -9999 -9999 -9999 -9999 -9999 -9999 -9999 -9999 4925 -9999 -9999 -9999 -9999 -9999 -9999 -9999 -9999 5077 5044 5179 5439 5483 -9999 5536 5756 5428 -9999 -9999 5625 5450 5299 5271 5364 5230 5013 -9999 -9999 -9999 -9999 -9999 -9999 -9999 -9999 -9999 -9999 -9999 -9999 -9999 -9999 -9999 -9999 -9999 -9999 -9999 -9999 -9999 -9999 -9999 -9999 4943 5005 -9999 -9999 -9999 -9999 -9999 -9999 -9999 4935 5232 5305
-9999 -9999 -9999 -9999 -9999 -9999 -9999 -9999 -9999 -9999 -9999 -9999 -9999 -9999 -9999 -9999 -9999 -9999 -9999 -9999 -9999 -9999 -9999 -9999 -9999 -9999 5127 5407 5225 5286 -9999 -9999 -9999 -9999 -9999 -9999 -9999 5181 5231 5275 5209 5111 -9999 -9999 -9999 -9999 -9999 -9999 -9999 -9999 -9999 -9999 -9999 -9999 -9999 -9999 -9999 -9999 -9999 -9999 -9999 -9999 -9999 -9999 -9999 -9999 5045 4826 5089 -9999 -9999 -9999 -9999 -9999 -9999 5162 5170 5274 5187
-9999 -9999 -9999 -9999 -9999 -9999 -9999 -9999 5250 -9999 -9999 -9999 -9999 -9999 -9999 -9999 -9999 -9999 -9999 -9999 -9999 -9999 -9999 -9999 -9999 -9999 -9999 5306 4920 5131 5438 -9999 -9999 -9999 -9999 -9999 -9999 -9999 5090 5113 -9999 -9999 -9999 -9999 -9999 -9999 -9999 -9999 -9999 -9999 -9999 -9999 -9999 -9999 -9999 -9999 -9999 -9999 -9999 -9999 -9999 -9999 -9999 -9999 5427 5468 5183 4839 4977 5361 5210 -9999 -9999 5432 5170 4989 5159 5110 -9999
-9999 -9999 -9999 -9999 -9999 -9999 -9999 -9999 -9999 -9999 -9999 -9999 -9999 -9999 -9999 -9999 -9999 -9999 -9999 5036 5143 5410 5460 -9999 -9999 -9999 -9999 -9999 -9999 5060 5656 -9999 -9999 -9999 5566 5256 5222 5295 5282 5167 -9999 -9999 5369 5274 -9999 -9999 -9999 -9999 5261 5328 5163 -9999 -9999 -9999 4952 5085 -9999 5089 4945 5245 -9999 4924 5098 5275 5253 5178 5172 5155 5082 5050 4985 5255 5454 5350 5112 4970 4960 -9999 -9999
-9999 -9999 5080 -9999 -9999 -9999 -9999 -9999 -9999 -9999 -9999 5555 5167 4840 5204 5298 5192 5327 5407 5443 5434 5434 5441 5320 5282 5326 -9999 -9999 -9999 -9999 5669 5408 -9999 -9999 5451 4886 4887 5222 5286 5210 5112 5008 5063 5123 5198 5122 4947 5030 5136 5138 5043 5064 5350 5242 4974 5233 5281 5166 5087 5211 5441 5233 5051 5038 4976 4988 5144 5243 5112 5114 5319 5442 5158 5030 5277 5331 -9999 -9999 -9999
-9999 4861 5124 5201 5183 5096 5009 4845 4787 5056 5184 5213 4933 4872 5166 5278 5156 5351 5497 5322 5081 5209 5279 5234 5372 5435 -9999 -9999 -9999 -9999 5255 5001 -9999 -9999 5220 4922 5154 5316 5195 5104 5332 5174 4992 5059 5206 5258 5219 5210 5143 5031 4954 5056 5551 5287 4967 5325 5165 5080 5182 5207 5193 5222 4971 5008 5100 5002 5023 5117 4992 5161 5336 5172 4853 5005 5324 5212 -9999 5082 5176
5181 5070 5084 5086 5160 5239 5177 5128 5087 5173 5089 5144 5402 5530 5284 5090 5180 5385 5319 5167 5229 5357 5324 5280 5565 5526 5069 -9999 -9999 -9999 5248 5134 5367 -9999 5028 4923 5274 5211 4980 5033 5364 5127 5009 5131 5183 5087 5153 5284 5261 5107 4961 4933 5146 5079 5091 5269 5029 4838 5119 5255 4915 5185 5220 4965 5112 5003 5052 5145 4969 5150 5203 5050 5052 5264 5261 5033 5065 5104 5442
4982 5201 5260 5308 5305 5297 5040 5078 5384 5464 5275 5308 5561 5484 5283 5247 5354 5283 5064 5314 5686 5384 5088 5166 5419 5327 5000 4869 -9999 -9999 5153 5211 5126 5153 5076 5133 5225 5002 4892 5095 5353 5088 5159 5294 5333 5281 5329 5398 5305 5147 5198 5121 4977 5035 5275 5334 5131 4958 5160 5442 5191 4945 5206 5059 4950 5051 5171 4962 4791 5121 5288 5265 5175 5135 5055 5033 5235 5254 5384
5117 5323 5271 5253 5276 5130 4756 4749 5036 5224 5213 5459 5355 5055 5151 5449 5432 5158 5145 5164 5373 5371 5160 5273 5156 5002 5165 5422 -9999 -9999 4700 5272 5372 4997 5049 5233 5203 5015 5074 5152 5195 5143 5297 5339 5207 5195 5391 5381 5089 4926 5236 5248 5031 5007 5273 5161 5117 5185 5190 5254 5123 4911 5315 -9999 4883 5062 5183 4872 4879 5296 5378 5324 5131 5013 5089 5010 5226 5481 5415
5345 5196 5148 5184 5338 5122 4812 4991 5337 5357 5223 5480 5551 5283 5165 5300 5216 5208 5455 5560 5457 5379 5384 5599 5365 5204 5387 5215 -9999 -9999 -9999 5291 5039 4741 4876 5019 5001 5100 5261 5039 5035 5153 5235 5050 5009 5036 5191 5176 4960 4989 5254 5075 4855 4976 5269 4988 5069 5289 5226 4979 5138 5237 -9999 -9999 5190 5212 5108 4977 5263 5424 5243 5197 5258 5189 5189 5082 5153 5378 5373
5527 5274 5003 5216 5485 5243 4957 5195 5523 5364 5111 5226 5234 5304 5311 5237 5096 5202 5402 5482 5397 5431 5335 5311 5316 5377 5178 4630 -9999 -9999 -9999 -9999 -9999 -9999 -9999 -9999 5018 5254 5255 -9999 5111 5379 5338 5028 5226 5397 5228 5015 5029 5300 5422 5187 5081 5272 5239 4980 5285 5549 5366 4969 5282 -9999 -9999 -9999 -9999 -9999 -9999 5059 5335 5159 4976 5224 5449 5126 4868 5081 5185 5212 5155
