test/g2lab/icchange/view/profile/olddata/2010-05-03-dndvi.txt
ncols         452
nrows         411
xllcorner     527595,50307841
yllcorner     5934256,8476051
cellsize      5
NODATA_value  -9999
[rows 70 to 104 of 411, columns 316 to 394 of 452]
5311 5114 5338 5448 5240 4897 5090 5197 5189 -9999 -9999 -9999 -9999 -9999 5114 5045 4952 5036 5195 5101 5084 -9999 -9999 -9999 -9999 -9999 -9999 -9999 -9999 -9999 -9999 -9999 -9999 -9999 -9999 -9999 -9999 -9999 -9999 -9999 -9999 5152 5060 -9999 -9999 -9999 -9999 -9999 -9999 -9999 -9999 -9999 -9999 -9999 -9999 -9999 -9999 -9999 -9999 -9999 -9999 -9999 -9999 -9999 -9999 5043 -9999 -9999 -9999 -9999 -9999 -9999 -9999 -9999 -9999 -9999 -9999 -9999 -9999
5129 -9999 5072 5195 5022 5168 5516 5149 4979 -9999 -9999 -9999 -9999 5124 5241 5147 5030 5097 5226 5109 5176 5345 -9999 -9999 -9999 -9999 -9999 -9999 -9999 -9999 -9999 -9999 -9999 -9999 -9999 -9999 -9999 -9999 -9999 -9999 -9999 4937 4985 4983 -9999 -9999 -9999 -9999 -9999 -9999 -9999 -9999 -9999 -9999 -9999 -9999 -9999 -9999 -9999 -9999 -9999 -9999 -9999 -9999 -9999 -9999 -9999 -9999 -9999 -9999 -9999 -9999 -9999 -9999 -9999 -9999 -9999 -9999 -9999
4902 -9999 -9999 5539 5302 5331 5560 5099 4914 -9999 -9999 -9999 -9999 5064 5184 5039 4940 5131 5306 5174 5258 5168 -9999 -9999 -9999 -9999 -9999 5154 -9999 -9999 -9999 -9999 -9999 -9999 -9999 -9999 -9999 -9999 -9999 -9999 -9999 -9999 5072 5054 -9999 -9999 -9999 -9999 -9999 -9999 -9999 -9999 -9999 -9999 -9999 -9999 -9999 -9999 -9999 -9999 -9999 -9999 -9999 -9999 -9999 -9999 -9999 -9999 -9999 -9999 -9999 -9999 -9999 -9999 -9999 -9999 -9999 -9999 -9999
4954 5302 5263 5263 5292 5180 5164 -9999 -9999 -9999 -9999 -9999 -9999 -9999 5169 5021 4947 5091 5167 5137 5309 -9999 -9999 -9999 -9999 -9999 -9999 -9999 5262 -9999 5096 -9999 -9999 -9999 -9999 -9999 -9999 -9999 -9999 -9999 4857 5040 5221 5144 -9999 -9999 -9999 -9999 -9999 -9999 -9999 -9999 -9999 -9999 -9999 -9999 -9999 -9999 -9999 -9999 -9999 -9999 -9999 5541 5330 -9999 -9999 -9999 -9999 -9999 -9999 -9999 -9999 -9999 -9999 -9999 -9999 -9999 -9999
4965 5060 5280 5073 5171 -9999 -9999 -9999 -9999 -9999 -9999 -9999 -9999 -9999 -9999 5156 5160 5280 5143 5125 5305 -9999 -9999 5145 5144 -9999 -9999 5342 5196 5127 5086 -9999 -9999 -9999 -9999 -9999 -9999 -9999 -9999 -9999 4849 5057 5231 5214 -9999 -9999 -9999 -9999 -9999 -9999 -9999 -9999 -9999 -9999 -9999 -9999 -9999 -9999 -9999 -9999 -9999 -9999 5302 5445 5281 -9999 -9999 -9999 -9999 -9999 -9999 -9999 -9999 -9999 -9999 -9999 -9999 -9999 -9999
5204 5004 5367 5124 4792 -9999 -9999 -9999 -9999 -9999 -9999 -9999 -9999 -9999 -9999 -9999 -9999 -9999 -9999 -9999 -9999 -9999 5146 5156 -9999 -9999 5161 5183 -9999 -9999 4902 4853 -9999 -9999 -9999 -9999 -9999 -9999 -9999 -9999 4962 -9999 -9999 -9999 -9999 -9999 5164 5051 -9999 5126 -9999 -9999 -9999 -9999 -9999 -9999 -9999 -9999 -9999 -9999 -9999 -9999 -9999 -9999 -9999 5308 -9999 -9999 -9999 -9999 -9999 -9999 -9999 -9999 -9999 -9999 -9999 -9999 -9999
5330 5169 5017 -9999 -9999 -9999 -9999 -9999 -9999 -9999 -9999 -9999 -9999 -9999 -9999 -9999 -9999 -9999 -9999 -9999 -9999 -9999 5230 -9999 -9999 5210 -9999 -9999 -9999 -9999 4925 4933 4686 -9999 -9999 -9999 -9999 -9999 -9999 -9999 -9999 -9999 -9999 -9999 -9999 -9999 -9999 -9999 -9999 -9999 -9999 -9999 -9999 -9999 -9999 -9999 -9999 -9999 -9999 -9999 -9999 -9999 -9999 -9999 -9999 -9999 -9999 -9999 -9999 -9999 -9999 -9999 -9999 -9999 -9999 -9999 -9999 -9999 -9999
5184 5171 4865 5073 -9999 -9999 -9999 -9999 -9999 -9999 -9999 -9999 5164 4980 4973 5207 -9999 5186 5118 5273 -9999 -9999 -9999 5129 5390 5293 -9999 -9999 -9999 -9999 4764 4812 -9999 -9999 -9999 4898 4999 5052 -9999 5013 4914 -9999 -9999 -9999 -9999 -9999 -9999 -9999 -9999 -9999 -9999 -9999 -9999 -9999 -9999 -9999 -9999 -9999 -9999 -9999 -9999 -9999 -9999 -9999 -9999 -9999 -9999 -9999 -9999 -9999 -9999 -9999 -9999 -9999 -9999 -9999 -9999 -9999 -9999
-9999 5101 5113 -9999 -9999 -9999 -9999 -9999 -9999 -9999 4986 -9999 5234 5132 5072 5133 5085 5098 5208 5289 5114 -9999 -9999 5187 5433 5202 -9999 -9999 -9999 -9999 -9999 4952 -9999 5028 5136 5141 5021 -9999 4905 4820 -9999 -9999 -9999 -9999 5260 5194 5159 5209 5221 5423 5403 -9999 5146 -9999 -9999 -9999 -9999 -9999 5129 5223 -9999 -9999 -9999 -9999 -9999 -9999 -9999 -9999 -9999 -9999 -9999 -9999 -9999 -9999 -9999 -9999 -9999 -9999 -9999
-9999 -9999 -9999 -9999 -9999 -9999 -9999 4964 5234 5181 5061 4932 -9999 5224 5334 5297 -9999 -9999 -9999 -9999 5273 5160 -9999 -9999 -9999 5096 5135 5159 -9999 -9999 -9999 5125 -9999 5062 4970 4983 4992 5085 -9999 -9999 -9999 -9999 -9999 -9999 5262 5178 5202 5116 4999 5133 5098 5040 5056 4997 4999 4972 5139 5242 5361 5319 5222 5049 5290 5505 5473 -9999 -9999 -9999 -9999 -9999 -9999 -9999 -9999 -9999 -9999 -9999 -9999 -9999 -9999
4923 4822 -9999 -9999 -9999 -9999 4884 4791 5076 5212 5236 -9999 -9999 -9999 -9999 -9999 -9999 -9999 5083 -9999 -9999 -9999 -9999 -9999 -9999 5013 5152 -9999 -9999 -9999 4892 5056 -9999 -9999 -9999 -9999 -9999 5005 -9999 -9999 -9999 5226 5095 5207 5279 5107 5071 5010 4878 4892 4946 5038 4940 4808 5123 5280 5249 5285 5419 5406 5159 5072 5388 5909 -9999 -9999 -9999 -9999 -9999 -9999 -9999 -9999 -9999 -9999 -9999 -9999 -9999 -9999 -9999
5086 5126 -9999 -9999 -9999 -9999 5353 5057 5129 5183 5091 5105 -9999 -9999 5137 4989 4823 4936 5131 5077 5259 5320 -9999 -9999 -9999 -9999 -9999 -9999 -9999 5162 5134 4967 4874 -9999 -9999 -9999 -9999 5118 -9999 5123 5104 5197 5235 5331 5207 5024 5017 5067 4854 4888 5159 5200 5193 5176 5373 5410 5351 5184 5077 5020 5231 5494 -9999 -9999 -9999 -9999 -9999 -9999 -9999 -9999 -9999 -9999 -9999 -9999 -9999 -9999 -9999 -9999 -9999
5052 -9999 -9999 -9999 -9999 5047 5118 5051 5156 4989 4854 5138 -9999 -9999 5099 5062 4920 5002 5179 5063 5198 5176 5036 5028 5014 4985 -9999 -9999 -9999 5315 5246 -9999 -9999 -9999 -9999 -9999 -9999 5090 4947 5223 5257 5389 5442 5303 5069 4930 5047 5173 4985 4998 5210 5134 5136 5263 5265 5107 4983 5020 5216 5426 -9999 -9999 -9999 -9999 -9999 -9999 -9999 -9999 -9999 -9999 -9999 -9999 -9999 -9999 -9999 -9999 -9999 -9999 -9999
-9999 -9999 -9999 -9999 5109 5048 5037 5087 5093 5089 5053 5129 -9999 -9999 -9999 5143 -9999 4791 5027 5231 5163 4994 4895 4972 5085 5102 5137 5157 5185 -9999 5263 -9999 -9999 -9999 -9999 -9999 5078 5070 5013 5191 5277 5327 5364 5253 5060 4839 5003 5213 5108 4966 4929 5019 5151 5102 5282 5352 5206 5400 -9999 -9999 -9999 -9999 -9999 -9999 -9999 -9999 -9999 -9999 -9999 -9999 -9999 -9999 -9999 -9999 -9999 -9999 -9999 -9999 -9999
-9999 -9999 -9999 4894 5024 4929 5023 5066 5081 5046 5166 5225 -9999 -9999 5128 5054 -9999 4711 4937 5258 5218 5014 5021 5118 5151 5093 5195 5214 5184 5221 5215 5093 -9999 -9999 -9999 4892 4787 5055 5071 5162 5198 4986 4917 5063 5077 4867 5044 5177 5157 5150 5127 5208 5315 5006 4896 5478 -9999 -9999 -9999 -9999 -9999 -9999 -9999 -9999 -9999 -9999 -9999 -9999 -9999 -9999 -9999 -9999 -9999 -9999 -9999 -9999 -9999 -9999 -9999
-9999 -9999 4936 5013 4962 4821 4997 4895 4997 5198 5275 5363 5231 -9999 5199 5173 5098 4957 5146 5218 5048 4951 5169 5207 5055 4967 5142 5123 5169 5320 5399 5121 4974 5146 5189 5100 5050 5160 5071 5162 5346 5260 5024 5069 5089 5004 5269 5233 5173 5292 5348 5154 5057 5181 5340 -9999 -9999 -9999 -9999 -9999 -9999 -9999 -9999 -9999 -9999 -9999 -9999 -9999 -9999 -9999 -9999 -9999 -9999 -9999 -9999 -9999 -9999 -9999 -9999
-9999 4927 5008 4993 4916 4958 5188 5118 5158 5316 -9999 5164 5067 5099 5259 -9999 -9999 4971 5028 5109 4886 4838 5081 5107 4947 5029 5226 5036 5105 5282 5299 5043 4872 5023 5160 5088 5152 5123 5004 5007 5039 4986 4899 5011 4955 4868 5029 4992 5108 5130 5067 5210 5648 -9999 -9999 -9999 -9999 -9999 -9999 -9999 -9999 -9999 -9999 -9999 -9999 -9999 -9999 -9999 -9999 -9999 -9999 -9999 -9999 -9999 -9999 -9999 -9999 -9999 -9999
4785 4919 4983 4795 4926 5041 5251 5294 5063 5266 -9999 5148 4990 5113 5090 4844 4914 5155 5209 5163 4979 4919 5026 5024 5015 5309 5447 5141 5111 5207 5126 4961 4950 5152 5194 4953 5144 5067 5017 5093 5021 4806 4712 4870 4971 4866 4812 4940 5189 5358 5547 -9999 -9999 -9999 -9999 -9999 -9999 -9999 -9999 -9999 -9999 -9999 -9999 -9999 -9999 -9999 -9999 -9999 -9999 -9999 -9999 -9999 -9999 -9999 -9999 -9999 -9999 -9999 -9999
4955 5144 5107 5008 5205 5083 5097 5041 4776 -9999 -9999 5065 5021 5199 5267 5156 5174 5291 5271 5197 5173 5083 4982 5035 5167 5240 5145 4989 5084 5271 5112 5118 5308 5039 4919 4997 5280 5037 4953 5214 5321 5122 4907 4978 5129 4927 4931 5149 5376 -9999 -9999 -9999 -9999 -9999 -9999 -9999 -9999 -9999 -9999 -9999 -9999 -9999 -9999 -9999 -9999 -9999 -9999 -9999 -9999 -9999 -9999 -9999 -9999 -9999 -9999 -9999 -9999 -9999 -9999
-9999 5148 4978 4966 5091 4984 4909 4982 5010 5038 4961 5055 5135 5143 5039 5193 5268 5062 4862 5087 5303 5148 4987 5066 5244 5257 5072 5122 5214 5240 4901 5162 5411 4715 4746 5012 5290 5325 5093 5146 5368 5236 5128 5128 5123 4923 5079 5370 -9999 -9999 -9999 -9999 -9999 -9999 -9999 -9999 -9999 -9999 -9999 -9999 -9999 -9999 -9999 -9999 -9999 -9999 -9999 -9999 -9999 -9999 -9999 -9999 -9999 -9999 -9999 -9999 -9999 -9999 -9999
5086 5149 5087 5020 4962 4911 -9999 4738 4938 5099 4993 5112 5314 5246 5011 5070 5333 5250 4904 5194 5306 5078 5038 5227 5279 5146 5108 5535 5274 4801 4864 5091 5184 4819 4837 5064 5135 5238 5150 4913 4915 5056 5133 5101 4990 4895 5068 5189 -9999 -9999 -9999 -9999 -9999 -9999 -9999 -9999 -9999 -9999 -9999 -9999 -9999 -9999 -9999 -9999 -9999 -9999 -9999 -9999 -9999 -9999 -9999 -9999 -9999 -9999 -9999 -9999 -9999 -9999 -9999
-9999 -9999 5186 5378 -9999 -9999 -9999 -9999 4822 5160 5227 5207 5208 5255 5232 5250 5298 5142 4966 5308 5190 4956 5004 5220 5123 4901 4880 5181 5030 4928 5203 4918 4874 4923 4984 5031 4725 4662 5003 5011 4778 4922 5113 5031 5103 5175 5143 4956 -9999 -9999 -9999 -9999 -9999 -9999 -9999 -9999 -9999 -9999 -9999 -9999 -9999 -9999 -9999 -9999 -9999 -9999 -9999 -9999 -9999 -9999 -9999 -9999 -9999 -9999 -9999 -9999 -9999 -9999 -9999
-9999 -9999 5080 -9999 -9999 -9999 -9999 -9999 -9999 -9999 5016 5057 4955 5003 5078 5064 4962 5083 5142 5219 5047 5010 5089 5131 5020 5050 5136 5163 4995 5272 5365 5013 4967 5217 5206 4951 4935 5035 5184 5124 4845 5119 5201 4930 5137 5220 5152 5108 5398 -9999 -9999 -9999 -9999 -9999 -9999 -9999 -9999 -9999 -9999 -9999 -9999 -9999 -9999 -9999 -9999 -9999 -9999 -9999 -9999 -9999 -9999 -9999 -9999 -9999 -9999 -9999 -9999 -9999 -9999
5060 5323 -9999 -9999 -9999 -9999 -9999 5243 -9999 -9999 -9999 5009 5028 5136 5090 5047 5038 5337 5519 5317 5115 5180 5190 5109 5045 5221 5278 5095 4888 5113 5227 5030 5034 5407 5369 5047 5005 5212 5167 4948 4888 5229 5060 4865 5097 4949 4788 5043 5454 5181 -9999 -9999 -9999 -9999 -9999 -9999 -9999 -9999 -9999 -9999 -9999 -9999 -9999 -9999 -9999 -9999 -9999 -9999 -9999 -9999 -9999 -9999 -9999 -9999 -9999 -9999 -9999 -9999 -9999
5217 5156 -9999 -9999 -9999 -9999 -9999 -9999 -9999 -9999 -9999 4898 4916 5190 5023 5178 5231 4999 5152 5170 5149 5215 5144 5058 5180 5396 5152 4906 4876 5147 5223 5061 5030 5348 5296 5057 5050 5246 5047 4924 5103 5397 5073 5023 5274 5211 5081 5354 5545 5118 5223 -9999 -9999 -9999 -9999 -9999 -9999 -9999 -9999 -9999 -9999 -9999 -9999 -9999 -9999 -9999 -9999 -9999 -9999 -9999 -9999 -9999 -9999 -9999 -9999 -9999 -9999 -9999 -9999
5300 5265 5408 -9999 5104 5150 -9999 -9999 -9999 -9999 4890 5044 5170 5154 4857 4815 4977 4968 5095 5055 5127 5266 5232 5137 5291 5405 5165 5195 5062 5062 5190 5129 5216 5176 4800 4950 5175 5261 4846 4719 5120 5427 5180 5209 5265 5232 5220 5467 5609 5354 5131 5496 -9999 -9999 -9999 -9999 -9999 -9999 -9999 -9999 -9999 -9999 -9999 -9999 -9999 -9999 -9999 -9999 -9999 -9999 -9999 -9999 -9999 -9999 -9999 -9999 -9999 -9999 -9999
5464 -9999 -9999 -9999 5611 5249 5184 5073 5233 5153 4909 5180 5247 5165 4976 4854 5004 5226 5264 5154 5115 5231 5262 5150 5192 5120 5024 5345 4979 4915 5070 4888 5016 4854 4657 5078 4947 5075 5124 4872 5019 5259 5225 5320 5185 5019 5041 5259 5207 5228 5223 -9999 -9999 -9999 -9999 -9999 -9999 -9999 -9999 -9999 -9999 -9999 -9999 -9999 -9999 -9999 -9999 -9999 -9999 -9999 -9999 -9999 -9999 -9999 -9999 -9999 -9999 -9999 -9999
5317 -9999 -9999 -9999 5515 5377 5168 5251 5331 5112 4941 4997 5058 5180 5135 5056 5187 5119 5096 5140 5231 5216 5164 5074 5100 5097 5121 5233 4926 5071 5298 5081 5067 5044 5161 5491 5291 5237 5307 5062 5076 5119 5221 5274 5102 5015 5155 5290 5056 5215 -9999 -9999 -9999 -9999 -9999 -9999 -9999 -9999 -9999 -9999 -9999 -9999 5406 5228 5218 -9999 -9999 -9999 -9999 -9999 -9999 -9999 -9999 -9999 -9999 -9999 -9999 -9999 -9999
5295 5377 5410 5091 5253 5566 5352 5205 5298 5149 5085 5154 5141 5158 5376 5343 5279 5127 5113 5171 5195 5064 5113 5061 5009 5119 5131 5225 5243 5080 5332 5334 5242 5341 5260 5165 5117 5115 5058 5003 4997 4990 5116 5181 5091 5069 5152 5233 5132 5151 -9999 -9999 -9999 -9999 -9999 -9999 -9999 -9999 -9999 -9999 5218 5402 5320 5214 -9999 -9999 -9999 5090 -9999 -9999 -9999 -9999 -9999 -9999 -9999 -9999 -9999 -9999 -9999
5189 5306 5448 5529 5307 5357 -9999 -9999 5326 5339 5169 5118 5126 5168 5613 5529 5097 4984 5231 5130 4843 4696 5003 5171 5045 5014 5062 5090 5199 5083 5218 5177 4930 5069 5223 4985 4921 5164 5205 5169 5092 5039 5056 5146 5246 5308 5255 5094 5133 -9999 -9999 -9999 -9999 -9999 -9999 -9999 -9999 -9999 -9999 5267 5415 5543 5269 5302 -9999 -9999 -9999 5108 5280 -9999 -9999 -9999 -9999 -9999 -9999 -9999 -9999 -9999 -9999
5500 5343 4898 5143 5274 5300 5405 -9999 5176 5281 5394 5313 5102 5140 5395 5417 5123 4985 5243 5137 4985 5166 5466 5281 5160 5139 5320 5089 5236 5300 5041 5240 5172 5144 5394 5353 5318 5350 5275 5190 5213 5159 5014 4983 5199 5344 5242 4968 -9999 -9999 -9999 -9999 -9999 -9999 -9999 -9999 -9999 -9999 -9999 5213 5481 5455 -9999 5227 -9999 -9999 -9999 4925 4955 4933 -9999 -9999 -9999 -9999 -9999 -9999 -9999 -9999 -9999
5395 5220 5301 5543 5152 5228 5545 5683 -9999 -9999 5588 5506 5037 5058 5292 5187 5247 5070 5074 5318 5253 5392 5523 5105 5325 5542 5396 5045 5290 5406 5115 5125 5166 5268 5286 5176 5213 5216 5142 5082 5212 5220 5079 4957 5123 5114 5069 -9999 -9999 -9999 -9999 -9999 -9999 -9999 -9999 -9999 -9999 -9999 5316 -9999 -9999 5303 -9999 -9999 -9999 -9999 -9999 -9999 -9999 5187 5154 5335 -9999 -9999 -9999 -9999 -9999 -9999 -9999
5037 4975 5371 5507 4844 5026 5603 5741 5497 -9999 -9999 -9999 5151 5037 5157 5109 5290 5470 5323 5282 5166 4877 5022 5140 5110 5344 5190 4864 4894 4932 4985 5017 5063 5264 5287 5163 5324 5214 5142 5275 5553 5293 5100 5141 5310 5316 -9999 -9999 -9999 -9999 -9999 -9999 -9999 -9999 -9999 5265 5077 -9999 5351 5541 -9999 -9999 -9999 5126 4962 5118 5309 -9999 -9999 4970 5220 5289 5074 5002 -9999 -9999 -9999 -9999 -9999
5137 5273 5158 5196 5152 5178 5632 5592 5352 -9999 -9999 -9999 -9999 5345 5418 5364 5293 5552 5388 5123 5258 5252 5118 5203 5047 5118 5200 5192 5075 4852 4962 5374 5525 5392 5211 5143 5401 5350 5255 5425 5568 5098 5082 5251 5198 5035 -9999 -9999 -9999 -9999 -9999 -9999 -9999 -9999 -9999 5001 5147 5072 5224 -9999 -9999 -9999 -9999 5216 5154 5153 5018 5024 4987 4956 5005 5059 5042 5011 -9999 -9999 -9999 -9999 -9999
5436 5706 5237 4948 5311 5636 5632 5517 5420 -9999 -9999 -9999 -9999 -9999 -9999 -9999 5163 5363 5288 5191 5145 5228 5141 5304 5502 5199 5023 5245 5378 5098 4887 5046 5083 4911 5129 4910 4805 5019 5222 5273 5256 5037 5023 5331 5262 -9999 -9999 -9999 -9999 -9999 -9999 -9999 5131 4920 -9999 5272 5233 5200 5279 -9999 -9999 -9999 -9999 -9999 -9999 5247 5053 -9999 5198 5147 5105 4942 4991 -9999 -9999 -9999 -9999 -9999 -9999
