test/g2lab/icchange/view/profile/olddata/2010-05-03-dndvi.txt
ncols         452
nrows         411
xllcorner     527595,50307841
yllcorner     5934256,8476051
cellsize      5
NODATA_value  -9999
[rows 105 to 139 of 411, columns 158 to 236 of 452]
4921 4949 5079 5073 5106 5024 4905 5062 5098 4731 4878 4974 4960 -9999 -9999 -9999 -9999 -9999 -9999 -9999 -9999 -9999 -9999 -9999 -9999 -9999 -9999 -9999 -9999 -9999 -9999 -9999 -9999 -9999 -9999 -9999 5006 -9999 -9999 -9999 -9999 -9999 5180 5269 -9999 -9999 -9999 -9999 4825 4880 -9999 -9999 -9999 -9999 -9999 -9999 -9999 5210 -9999 -9999 -9999 -9999 -9999 -9999 -9999 -9999 -9999 5243 5126 5160 5299 5057 -9999 -9999 -9999 -9999 4959 5158 5153
4974 5094 5300 4928 4923 5188 5103 5139 5059 4777 5002 5055 5034 5053 5041 -9999 -9999 -9999 -9999 -9999 -9999 -9999 -9999 -9999 4700 4979 -9999 5101 4867 4938 5043 5159 5082 -9999 -9999 -9999 -9999 -9999 -9999 -9999 -9999 -9999 -9999 5324 5307 -9999 -9999 -9999 5102 5007 -9999 -9999 -9999 -9999 -9999 -9999 -9999 -9999 -9999 -9999 -9999 -9999 -9999 -9999 -9999 -9999 -9999 -9999 -9999 5032 4936 -9999 -9999 -9999 -9999 -9999 -9999 5440 5465
5240 5230 5184 4891 4953 5196 5063 4939 5075 5042 5023 5078 5026 5048 4934 4758 4942 5061 4977 5013 5157 4929 4723 5024 4990 4926 5059 5050 4950 5091 5233 -9999 -9999 5056 -9999 5238 5064 4957 5002 5137 -9999 -9999 4985 5131 5051 5053 -9999 -9999 -9999 5098 4935 -9999 -9999 -9999 -9999 -9999 -9999 -9999 -9999 -9999 -9999 -9999 -9999 -9999 -9999 -9999 -9999 -9999 -9999 -9999 -9999 4923 5051 -9999 -9999 -9999 5531 5298 5236
5079 4950 4950 5180 5079 4836 4794 4904 5083 4932 4901 5203 4966 5038 5134 4914 4865 5073 5150 5032 5074 5203 5014 5055 5018 4799 4795 4860 4782 5208 5442 -9999 -9999 5167 5148 5211 4988 4943 4852 4803 4926 4892 4973 5106 5026 4955 5021 -9999 -9999 5004 5013 -9999 -9999 -9999 -9999 -9999 -9999 -9999 -9999 -9999 -9999 -9999 -9999 -9999 -9999 -9999 -9999 -9999 -9999 -9999 4978 5019 5124 -9999 5118 5204 5254 5260 5271
4958 4736 4779 5103 5162 4768 4845 5119 4947 5089 5259 5270 4936 4967 5069 5073 4970 4882 5058 5092 4938 5230 5085 4793 4886 4636 4814 5085 4957 5129 5274 5122 -9999 5177 5022 5016 4762 4926 4966 4863 5107 5115 5196 5253 5127 4968 4932 -9999 -9999 5064 -9999 -9999 -9999 -9999 -9999 -9999 -9999 -9999 -9999 -9999 -9999 -9999 -9999 -9999 -9999 -9999 -9999 5343 5042 5063 5264 5264 4959 4856 4960 5095 5085 5186 5363
5081 4821 4837 5130 5250 4970 4979 5228 5242 5306 5303 5081 4893 5044 4931 5054 5080 4772 4657 4876 4989 5070 4883 4871 5063 4914 5054 5366 5317 5081 5049 5038 5082 5224 4970 4854 4929 5041 5228 5261 5160 5156 5283 5252 5098 5054 5005 5090 -9999 5050 5033 5014 -9999 -9999 5014 -9999 -9999 -9999 -9999 -9999 -9999 -9999 -9999 -9999 -9999 -9999 -9999 -9999 -9999 5351 5349 5167 4877 5007 5372 5392 5116 5118 -9999
4860 4758 4944 5111 5023 4877 5039 5274 5195 4908 4953 4937 4879 4985 4930 4866 4913 4840 4804 5046 5238 5133 5083 5023 5196 5207 4998 4925 4988 4998 5092 -9999 5110 5109 5180 5174 5088 4993 5051 5262 5211 5083 5192 5072 4993 5026 5026 5073 -9999 5037 4994 5012 -9999 -9999 5140 -9999 -9999 -9999 -9999 -9999 -9999 -9999 -9999 -9999 -9999 -9999 -9999 -9999 5071 5352 5074 5089 5233 5260 5361 -9999 -9999 -9999 5048
4853 4833 5036 5047 4919 5035 5310 5281 4946 4621 4691 4977 4986 5018 5209 5060 5018 5054 5105 5193 5234 5110 4993 4941 5047 5175 5030 -9999 -9999 -9999 -9999 -9999 -9999 5192 5257 5208 4994 4979 5168 5116 5142 5056 5110 4998 5003 5031 4996 5042 5144 -9999 5064 5229 -9999 -9999 -9999 -9999 -9999 5134 4813 4911 -9999 -9999 -9999 -9999 -9999 -9999 -9999 5238 5018 5075 5089 4999 5172 5329 -9999 -9999 -9999 5067 5021
4887 5029 5187 5026 4806 5079 5431 5407 5235 4956 4829 4996 5119 4949 5064 5273 5183 5083 5006 5034 4913 4960 4939 -9999 -9999 4948 -9999 -9999 -9999 -9999 -9999 -9999 -9999 -9999 5026 5052 5168 5083 5129 5078 5108 5092 4957 4918 5008 4966 4918 5017 5178 -9999 5133 5384 -9999 -9999 -9999 -9999 -9999 5163 5108 -9999 5142 5086 5097 5177 5443 5062 4857 5198 4958 4991 5201 -9999 -9999 -9999 -9999 -9999 5527 5148 5043
4800 5022 5124 4923 4752 4952 5022 4947 4972 5268 4953 4794 5028 5028 5230 5321 5066 5137 4964 4932 5003 5146 5098 4995 5014 5221 -9999 -9999 -9999 -9999 -9999 -9999 4837 5051 5032 4882 5040 4962 5140 5190 4885 4965 4949 4922 4935 4854 4821 5036 5253 -9999 -9999 5227 4961 -9999 -9999 -9999 -9999 5158 5112 5114 5415 5345 5276 5328 -9999 5084 4825 5097 5186 5017 -9999 -9999 -9999 -9999 -9999 -9999 -9999 5101 4931
4713 4984 5122 5032 4948 5064 4959 4907 4958 5185 4991 4924 5177 5252 5136 4971 4922 5233 5059 5129 5332 5238 5089 5077 5242 5348 -9999 4992 4860 4966 5032 5045 4915 4896 4971 4851 4870 4976 5057 4951 4849 5127 5142 -9999 4883 4818 4772 5104 5311 -9999 -9999 5213 5060 -9999 -9999 -9999 -9999 5158 5094 5117 5315 -9999 -9999 -9999 -9999 -9999 5040 5030 5227 -9999 -9999 -9999 -9999 -9999 -9999 -9999 -9999 -9999 4899
4809 4952 5168 5245 5223 5091 4878 5048 5050 4850 4903 5042 5293 5152 4688 4828 5071 5177 4969 5213 5057 4904 5028 4988 5082 5132 5183 4996 4912 4974 5051 5118 4969 4798 5001 5052 5013 5155 5167 -9999 -9999 5277 5257 5052 4935 4916 4862 5175 5270 -9999 -9999 5180 5164 5096 5170 5264 5128 5107 5263 5260 -9999 -9999 -9999 -9999 -9999 -9999 5286 -9999 -9999 -9999 -9999 -9999 -9999 -9999 -9999 -9999 -9999 -9999 -9999
4912 4842 4960 5066 5215 5087 4812 4768 5104 5073 4950 5150 5270 5077 4841 5288 5167 4903 4827 5230 5009 4802 5009 4887 5018 5193 5167 5118 5029 5127 5211 -9999 5074 5057 5137 5286 5134 5090 -9999 -9999 4920 5121 5119 4944 -9999 5099 5005 5172 5105 -9999 -9999 5008 5034 5002 5059 5406 -9999 -9999 -9999 -9999 -9999 -9999 -9999 -9999 -9999 5235 5066 5224 -9999 -9999 -9999 -9999 -9999 -9999 -9999 -9999 -9999 4968 4942
4957 5019 5013 4980 5098 5157 5264 5215 4981 4833 4961 5294 5286 5142 5172 5361 4902 5000 5144 5094 4726 4884 -9999 -9999 4912 5156 5231 5186 5167 5064 4943 -9999 5164 5321 5117 4996 5193 4900 -9999 -9999 4894 4957 4869 4864 5160 5227 5162 5224 5066 5095 5175 5200 5279 5103 5192 5505 -9999 -9999 -9999 -9999 -9999 -9999 -9999 -9999 -9999 5113 4842 5178 -9999 -9999 5158 -9999 -9999 -9999 -9999 -9999 4984 4932 5078
4801 4832 5056 5023 4979 -9999 5076 5044 4693 4742 5000 -9999 4908 4979 5105 4951 4659 5009 5244 4944 4620 5084 5182 5065 4998 5234 5136 4856 4931 4922 4942 -9999 -9999 5147 5046 5021 5265 4727 4699 5058 5127 4828 4918 5002 5100 5298 5294 5275 5257 5328 5366 -9999 5264 5211 -9999 -9999 -9999 -9999 -9999 -9999 -9999 5035 -9999 -9999 -9999 -9999 5088 5096 -9999 -9999 4907 -9999 -9999 -9999 -9999 -9999 -9999 -9999 5191
4858 4893 5171 4968 -9999 -9999 4910 4853 5004 5238 5180 4935 4800 4972 5039 5124 5016 5067 5124 5010 4898 5128 5140 4978 5086 -9999 -9999 5007 4899 4938 5160 -9999 -9999 -9999 5181 5096 5193 5106 5124 5209 5167 5005 5337 5398 5101 5089 -9999 -9999 -9999 -9999 -9999 -9999 5040 5182 5259 -9999 -9999 -9999 -9999 -9999 5250 5186 -9999 -9999 -9999 -9999 -9999 -9999 -9999 -9999 -9999 -9999 -9999 -9999 -9999 -9999 -9999 5154 5099
5155 5222 5212 4909 4802 4994 5012 4844 4910 5092 4975 4901 5237 5292 4939 4879 5058 5047 -9999 -9999 4913 -9999 -9999 -9999 4918 -9999 -9999 4964 5060 4986 4974 4909 5010 5176 5118 4907 5165 5347 4939 5052 -9999 -9999 -9999 5194 -9999 -9999 -9999 -9999 4931 4896 -9999 -9999 5040 5270 -9999 -9999 -9999 5295 5110 5090 5031 5151 5186 -9999 -9999 -9999 -9999 -9999 -9999 -9999 -9999 -9999 -9999 -9999 -9999 -9999 -9999 5196 5277
5218 5175 4969 4892 -9999 -9999 4899 4857 5064 5002 4873 4981 -9999 -9999 4822 4758 4962 5096 -9999 -9999 5073 4944 -9999 -9999 4951 -9999 -9999 4977 5334 5182 4844 4929 5150 5048 4876 -9999 -9999 -9999 -9999 -9999 -9999 -9999 -9999 -9999 -9999 -9999 -9999 -9999 -9999 -9999 -9999 -9999 -9999 5284 5379 5215 -9999 5073 4983 5028 4856 4991 5347 -9999 -9999 -9999 -9999 -9999 -9999 -9999 -9999 5127 5146 -9999 -9999 -9999 -9999 -9999 5318
5147 -9999 4682 4937 -9999 -9999 -9999 -9999 -9999 5107 5014 5224 -9999 5313 5007 5024 -9999 -9999 4789 -9999 -9999 5025 4916 -9999 4958 4829 5011 5220 5286 4949 4747 -9999 -9999 -9999 -9999 -9999 -9999 -9999 -9999 -9999 -9999 -9999 -9999 -9999 -9999 -9999 -9999 -9999 -9999 -9999 -9999 -9999 -9999 5117 5291 5319 5237 5126 5103 5124 5074 4891 -9999 -9999 -9999 -9999 5096 -9999 -9999 -9999 -9999 -9999 5005 5114 -9999 -9999 -9999 -9999 5082
5013 4643 4687 5008 -9999 -9999 -9999 -9999 4965 5066 4831 4936 5171 5220 5054 -9999 -9999 -9999 -9999 -9999 -9999 5131 5147 5159 5070 4768 -9999 5228 5116 -9999 -9999 -9999 -9999 -9999 -9999 -9999 -9999 -9999 -9999 -9999 -9999 -9999 -9999 -9999 -9999 -9999 -9999 -9999 -9999 -9999 -9999 -9999 -9999 5084 5323 5436 5313 5243 -9999 -9999 -9999 -9999 -9999 -9999 -9999 -9999 -9999 -9999 -9999 -9999 -9999 -9999 4976 5227 5261 5096 -9999 -9999 -9999
4941 4749 4896 5010 -9999 -9999 -9999 5042 4940 4929 4839 -9999 -9999 -9999 -9999 -9999 -9999 -9999 -9999 5082 5108 5063 5168 -9999 -9999 -9999 -9999 -9999 -9999 -9999 -9999 -9999 -9999 -9999 -9999 -9999 -9999 -9999 -9999 -9999 -9999 -9999 -9999 -9999 -9999 -9999 -9999 -9999 -9999 -9999 -9999 -9999 -9999 -9999 -9999 5156 -9999 -9999 -9999 -9999 -9999 -9999 -9999 -9999 -9999 -9999 -9999 5026 4987 -9999 -9999 -9999 5153 5130 5107 5245 -9999 5386 4987
4925 4917 5068 4971 4945 -9999 -9999 -9999 -9999 -9999 5174 -9999 -9999 -9999 -9999 5217 4974 4869 -9999 -9999 -9999 -9999 -9999 -9999 -9999 -9999 -9999 -9999 -9999 -9999 -9999 -9999 -9999 -9999 5172 -9999 -9999 -9999 -9999 -9999 5054 -9999 -9999 -9999 4972 -9999 -9999 -9999 -9999 -9999 -9999 -9999 -9999 -9999 4793 4868 -9999 -9999 -9999 -9999 -9999 -9999 -9999 -9999 -9999 -9999 -9999 5037 5059 -9999 -9999 -9999 -9999 5178 5139 5191 -9999 5175 4999
4933 5069 5141 4987 5072 -9999 -9999 5140 -9999 -9999 5080 4914 4888 5017 5038 4950 5165 -9999 -9999 -9999 -9999 -9999 -9999 -9999 -9999 -9999 -9999 -9999 -9999 -9999 -9999 -9999 -9999 -9999 5019 4946 -9999 -9999 -9999 -9999 -9999 -9999 -9999 -9999 -9999 -9999 -9999 -9999 -9999 -9999 -9999 -9999 -9999 -9999 4754 5022 -9999 5253 5161 5337 5454 -9999 -9999 -9999 -9999 -9999 -9999 -9999 5154 -9999 -9999 -9999 -9999 5275 5203 5106 -9999 -9999 4752
5063 5134 5111 5015 5100 4851 4861 5077 5058 4999 5103 5072 -9999 -9999 -9999 -9999 -9999 -9999 -9999 -9999 -9999 -9999 5367 -9999 -9999 -9999 -9999 -9999 -9999 -9999 -9999 4937 5017 4939 4953 5214 5171 -9999 -9999 -9999 -9999 -9999 -9999 -9999 -9999 -9999 -9999 -9999 -9999 -9999 -9999 -9999 -9999 5124 4842 5175 -9999 5223 5215 5448 5321 -9999 -9999 -9999 -9999 -9999 -9999 -9999 5142 -9999 -9999 -9999 -9999 5245 5236 5196 -9999 -9999 4985
4986 5117 5022 4866 4897 4943 5105 5184 5027 -9999 -9999 -9999 -9999 -9999 -9999 4876 -9999 -9999 -9999 -9999 -9999 -9999 -9999 -9999 -9999 5031 5122 -9999 -9999 4956 5021 -9999 -9999 -9999 -9999 -9999 5148 -9999 -9999 -9999 -9999 -9999 -9999 -9999 -9999 -9999 -9999 -9999 -9999 -9999 -9999 -9999 -9999 -9999 5133 5226 5245 5148 5070 5221 -9999 5076 5217 5124 -9999 -9999 -9999 -9999 5027 -9999 -9999 -9999 -9999 -9999 -9999 5137 -9999 -9999 5140
4858 5155 5116 4993 4960 5060 5014 5289 5330 5187 -9999 5106 5296 -9999 -9999 5044 -9999 -9999 -9999 -9999 5230 -9999 -9999 5064 -9999 -9999 -9999 -9999 -9999 -9999 -9999 -9999 -9999 -9999 -9999 -9999 5254 -9999 -9999 -9999 -9999 -9999 -9999 -9999 -9999 -9999 -9999 -9999 -9999 -9999 -9999 -9999 -9999 -9999 -9999 5073 5066 5006 4915 5025 -9999 -9999 -9999 -9999 -9999 -9999 -9999 -9999 -9999 -9999 -9999 -9999 -9999 -9999 -9999 -9999 -9999 -9999 -9999
5330 5310 5169 5164 5200 5081 4977 5326 5300 5114 5139 5368 5186 4985 5144 5153 -9999 -9999 -9999 -9999 -9999 -9999 -9999 -9999 -9999 -9999 -9999 -9999 -9999 -9999 -9999 -9999 -9999 -9999 -9999 -9999 -9999 -9999 -9999 -9999 -9999 -9999 -9999 -9999 -9999 -9999 -9999 -9999 -9999 -9999 -9999 -9999 -9999 -9999 -9999 4973 5186 -9999 5155 5000 5199 -9999 -9999 -9999 -9999 -9999 -9999 -9999 -9999 -9999 -9999 -9999 -9999 -9999 4909 -9999 -9999 -9999 -9999
5061 5052 4963 4987 5146 5051 4951 5132 4901 4829 4982 5163 5128 5120 5278 5171 5023 -9999 -9999 -9999 -9999 -9999 -9999 -9999 -9999 -9999 -9999 -9999 -9999 -9999 -9999 -9999 -9999 -9999 -9999 -9999 -9999 -9999 -9999 -9999 -9999 -9999 -9999 -9999 -9999 -9999 -9999 -9999 5188 -9999 -9999 -9999 -9999 -9999 -9999 5109 5331 5465 5309 5097 5215 -9999 -9999 -9999 -9999 -9999 -9999 -9999 -9999 -9999 -9999 -9999 -9999 -9999 4950 -9999 -9999 -9999 -9999
4823 4730 5115 5307 5160 4992 5065 5067 4839 5040 5184 5170 5258 5109 5118 -9999 4926 5146 -9999 -9999 -9999 -9999 -9999 -9999 -9999 -9999 -9999 -9999 -9999 -9999 -9999 -9999 -9999 -9999 -9999 -9999 -9999 -9999 -9999 -9999 -9999 -9999 -9999 -9999 -9999 -9999 -9999 -9999 5156 5057 -9999 -9999 -9999 -9999 -9999 -9999 5224 5141 5160 5233 5302 -9999 -9999 5129 -9999 -9999 -9999 -9999 -9999 -9999 -9999 -9999 -9999 -9999 -9999 -9999 -9999 -9999 -9999
-9999 4799 5348 5272 4847 5013 5365 5343 4984 5084 5293 5196 5081 5086 5079 -9999 -9999 -9999 -9999 -9999 -9999 -9999 -9999 -9999 -9999 -9999 -9999 -9999 -9999 5196 -9999 -9999 -9999 -9999 -9999 -9999 -9999 -9999 -9999 -9999 -9999 -9999 -9999 -9999 -9999 -9999 -9999 -9999 5255 4845 4626 -9999 -9999 5174 -9999 -9999 -9999 5001 5082 5204 5186 -9999 -9999 -9999 -9999 -9999 -9999 -9999 -9999 -9999 -9999 -9999 -9999 -9999 -9999 -9999 -9999 5126 5134
-9999 -9999 5267 4773 4613 5106 5215 4884 4702 4748 4845 4780 4870 -9999 -9999 -9999 -9999 -9999 -9999 -9999 -9999 5412 5053 -9999 -9999 5014 4992 4927 5060 5194 -9999 5049 -9999 -9999 -9999 -9999 -9999 -9999 -9999 -9999 -9999 -9999 -9999 -9999 -9999 -9999 5112 5366 5366 5021 4702 5173 5417 5099 5047 -9999 -9999 -9999 5148 5127 4949 4940 -9999 -9999 -9999 -9999 -9999 -9999 -9999 -9999 -9999 -9999 -9999 -9999 -9999 -9999 -9999 5050 5237
-9999 -9999 -9999 -9999 4738 5119 4953 4436 4691 5048 4940 4674 4933 5218 -9999 5268 5176 5127 -9999 5032 5232 5258 4966 5078 5141 5033 4991 5134 5112 5150 -9999 5085 -9999 -9999 -9999 -9999 -9999 -9999 -9999 -9999 -9999 -9999 -9999 -9999 -9999 4835 5193 5213 5039 4918 5012 5361 5252 4904 4979 -9999 -9999 -9999 5354 5323 5092 5029 -9999 -9999 -9999 -9999 -9999 -9999 -9999 5362 -9999 -9999 -9999 -9999 -9999 -9999 -9999 5388 5202
-9999 -9999 -9999 -9999 -9999 5030 4952 4766 4924 4960 4936 4939 5186 5146 4957 5087 5347 5121 5041 5076 4985 5088 4993 4931 5022 5027 5005 5131 5016 5075 5099 4971 5167 -9999 -9999 5566 5221 4994 -9999 -9999 5046 -9999 -9999 -9999 5115 5015 5149 5236 5194 5171 5235 5237 5244 5319 5333 5189 4969 -9999 -9999 5249 5066 5109 5057 4823 -9999 -9999 -9999 -9999 -9999 -9999 -9999 -9999 -9999 -9999 -9999 -9999 -9999 -9999 -9999
-9999 -9999 -9999 -9999 -9999 -9999 -9999 -9999 -9999 4966 5003 5168 5037 4873 4960 5193 5478 5159 5180 5349 5151 5163 5256 5141 5254 5200 5088 4995 5008 5047 5081 5035 5131 5092 5210 5531 5301 5093 5201 5288 5141 5160 -9999 -9999 5263 5152 5104 5166 5207 5134 5123 4987 -9999 5197 5289 5053 4769 -9999 -9999 5117 5015 5207 5180 5026 -9999 -9999 -9999 -9999 -9999 -9999 5015 -9999 -9999 -9999 -9999 -9999 -9999 -9999 -9999
-9999 -9999 -9999 -9999 -9999 -9999 -9999 -9999 -9999 5009 5081 5217 -9999 -9999 -9999 -9999 5057 4984 -9999 -9999 -9999 -9999 5361 5218 4992 5080 5341 5174 5017 5026 5250 5094 5010 5134 5012 5123 5198 4916 4923 5214 5216 5013 5004 4949 4992 5083 5134 5072 5009 4929 5154 5157 4887 4970 4871 5057 5252 5185 -9999 5161 5129 5320 5258 -9999 -9999 -9999 -9999 -9999 -9999 -9999 5058 5180 -9999 -9999 -9999 -9999 -9999 -9999 -9999
