test/g2lab/icchange/view/profile/olddata/2010-05-03-dndvi.txt
ncols         452
nrows         411
xllcorner     527595,50307841
yllcorner     5934256,8476051
cellsize      5
NODATA_value  -9999
[rows 140 to 174 of 411, columns 79 to 157 of 452]
5305 5443 5680 5505 5391 5531 5455 5342 5438 5029 5115 5366 5348 5285 5068 5008 5295 5549 5186 5049 5142 5314 5126 5154 5322 5357 5298 5188 5239 -9999 5459 -9999 -9999 5477 5031 -9999 -9999 -9999 -9999 -9999 -9999 -9999 -9999 -9999 5026 4850 -9999 -9999 5257 5381 -9999 -9999 5649 5449 -9999 -9999 -9999 -9999 -9999 -9999 -9999 -9999 -9999 -9999 -9999 -9999 -9999 -9999 5198 -9999 -9999 -9999 -9999 -9999 -9999 -9999 -9999 -9999 -9999
5415 5478 5743 5605 5504 5562 5657 5300 5293 5254 5005 5298 5379 5161 5223 5292 5371 5408 5091 5080 5374 5390 5064 5252 5336 5183 5136 5240 5080 5099 5719 -9999 -9999 5371 5086 5370 -9999 -9999 -9999 -9999 -9999 -9999 -9999 -9999 5015 4734 -9999 -9999 -9999 -9999 -9999 -9999 -9999 -9999 -9999 -9999 -9999 -9999 -9999 -9999 -9999 -9999 -9999 -9999 -9999 -9999 -9999 5407 5205 -9999 -9999 -9999 -9999 -9999 -9999 -9999 -9999 -9999 -9999
5528 5371 5394 5501 5490 5391 5227 5353 5339 5362 5115 5155 5470 5388 5270 5475 5123 5110 5300 5192 5159 5281 5202 5325 5525 5216 5010 5291 5383 4996 5056 5342 5232 -9999 -9999 -9999 -9999 -9999 -9999 -9999 -9999 -9999 -9999 -9999 -9999 -9999 -9999 -9999 5044 5106 -9999 -9999 -9999 -9999 -9999 -9999 -9999 -9999 -9999 -9999 -9999 -9999 -9999 -9999 -9999 -9999 -9999 5482 -9999 5353 -9999 -9999 -9999 -9999 -9999 -9999 -9999 -9999 -9999
5280 5329 5378 5476 5284 5472 5459 5403 5419 5555 5525 5240 5131 5444 5483 5538 5465 5407 5412 5170 4891 5355 5598 5369 5288 5362 5168 5340 5448 5097 4984 5376 5006 -9999 -9999 -9999 -9999 -9999 -9999 -9999 -9999 -9999 -9999 -9999 -9999 -9999 -9999 -9999 5029 5099 5256 5305 5202 -9999 -9999 -9999 -9999 -9999 -9999 -9999 -9999 -9999 -9999 -9999 -9999 -9999 -9999 5575 5680 5517 -9999 -9999 5280 5278 5247 -9999 -9999 -9999 -9999
5053 5297 5467 5580 5533 5550 5426 5356 5562 5565 5469 5286 5210 5625 5598 5359 5379 5325 5210 5168 5108 5252 5251 5003 5013 5596 5302 5109 5368 5194 5183 5150 4879 4913 5223 5198 4953 5110 5175 5166 5150 -9999 -9999 -9999 -9999 -9999 -9999 -9999 -9999 5117 5215 5133 5057 -9999 -9999 -9999 -9999 -9999 -9999 -9999 5680 -9999 -9999 -9999 -9999 -9999 -9999 -9999 5590 5515 -9999 -9999 5294 5387 5201 5214 -9999 -9999 -9999
5152 5231 5267 5489 5460 5249 5293 5279 5272 5287 5447 5598 5564 5432 5373 5323 5392 5313 5005 5083 5197 5198 5106 5084 5119 5204 4987 4949 5228 5096 4977 5065 4955 4827 5218 5416 5246 5181 5199 4990 4984 5150 -9999 -9999 5240 5128 5135 -9999 -9999 5051 5083 5053 5121 5234 5260 5116 5208 5432 5188 5327 5593 -9999 -9999 -9999 -9999 -9999 -9999 -9999 5411 5379 -9999 -9999 5403 5374 5055 5120 -9999 -9999 -9999
5431 5347 5315 5550 5295 5051 5281 5347 5362 5341 5480 5648 5531 5371 5362 5487 5590 5497 5155 5490 5368 5139 5328 5477 5512 5318 5063 4996 5253 5368 5115 5054 5194 5136 5296 5308 5122 5036 5131 4915 4795 5013 -9999 -9999 5500 5241 5111 5190 5235 5113 5149 5130 5032 5013 5139 5041 5205 5318 4948 5214 5389 5168 -9999 -9999 -9999 -9999 -9999 -9999 -9999 5221 -9999 5308 5386 5216 5137 5284 -9999 -9999 -9999
5269 5287 5339 5373 5241 5090 5241 5306 5457 5369 5349 5576 5326 5288 5436 5530 5473 5459 5416 5486 5260 5023 5135 5225 5219 5286 5210 5080 5019 4953 5012 5224 5470 -9999 -9999 5421 5182 4977 5066 5215 4870 4889 -9999 -9999 5566 5254 5216 5309 5379 5176 4944 4994 5132 5130 5036 4847 4911 5144 5113 5164 5063 5055 5154 -9999 -9999 -9999 -9999 -9999 -9999 -9999 -9999 5391 5180 5105 -9999 -9999 -9999 5478 5330
5291 5281 5163 5025 5239 5212 5149 5175 5262 5271 5417 5540 5153 5348 5362 5286 5500 5525 5375 5175 5319 5308 5242 5151 5058 5188 5215 5037 5048 4964 5152 5465 5229 5281 5141 5274 5246 5190 5128 5123 4945 5146 5386 -9999 5449 5261 5224 5245 5109 4971 4943 5113 5285 5175 5118 5166 5270 5241 5233 5138 5106 5258 5407 -9999 -9999 -9999 -9999 -9999 -9999 -9999 -9999 -9999 -9999 -9999 -9999 -9999 -9999 5343 -9999
5195 5234 5205 5051 5019 5184 5176 5089 5154 5351 5500 5457 5259 5438 5366 5338 5551 5474 5364 5386 5424 5282 5351 5414 5454 5287 5132 5029 5172 5359 5208 5168 5127 5276 5017 4867 5065 -9999 -9999 -9999 -9999 5216 5282 -9999 5366 5265 5183 5128 5030 5148 5045 5110 5115 4883 5145 5349 5288 5113 5028 5027 5052 5224 5320 5232 5193 5314 5254 5182 5103 -9999 -9999 5055 5018 -9999 -9999 -9999 -9999 -9999 -9999
5097 5366 4994 4997 5185 -9999 5289 5335 5512 5642 5369 5383 5416 5444 5379 5210 5330 5463 5299 5280 5294 5232 5442 -9999 -9999 5456 -9999 -9999 -9999 5225 5176 5147 5180 5121 5073 5169 5399 -9999 -9999 -9999 -9999 5679 5416 5261 5258 5355 5339 5107 5111 5335 4931 5028 5363 5265 5220 5138 4980 5227 5279 4908 4850 5164 5307 5364 5346 5354 5120 5295 5461 5299 5206 5204 5264 5192 5264 -9999 -9999 -9999 -9999
5415 5255 5073 5263 5596 5472 5145 5298 5488 5400 5108 5282 5272 5157 5155 5070 5063 5153 5082 5222 5376 -9999 -9999 -9999 -9999 -9999 -9999 -9999 -9999 -9999 5192 5255 5285 5266 5291 5266 5423 5332 4948 5030 5168 5285 5178 5196 5057 4885 4886 5136 5160 5221 5053 4972 5295 5413 5165 5415 5375 5225 5204 5000 4984 5302 5155 4988 5371 5393 5105 5228 5246 5032 5098 5214 5096 4941 5019 4873 5082 -9999 -9999
5216 5242 5367 5280 5414 5289 5056 5187 5127 4934 4916 5249 5261 5067 5159 5454 5403 5367 5311 5377 5551 -9999 -9999 -9999 -9999 -9999 -9999 -9999 -9999 -9999 -9999 5410 5428 5244 5095 5068 4968 5000 4944 -9999 4968 4938 5070 5150 5141 4922 4956 5390 5003 5008 5284 5266 5135 5229 5192 5224 5297 5084 5126 5449 5121 5114 5210 5065 5367 5375 4748 4858 5003 4865 4767 4983 5020 4965 4951 4808 5078 -9999 -9999
5190 5208 5351 5302 5193 5220 5167 5285 5296 5091 5014 5217 5332 -9999 5428 5550 5389 5467 5447 -9999 -9999 -9999 -9999 -9999 -9999 -9999 -9999 -9999 -9999 -9999 -9999 5575 5132 5111 5082 5046 4843 5125 5171 5147 5261 5319 5381 5307 5145 5318 5416 5381 4819 4886 5353 5424 5111 5211 5192 4976 5001 5037 5086 5211 4987 5016 5471 5435 4789 4860 4857 4845 4963 4988 4912 5053 5113 5128 5250 5174 -9999 -9999 -9999
5253 -9999 5163 5117 5049 5276 5071 5225 5491 5282 5113 5035 5127 5328 5367 5345 5153 5028 5047 -9999 -9999 -9999 -9999 -9999 -9999 -9999 -9999 -9999 -9999 -9999 -9999 5379 5079 5327 5298 4952 4840 5326 5226 5093 5250 5207 5318 5280 5111 5365 5239 4979 4914 5146 5066 5025 4871 5076 5168 4998 4829 4951 5187 5263 5189 5133 5200 5242 4923 5179 5194 4950 4855 5079 5013 5034 5168 5124 5339 5248 4792 5037 5155
-9999 -9999 -9999 5037 5014 5199 5165 5167 5320 5225 5168 5190 5215 5227 5185 5264 5315 5102 5037 5304 5324 5119 4943 4910 -9999 -9999 -9999 -9999 -9999 -9999 5438 5318 5328 5235 5168 4899 4977 5350 5258 5167 5286 5255 5046 5307 5255 5117 5185 5082 5276 5438 4881 5035 5316 5261 5161 5321 5140 4992 5309 5453 5459 5463 5353 5081 5089 5221 5039 4927 4891 5024 4860 4985 5194 5128 4986 4979 4946 4998 4981
-9999 -9999 -9999 -9999 -9999 -9999 -9999 -9999 5123 5200 5150 5081 5261 5218 5123 4974 5191 -9999 5285 5436 5285 5086 5077 5005 5328 5409 5167 -9999 5316 5266 5284 5085 5085 5301 5317 5178 5262 5369 5327 5277 5474 5287 4895 5350 5418 5146 5272 5341 5183 5121 4857 5173 5531 5392 5088 5227 5276 -9999 -9999 -9999 5199 5164 -9999 4946 4847 4887 4830 5256 5167 4919 4903 5088 5345 5121 4696 4979 5312 5254 4942
-9999 -9999 -9999 -9999 -9999 -9999 -9999 -9999 -9999 5316 5200 5088 5298 -9999 -9999 -9999 -9999 -9999 5268 5119 5035 5210 5255 4980 5105 5077 4978 5236 5137 4841 5010 5353 5129 5208 5454 5510 5669 5452 5321 5442 5341 5103 4979 5461 5224 5042 5162 5448 5074 4994 5171 5160 5097 5295 5318 5330 5314 -9999 -9999 -9999 -9999 -9999 -9999 5165 5218 5059 4957 5359 5084 5128 5248 5204 5177 5133 4972 5117 5145 5101 5088
-9999 -9999 -9999 -9999 -9999 -9999 -9999 -9999 -9999 -9999 5255 5266 5091 -9999 -9999 -9999 -9999 -9999 5296 5408 5249 5025 5072 5013 5132 4984 -9999 -9999 -9999 -9999 4955 5247 5132 5143 5312 5438 5498 5217 5354 5396 4810 4866 4959 5112 4904 5088 5329 5407 5133 5235 5460 5383 4988 5165 5453 -9999 -9999 -9999 -9999 -9999 -9999 -9999 5106 5142 4880 4994 5074 4973 -9999 5071 5281 5002 4865 5179 -9999 -9999 -9999 -9999 5119
-9999 -9999 -9999 -9999 -9999 -9999 -9999 -9999 -9999 -9999 -9999 5425 5401 5580 -9999 -9999 -9999 5306 5424 5531 5212 4669 4879 -9999 -9999 -9999 -9999 -9999 -9999 -9999 -9999 -9999 -9999 -9999 -9999 5336 5140 5135 5395 5269 4838 5269 5021 4946 5299 5554 5756 5497 5232 5325 5218 5295 5313 5306 5341 5362 -9999 -9999 -9999 -9999 -9999 5617 5478 5207 4908 5079 5265 5148 4953 5292 5182 -9999 4876 -9999 -9999 -9999 -9999 -9999 -9999
-9999 -9999 -9999 -9999 -9999 -9999 -9999 -9999 -9999 -9999 -9999 -9999 5486 5437 5479 -9999 5410 5443 5313 5189 5305 5257 -9999 -9999 -9999 -9999 -9999 -9999 -9999 -9999 -9999 -9999 -9999 -9999 -9999 5177 5180 5258 5230 5200 5239 5483 5263 5018 5317 5662 5550 5302 4993 5002 4842 4903 -9999 -9999 5325 5491 5637 5794 5594 5404 -9999 5544 5272 5287 5348 5233 5244 5157 5183 5358 -9999 -9999 -9999 -9999 -9999 4872 -9999 -9999 -9999
-9999 -9999 -9999 -9999 -9999 -9999 -9999 -9999 -9999 -9999 -9999 -9999 -9999 -9999 5041 5072 5303 5373 5229 5208 5474 5516 5228 -9999 -9999 -9999 -9999 -9999 -9999 -9999 -9999 -9999 -9999 -9999 4893 5212 5255 5169 5108 5287 5228 5100 5028 5054 5251 5278 4919 5054 5112 4924 4702 4644 -9999 5368 5233 5547 5533 5310 5434 5316 -9999 5263 4972 5041 5285 5203 4989 5199 -9999 5129 5042 -9999 -9999 -9999 4834 4954 -9999 -9999 -9999
-9999 -9999 -9999 -9999 -9999 -9999 -9999 -9999 -9999 -9999 -9999 -9999 -9999 -9999 4862 4871 5203 5304 5247 5252 5293 5322 5175 -9999 -9999 -9999 5101 5219 -9999 -9999 5168 -9999 -9999 -9999 5086 5298 5269 4930 5020 5285 5082 4995 5055 5175 5285 5332 5235 5225 5201 5059 4995 -9999 -9999 4997 5014 5300 5515 5271 5139 5216 -9999 -9999 -9999 -9999 -9999 4905 4956 5362 5224 5038 5062 -9999 -9999 4992 5059 5181 -9999 5016 -9999
-9999 -9999 -9999 -9999 -9999 -9999 -9999 -9999 -9999 -9999 -9999 -9999 -9999 -9999 -9999 4966 5325 5345 5274 5196 5076 -9999 -9999 -9999 -9999 -9999 4942 5258 -9999 -9999 -9999 -9999 -9999 -9999 -9999 -9999 -9999 4768 4971 5515 5375 5242 5168 5328 5658 5574 5259 5227 -9999 -9999 -9999 -9999 -9999 -9999 4895 4974 4982 4991 5173 5153 -9999 -9999 -9999 -9999 -9999 5003 5015 5057 5154 5249 5169 4992 4598 4836 5210 5211 5021 5154 -9999
-9999 -9999 -9999 4973 4778 -9999 -9999 -9999 -9999 -9999 -9999 -9999 -9999 -9999 -9999 -9999 5033 5045 5086 -9999 -9999 -9999 -9999 -9999 -9999 -9999 -9999 -9999 -9999 -9999 -9999 -9999 -9999 -9999 -9999 -9999 -9999 -9999 -9999 5388 5502 5235 5214 5297 5526 5552 5271 5320 -9999 5307 5071 -9999 5070 -9999 -9999 -9999 5079 4998 5196 5354 5127 -9999 -9999 -9999 -9999 -9999 5241 5029 -9999 5189 4948 4864 -9999 5072 5242 5110 4938 -9999 -9999
-9999 -9999 -9999 -9999 -9999 -9999 -9999 -9999 -9999 -9999 -9999 -9999 -9999 -9999 -9999 -9999 -9999 -9999 -9999 -9999 -9999 -9999 -9999 -9999 -9999 -9999 -9999 -9999 -9999 -9999 -9999 -9999 -9999 -9999 -9999 -9999 -9999 -9999 -9999 -9999 -9999 4984 -9999 -9999 -9999 -9999 5391 5308 5268 5078 4961 5173 5121 4929 -9999 -9999 5210 4969 5059 5144 5118 -9999 -9999 -9999 5052 -9999 -9999 4850 4619 4826 4808 4782 -9999 -9999 5211 5180 5199 5284 -9999
-9999 -9999 -9999 -9999 -9999 -9999 -9999 -9999 -9999 -9999 -9999 -9999 -9999 -9999 -9999 -9999 -9999 -9999 -9999 -9999 -9999 -9999 -9999 -9999 -9999 -9999 -9999 -9999 -9999 -9999 -9999 -9999 -9999 -9999 -9999 -9999 -9999 -9999 -9999 -9999 -9999 -9999 -9999 -9999 -9999 -9999 -9999 -9999 -9999 -9999 5034 -9999 -9999 -9999 -9999 5046 5108 4998 4801 4985 -9999 -9999 -9999 -9999 -9999 -9999 -9999 -9999 4742 4856 4888 4861 -9999 -9999 5048 5229 5314 5228 5059
-9999 -9999 -9999 -9999 -9999 -9999 -9999 -9999 -9999 -9999 -9999 -9999 -9999 -9999 -9999 -9999 -9999 -9999 -9999 -9999 -9999 -9999 -9999 -9999 -9999 -9999 -9999 -9999 -9999 -9999 -9999 -9999 -9999 4979 5015 -9999 -9999 -9999 -9999 -9999 -9999 -9999 -9999 -9999 -9999 -9999 -9999 -9999 -9999 -9999 -9999 -9999 -9999 -9999 -9999 -9999 -9999 -9999 -9999 -9999 -9999 -9999 -9999 -9999 -9999 -9999 -9999 -9999 4906 5068 -9999 -9999 -9999 -9999 -9999 5251 5083 4873 -9999
-9999 -9999 -9999 -9999 -9999 -9999 -9999 -9999 -9999 -9999 -9999 -9999 -9999 -9999 -9999 -9999 -9999 -9999 -9999 -9999 -9999 -9999 -9999 -9999 -9999 -9999 -9999 -9999 5287 -9999 -9999 -9999 -9999 -9999 -9999 -9999 -9999 -9999 -9999 -9999 -9999 -9999 -9999 -9999 -9999 -9999 -9999 -9999 -9999 -9999 -9999 -9999 -9999 -9999 -9999 -9999 -9999 -9999 -9999 -9999 -9999 -9999 -9999 -9999 -9999 -9999 5062 5101 5052 5157 5123 -9999 -9999 -9999 -9999 -9999 -9999 -9999 -9999
-9999 -9999 -9999 -9999 -9999 -9999 -9999 -9999 -9999 -9999 -9999 -9999 -9999 -9999 -9999 -9999 -9999 -9999 -9999 -9999 -9999 -9999 -9999 -9999 -9999 -9999 -9999 -9999 -9999 -9999 -9999 -9999 -9999 -9999 -9999 -9999 -9999 -9999 -9999 5106 5100 -9999 -9999 -9999 -9999 -9999 -9999 -9999 -9999 -9999 -9999 -9999 -9999 -9999 -9999 -9999 -9999 -9999 -9999 -9999 -9999 -9999 -9999 -9999 -9999 -9999 -9999 5152 5028 4931 5185 5160 -9999 -9999 -9999 -9999 -9999 -9999 -9999
-9999 -9999 -9999 -9999 -9999 -9999 -9999 -9999 -9999 -9999 -9999 -9999 -9999 -9999 -9999 -9999 -9999 -9999 -9999 -9999 -9999 -9999 -9999 -9999 -9999 -9999 -9999 -9999 -9999 -9999 -9999 -9999 -9999 -9999 -9999 -9999 -9999 -9999 5000 -9999 -9999 5252 -9999 -9999 -9999 -9999 -9999 -9999 -9999 -9999 -9999 -9999 -9999 -9999 -9999 -9999 -9999 -9999 -9999 -9999 -9999 -9999 -9999 -9999 -9999 -9999 4892 5014 5053 4943 5163 5082 -9999 -9999 -9999 -9999 -9999 -9999 -9999
-9999 -9999 -9999 -9999 -9999 -9999 5100 5069 -9999 -9999 -9999 -9999 -9999 -9999 -9999 -9999 -9999 -9999 -9999 -9999 -9999 -9999 -9999 -9999 -9999 -9999 -9999 -9999 -9999 -9999 -9999 -9999 -9999 -9999 -9999 5226 -9999 -9999 5157 -9999 -9999 -9999 -9999 -9999 -9999 -9999 -9999 -9999 -9999 -9999 -9999 -9999 -9999 -9999 -9999 -9999 -9999 -9999 -9999 -9999 -9999 -9999 -9999 -9999 -9999 -9999 4738 4784 5093 5160 5094 5087 -9999 -9999 -9999 -9999 -9999 -9999 -9999
-9999 -9999 -9999 -9999 -9999 5023 4976 5134 -9999 -9999 -9999 -9999 -9999 -9999 -9999 -9999 -9999 -9999 -9999 -9999 -9999 -9999 -9999 -9999 -9999 -9999 -9999 -9999 -9999 -9999 -9999 -9999 -9999 -9999 -9999 5156 5296 -9999 -9999 -9999 -9999 -9999 -9999 -9999 -9999 -9999 -9999 -9999 -9999 -9999 -9999 -9999 -9999 -9999 -9999 -9999 -9999 -9999 -9999 -9999 -9999 -9999 -9999 -9999 -9999 -9999 -9999 4962 -9999 5296 5266 -9999 -9999 -9999 -9999 -9999 -9999 -9999 -9999
-9999 -9999 5070 -9999 5256 4979 -9999 -9999 -9999 -9999 -9999 -9999 -9999 -9999 -9999 -9999 -9999 -9999 -9999 -9999 -9999 -9999 -9999 -9999 -9999 -9999 -9999 -9999 -9999 -9999 -9999 -9999 -9999 -9999 -9999 -9999 -9999 -9999 -9999 -9999 5119 4923 -9999 -9999 -9999 -9999 -9999 -9999 -9999 -9999 -9999 -9999 -9999 -9999 -9999 -9999 -9999 -9999 -9999 -9999 -9999 -9999 -9999 -9999 -9999 -9999 -9999 5165 -9999 5255 5286 -9999 -9999 -9999 -9999 -9999 -9999 -9999 -9999
-9999 -9999 -9999 -9999 -9999 -9999 -9999 -9999 -9999 -9999 -9999 -9999 -9999 -9999 -9999 -9999 -9999 -9999 -9999 -9999 -9999 -9999 -9999 -9999 -9999 -9999 -9999 -9999 -9999 -9999 -9999 -9999 -9999 -9999 -9999 -9999 -9999 -9999 -9999 -9999 -9999 4849 -9999 -9999 -9999 -9999 -9999 -9999 -9999 -9999 -9999 -9999 -9999 -9999 -9999 -9999 -9999 -9999 -9999 -9999 -9999 -9999 -9999 -9999 -9999 -9999 -9999 -9999 5042 5213 5064 4917 -9999 -9999 -9999 -9999 -9999 -9999 -9999
