test/g2lab/icchange/view/profile/olddata/change-2010-03-b3.txt
ncols         452
nrows         411
xllcorner     527595,50307841
yllcorner     5934256,8476051
cellsize      5
NODATA_value  -9999
[rows 108 to 143 of 411, columns 160 to 239 of 452]
3827 -9999 -9999 -9999 -9999 -9999 -9999 -9999 -9999 -9999 3942 3847 3769 3739 3669 3660 3593 3495 3565 -9999 3421 3130 3187 3354 3314 3305 -9999 3523 3472 3389 3300 3399 3514 3487 3405 3269 3119 3082 -9999 -9999 3330 3387 3468 3552 3674 3341 3091 -9999 3420 3478 3623 3615 3739 3852 3994 3711 3569 3773 3682 3593 3641 3629 3432 3361 3436 3376 3222 3137 3085 3243 3406 3245 3257 -9999 -9999 -9999 -9999 -9999 -9999 -9999
-9999 -9999 -9999 -9999 3793 3830 -9999 -9999 -9999 -9999 -9999 -9999 3791 -9999 3717 3654 -9999 3609 3527 3660 -9999 -9999 3375 -9999 -9999 -9999 -9999 3474 3629 3696 3509 3456 3558 3631 -9999 -9999 -9999 3254 -9999 -9999 3415 3422 3392 3520 3695 3445 3100 -9999 3329 3514 3548 3469 3711 3883 3864 3707 3550 3652 3673 3552 3522 3520 3373 3329 3405 3401 3202 3163 3179 3141 3229 3271 -9999 -9999 -9999 -9999 -9999 -9999 -9999 -9999
-9999 4019 -9999 -9999 3698 3778 -9999 -9999 -9999 -9999 -9999 -9999 3740 3720 3741 -9999 -9999 -9999 3671 3556 -9999 -9999 -9999 3335 3436 3508 3460 3377 3481 3526 3469 3479 3483 3466 3430 -9999 -9999 -9999 3252 3374 -9999 3433 3400 3383 3583 3615 3229 -9999 3266 3550 3523 3484 3771 3708 3746 3802 3600 3608 3642 3475 3412 3469 3429 3439 3462 3321 3057 3092 3068 2943 -9999 -9999 -9999 -9999 -9999 -9999 -9999 -9999 3087 3167
-9999 -9999 -9999 -9999 3883 -9999 -9999 -9999 -9999 -9999 -9999 3707 3774 3764 -9999 -9999 -9999 3475 3378 3365 3287 3221 -9999 -9999 3376 3337 3378 3441 3515 3486 3524 3568 -9999 3425 3383 -9999 -9999 3279 3251 3317 -9999 -9999 3499 3313 3425 -9999 -9999 -9999 -9999 3566 3512 3597 3749 3541 3758 3942 3718 3612 3465 3233 3078 3154 3326 3409 3413 3261 3065 -9999 -9999 -9999 -9999 -9999 -9999 -9999 -9999 -9999 -9999 -9999 3105 3182
-9999 -9999 -9999 -9999 -9999 -9999 -9999 -9999 3817 3779 3706 3652 -9999 -9999 3568 3516 3558 3567 3554 3616 3578 3439 3472 3556 3410 3332 3439 3548 3582 3564 3635 3629 3568 3590 3522 3482 3390 3252 3218 3319 3453 -9999 3472 3405 3465 -9999 -9999 -9999 -9999 3574 3430 3567 3576 3425 3640 3849 3657 3449 3345 3071 2857 3032 3206 3161 3068 3050 -9999 -9999 -9999 -9999 -9999 -9999 -9999 -9999 -9999 -9999 -9999 -9999 -9999 3217
-9999 -9999 -9999 -9999 -9999 -9999 3736 3676 3637 -9999 3755 3731 3729 -9999 -9999 -9999 -9999 -9999 -9999 -9999 3593 3460 3431 3523 3397 3250 3364 3444 3558 3605 3636 3530 3519 3660 3522 3425 3419 3331 3283 3386 -9999 -9999 3541 3483 3470 -9999 -9999 -9999 -9999 3363 3422 3419 3326 3127 3176 3443 3384 3073 3050 2891 -9999 -9999 -9999 -9999 -9999 -9999 -9999 -9999 -9999 -9999 -9999 -9999 -9999 -9999 -9999 -9999 -9999 -9999 3099 3144
3848 -9999 -9999 -9999 -9999 -9999 -9999 -9999 -9999 -9999 -9999 -9999 3928 -9999 -9999 -9999 -9999 -9999 3906 3694 3489 3369 3392 3370 3265 3239 3332 3361 3537 3688 3672 3478 3408 3526 3500 3494 3496 3422 3352 3381 3484 3522 3493 3377 3377 3625 -9999 -9999 -9999 -9999 3723 3417 3233 2828 2766 3111 3257 3058 -9999 -9999 -9999 -9999 -9999 -9999 -9999 -9999 -9999 -9999 2905 2868 2924 2961 2836 2632 -9999 -9999 -9999 -9999 3003 2952
3969 -9999 -9999 -9999 -9999 -9999 -9999 -9999 -9999 -9999 -9999 -9999 3996 -9999 3831 3834 -9999 -9999 -9999 3586 3453 3306 3344 3476 3488 3549 3555 3540 3669 3793 3724 3545 3423 3528 -9999 3579 3482 3383 3338 3336 3361 3384 3397 3375 3412 3583 3643 3336 -9999 -9999 3388 3243 3188 2798 2748 -9999 -9999 -9999 -9999 -9999 -9999 -9999 3301 -9999 -9999 -9999 -9999 3038 2706 2767 2906 3025 2931 2750 2737 -9999 -9999 3038 2916 2847
-9999 -9999 -9999 -9999 -9999 -9999 -9999 -9999 -9999 -9999 -9999 -9999 -9999 -9999 -9999 -9999 -9999 -9999 -9999 -9999 -9999 3572 3549 3728 3854 -9999 3825 3774 3785 3716 3694 3629 3565 3595 3630 3500 3370 3273 3287 3342 3357 3338 3352 3408 3313 3300 3429 3362 -9999 -9999 2946 3048 -9999 -9999 -9999 -9999 -9999 -9999 -9999 -9999 3244 3147 3337 -9999 -9999 -9999 3185 3009 2870 2805 2835 2899 2855 2758 2774 2906 -9999 2884 2878 2928
-9999 -9999 -9999 -9999 -9999 -9999 -9999 -9999 -9999 -9999 -9999 -9999 -9999 -9999 -9999 -9999 -9999 -9999 -9999 3726 3625 3687 3702 3806 3891 3828 3799 -9999 3682 3529 3585 3611 3563 3510 3476 3393 3291 3227 3285 3375 3395 3329 3244 3230 3036 2999 3198 -9999 -9999 -9999 -9999 -9999 -9999 -9999 -9999 -9999 -9999 -9999 -9999 -9999 -9999 3201 -9999 -9999 -9999 3391 3130 2905 2865 2806 2747 2709 2647 2626 -9999 -9999 -9999 2934 2679 2764
-9999 -9999 -9999 -9999 -9999 -9999 -9999 -9999 -9999 -9999 -9999 -9999 -9999 -9999 -9999 3831 -9999 -9999 -9999 3745 3701 3704 3715 3702 -9999 -9999 3627 3690 3585 3499 3690 3654 3536 3455 3421 3342 3242 3220 3244 3263 3229 3129 2998 2947 -9999 -9999 -9999 -9999 -9999 -9999 -9999 -9999 -9999 -9999 -9999 2810 -9999 2980 3076 3126 3101 3104 3265 -9999 3531 3377 3105 2953 2985 2912 2805 2761 2755 2761 -9999 -9999 -9999 -9999 2976 2961
-9999 -9999 3803 3751 3785 -9999 3785 -9999 -9999 3757 -9999 -9999 3753 3716 3699 3770 -9999 -9999 -9999 -9999 3791 -9999 3689 3680 -9999 -9999 3588 3616 3515 3523 3680 3620 3639 3576 3440 3259 3157 3141 -9999 -9999 -9999 -9999 -9999 -9999 -9999 -9999 -9999 -9999 -9999 -9999 -9999 -9999 -9999 -9999 -9999 2889 2907 3036 3120 3119 3054 3063 3197 3384 3443 3327 3188 3167 3157 3021 2889 2853 2866 2826 2881 -9999 -9999 -9999 3108 3008
-9999 3954 3896 3867 -9999 -9999 -9999 -9999 -9999 -9999 -9999 -9999 -9999 -9999 -9999 -9999 -9999 3678 -9999 -9999 -9999 -9999 -9999 3675 3652 3727 3760 -9999 3642 3475 3429 3474 3600 3462 3238 3162 -9999 -9999 -9999 -9999 -9999 -9999 -9999 -9999 3199 -9999 -9999 -9999 -9999 -9999 -9999 -9999 -9999 -9999 -9999 3147 3184 3253 3282 3225 3125 3065 3133 3253 3317 3178 3082 3194 3177 2995 2890 2954 2961 2798 2731 -9999 -9999 -9999 2971 2872
3816 3912 3883 3877 -9999 -9999 -9999 -9999 -9999 -9999 -9999 -9999 -9999 -9999 -9999 -9999 3675 3651 -9999 -9999 3801 3748 3761 3590 3518 3658 3673 -9999 -9999 3329 3286 3314 3355 3264 3183 -9999 -9999 3011 2996 3048 3013 -9999 3287 3236 3291 3425 3446 -9999 -9999 -9999 -9999 -9999 -9999 -9999 -9999 -9999 3450 3467 3468 3350 3199 3084 3114 3197 3250 3033 2876 3034 3121 3007 2910 3019 3146 3071 2943 -9999 -9999 -9999 3035 2856
3658 3723 3633 3629 -9999 -9999 -9999 3592 3558 -9999 -9999 -9999 -9999 -9999 -9999 -9999 3607 3651 -9999 3770 3663 3608 3601 3453 3336 3367 3339 -9999 -9999 3068 3225 3325 3320 3366 3349 3280 3208 3063 3106 3223 3132 3225 3348 3281 3210 3214 3287 3373 3352 -9999 -9999 -9999 -9999 3348 3269 3381 3520 3551 -9999 3357 3181 3088 3128 3294 3339 3101 2858 2925 3039 3074 3000 3004 3083 3129 3026 2910 -9999 -9999 3001 2830
3757 3686 3466 3504 3641 -9999 3608 3609 3696 -9999 -9999 -9999 -9999 -9999 -9999 3600 3488 3561 3587 3464 3448 3450 3418 3289 3119 3166 -9999 -9999 2940 3005 3380 3526 3448 3381 3413 3339 3261 3290 3360 3186 2979 3149 3238 3269 3208 3138 3037 3088 3286 3083 -9999 -9999 -9999 3403 3213 3320 3400 3393 3376 3300 3131 3066 3129 -9999 -9999 3307 2972 2811 2957 3130 3140 3018 2967 3029 3031 2950 -9999 -9999 2951 2826
-9999 3691 3498 3664 3776 -9999 -9999 -9999 -9999 -9999 3817 3884 3857 3665 3422 3332 3306 3313 3289 3296 3351 -9999 3389 -9999 3075 3314 -9999 3275 3016 3130 3461 3539 3403 3288 3388 3411 3247 3202 3324 3068 2927 3183 3101 3083 3160 3196 2937 2905 3175 -9999 -9999 -9999 -9999 3408 3294 3280 3186 3156 3212 3230 3129 3039 3092 3289 -9999 3379 3082 2820 2888 3121 3226 3122 3000 3047 3144 3112 -9999 -9999 2920 2789
-9999 3713 3593 3745 3868 -9999 -9999 3797 3746 3689 3688 3688 3589 3364 3090 3022 3094 -9999 -9999 -9999 -9999 -9999 3473 3330 3176 3481 3596 3357 3167 3143 3230 3238 3301 3263 3308 3356 3111 3042 3218 3136 3062 3148 3087 3045 3159 3224 3030 2977 3166 -9999 -9999 -9999 3228 3389 3414 3282 3103 2971 3035 3151 3164 3074 3057 3164 3353 3403 3205 2973 2885 3084 3262 -9999 3204 3129 3175 -9999 -9999 -9999 2887 2729
3745 3711 3718 3697 3637 3642 3524 3490 3671 3454 3312 3292 3121 3091 3160 3200 3115 3229 3445 3530 3496 3417 3425 3290 3191 3363 3395 3269 3116 3068 3050 3164 3358 3302 3214 3204 3113 3122 3192 3163 3109 3168 3202 3088 3103 3062 2911 2894 3011 -9999 -9999 -9999 -9999 3590 3511 3425 3310 3136 3162 3220 3206 3149 3145 3202 3246 -9999 3410 3222 3013 3078 3344 -9999 3406 3244 3170 -9999 -9999 -9999 2843 2692
3613 3631 3634 3390 3216 3267 3228 3202 3382 3316 3299 -9999 -9999 3422 -9999 -9999 3259 3268 3411 3392 3437 3301 3251 3207 3092 3127 3208 3156 3100 3111 3197 3295 3393 3342 3301 3256 3244 3250 3073 2986 3085 3126 3122 3001 2988 2843 2699 2712 2887 2964 -9999 -9999 -9999 -9999 3636 3565 3478 3368 3407 3294 3151 3155 3181 3206 3237 -9999 3500 3257 3051 3128 3410 3570 3574 3396 3219 3238 -9999 -9999 2833 2740
3491 -9999 -9999 3285 -9999 -9999 -9999 -9999 -9999 -9999 -9999 -9999 3797 3633 3546 3452 3344 3372 3317 3212 3358 3157 3060 3209 3124 3160 3315 3193 3239 3237 3251 3331 3424 3506 3528 3278 3132 3151 2918 2833 2963 2895 2918 2946 2940 2787 2651 2692 2827 2878 2965 -9999 -9999 -9999 3642 3670 3616 3451 3354 3275 3221 3199 3107 3099 3297 -9999 3498 3210 3003 3152 3399 3507 3486 3458 3292 3193 -9999 -9999 2876 2820
-9999 -9999 -9999 -9999 -9999 -9999 -9999 -9999 -9999 -9999 3800 3639 3588 3624 -9999 3548 3304 3302 3426 3321 3209 3054 3051 3260 3257 2999 3017 3160 3250 3060 3032 3399 3526 3589 3510 3122 2907 2951 2880 2752 2790 2815 2864 2921 2919 2836 2758 2774 2878 2908 2995 -9999 -9999 -9999 3608 3732 3802 3574 3359 3351 3353 3265 3121 2983 3116 -9999 -9999 3364 3061 3011 3227 3308 3267 3294 3202 3115 -9999 -9999 -9999 2901
-9999 -9999 -9999 -9999 -9999 -9999 -9999 3846 3746 3802 3710 3467 3460 3514 3489 3323 3139 3129 3362 3275 3103 3139 3043 3113 3146 2940 2842 2962 2975 2938 2998 3327 3395 3451 3334 3064 2856 2815 2827 2688 2726 2884 2910 2825 2772 2823 2904 3064 3136 3074 3043 -9999 -9999 -9999 3531 3751 -9999 3711 3489 3422 3328 3167 2998 2921 2921 3159 3308 3297 2967 2779 3055 3213 3205 3148 3144 3111 3085 -9999 -9999 2951
-9999 -9999 -9999 -9999 -9999 -9999 3769 3616 3593 -9999 -9999 3677 -9999 3443 3183 3153 3286 3332 3255 3203 3151 3112 2946 2912 2976 2952 2735 2709 2842 2999 3065 3129 3230 3382 3228 3000 2902 2705 2697 2734 2624 2849 2927 2742 2638 2904 3290 3526 3473 3244 3131 3238 -9999 -9999 -9999 3678 3931 -9999 3700 3421 3208 3109 3058 3017 2947 3137 3327 3263 3026 2723 2829 3027 3229 3216 3161 3104 3104 -9999 -9999 2912
-9999 -9999 -9999 -9999 3123 3205 3304 3444 3535 3580 3435 3338 -9999 3297 3216 3217 3085 3147 3160 3202 3092 2952 2810 2750 2766 2750 2592 2692 2951 3138 3187 3190 3218 3263 3057 2944 2963 2827 2697 2645 2513 2795 2966 2823 2754 3213 3827 3947 3839 3532 3370 3506 -9999 -9999 -9999 3493 3888 -9999 -9999 3476 3274 3335 3248 3078 3010 3194 3341 3332 3170 2825 2742 3008 3278 3257 3078 3046 3069 -9999 -9999 2885
-9999 -9999 -9999 -9999 -9999 -9999 3060 3280 3269 3173 3147 3216 3224 3095 3263 3174 2839 3001 3138 3090 2945 2848 2819 2764 2668 2719 2868 3045 3137 3189 3201 3152 3145 3103 2971 2933 2908 2791 2632 2572 2688 2874 2949 3041 3259 3665 4200 4384 4216 3903 3699 3710 -9999 -9999 -9999 3405 3872 -9999 -9999 3608 3499 3551 3326 3096 3111 3282 3286 3315 3166 2868 2806 2993 3162 3151 3085 3060 3038 2915 -9999 -9999
-9999 -9999 -9999 -9999 -9999 -9999 -9999 3213 3081 3041 3274 3325 3150 2803 2822 2929 2886 2972 2987 3078 3095 2989 2977 2969 2904 3001 3249 3326 3234 3279 3249 3122 3058 3028 2975 2991 2901 2755 2664 2616 2739 2933 2994 3344 3815 4111 4415 -9999 -9999 4190 3974 3797 3604 3526 -9999 -9999 3811 -9999 -9999 3772 3578 3563 3392 3125 3111 3272 3280 3321 3118 2876 2926 2952 3004 3045 3111 3145 3075 2920 -9999 -9999
-9999 -9999 -9999 -9999 -9999 -9999 -9999 -9999 -9999 -9999 -9999 2962 2849 2694 2645 2896 2970 2940 3016 3309 3389 3177 3120 3217 3228 3165 3323 3245 3059 3152 3114 2994 2971 2992 2974 2931 2840 2772 2766 2738 2812 3022 3258 3605 -9999 -9999 -9999 -9999 -9999 -9999 -9999 -9999 -9999 -9999 -9999 -9999 -9999 3971 -9999 3893 3577 3557 3346 2998 2970 3212 3396 3444 3178 2970 3052 3114 2995 2957 3059 3160 -9999 -9999 2930 -9999
-9999 -9999 -9999 -9999 -9999 -9999 -9999 -9999 -9999 -9999 -9999 2819 2797 2945 2961 2967 2959 3128 3327 3367 3389 3236 3206 3305 3222 3087 3306 3115 2844 2920 2879 2772 2782 2895 2898 2795 2704 2605 2792 3006 3025 3184 3569 4015 -9999 -9999 -9999 -9999 -9999 -9999 -9999 -9999 -9999 3566 -9999 -9999 -9999 3881 -9999 -9999 3603 3517 3244 2846 2795 3047 3426 -9999 3336 3101 3121 3183 3031 2890 2963 3032 3101 3052 2969 -9999
-9999 -9999 -9999 -9999 -9999 -9999 -9999 -9999 -9999 -9999 -9999 -9999 2962 3083 -9999 2964 -9999 -9999 -9999 3098 -9999 -9999 3187 3166 3126 3138 3310 3169 2927 2854 2790 2665 2711 2863 2870 2798 2699 2643 3021 3336 3286 3389 3876 -9999 -9999 -9999 -9999 -9999 -9999 -9999 -9999 -9999 3933 3712 -9999 -9999 -9999 -9999 -9999 -9999 3741 3449 3264 2894 2700 2880 3182 -9999 3387 3191 2980 3021 3094 2985 2874 2855 2982 3045 2921 2782
-9999 -9999 -9999 -9999 -9999 -9999 -9999 -9999 -9999 -9999 -9999 -9999 -9999 3046 -9999 -9999 -9999 -9999 -9999 -9999 -9999 -9999 -9999 -9999 -9999 -9999 -9999 -9999 3156 3044 2969 2834 2858 2966 2963 3006 3029 3088 3307 3508 3558 3691 -9999 -9999 -9999 -9999 -9999 -9999 -9999 4295 4209 -9999 -9999 -9999 -9999 -9999 -9999 -9999 -9999 -9999 3847 3365 3132 2899 2732 2804 2917 3332 -9999 3279 2894 2915 3184 3094 2837 2759 2910 3007 2879 2690
-9999 -9999 -9999 -9999 -9999 -9999 -9999 -9999 -9999 -9999 3024 3133 3119 3117 -9999 3302 3235 3232 3062 -9999 -9999 -9999 -9999 -9999 -9999 -9999 -9999 -9999 -9999 -9999 -9999 -9999 -9999 -9999 -9999 -9999 -9999 3394 3444 3568 3673 3767 -9999 -9999 -9999 -9999 4023 3987 4069 4148 4147 -9999 -9999 -9999 -9999 -9999 -9999 -9999 -9999 -9999 3748 3275 3001 2891 2842 2955 3103 3378 -9999 3372 3107 2993 3118 3057 2858 2788 2896 2911 2753 2617
-9999 -9999 -9999 -9999 -9999 -9999 -9999 -9999 -9999 -9999 2852 3066 3217 3258 3264 3110 3135 3216 3130 3297 -9999 -9999 3086 3060 -9999 -9999 -9999 -9999 -9999 -9999 -9999 -9999 -9999 -9999 -9999 -9999 -9999 -9999 3494 3604 3589 3628 -9999 -9999 -9999 3769 3780 3706 3785 -9999 3947 3979 3940 -9999 -9999 -9999 -9999 -9999 -9999 -9999 3514 3341 3053 2854 2892 3060 3273 3365 3385 3296 3183 2964 3069 3054 2836 2805 2787 2695 2581 2583
-9999 -9999 -9999 -9999 -9999 -9999 -9999 -9999 -9999 -9999 3100 3132 -9999 3207 3084 3013 3138 3179 3149 3298 3364 3200 3023 3084 -9999 3110 -9999 3379 3421 -9999 -9999 -9999 3254 3227 -9999 -9999 3446 -9999 -9999 -9999 3480 3507 -9999 -9999 -9999 3675 -9999 -9999 3492 3585 3583 3626 3540 3487 -9999 -9999 -9999 -9999 -9999 3560 3426 3382 3063 2871 2998 3062 3181 3328 3398 3224 3084 3023 3314 3232 2851 2747 2697 2581 2494 2619
-9999 -9999 -9999 -9999 -9999 -9999 -9999 -9999 -9999 -9999 3195 3059 3149 3136 3161 3226 3264 3152 3091 3154 3155 3012 2914 -9999 2897 2948 -9999 3152 3193 -9999 -9999 3258 3276 -9999 -9999 3407 3430 3599 3680 3588 3444 3464 3622 3673 3612 3593 3532 3483 3445 -9999 -9999 -9999 -9999 -9999 -9999 -9999 -9999 -9999 -9999 3448 3385 3249 3033 2984 3061 3032 3080 3311 3388 3013 3016 3219 3363 3120 2752 2691 2773 2705 2622 2702
-9999 -9999 -9999 -9999 -9999 -9999 -9999 -9999 -9999 -9999 2981 2950 3027 3071 3261 3427 3359 3157 3053 3089 3102 2998 2944 2945 2827 2824 2904 2913 2960 3076 -9999 3131 3140 -9999 3366 3314 3422 3635 3647 3450 3400 3570 3725 3719 3537 3487 3492 3635 3819 3920 -9999 3844 3638 3638 -9999 -9999 -9999 -9999 -9999 -9999 3261 3104 3082 3112 3070 2997 3011 3336 3321 2923 3014 3245 3164 2874 2712 2730 2783 2702 2692 2715
