test/g2lab/icchange/view/profile/olddata/change-2010-03-b4.txt
ncols         452
nrows         411
xllcorner     527595,50307841
yllcorner     5934256,8476051
cellsize      5
NODATA_value  -9999
[rows 180 to 215 of 411, columns 160 to 239 of 452]
4328 4423 4494 4514 4411 4367 4463 4601 4553 4409 4338 4387 4446 4498 4525 4430 4295 4279 4295 4311 4289 4280 4219 4103 4076 4089 4148 4096 -9999 -9999 -9999 -9999 -9999 -9999 -9999 -9999 -9999 -9999 -9999 -9999 -9999 -9999 -9999 -9999 -9999 -9999 -9999 -9999 -9999 -9999 -9999 -9999 -9999 -9999 -9999 -9999 -9999 -9999 -9999 3755 3831 3857 3862 3959 4004 3895 3792 3867 3831 3687 3568 3541 3573 3547 3429 3373 3437 3534 3428 3322
4344 4361 4475 4468 4289 4306 4470 4571 4471 4324 4315 4388 4401 4324 4269 4233 4259 4286 4251 4172 4117 4129 4154 4133 4074 3961 4224 4474 4394 4291 -9999 -9999 -9999 -9999 -9999 -9999 -9999 -9999 -9999 -9999 -9999 -9999 -9999 -9999 -9999 -9999 -9999 -9999 -9999 -9999 -9999 -9999 -9999 -9999 -9999 -9999 3674 -9999 3610 3772 3717 3726 3854 4003 3999 3882 3751 3807 3739 3544 3463 3427 3467 3471 3406 3357 3421 3536 3367 3168
4497 4386 4366 4152 3919 4184 4419 4438 4328 4319 4307 4267 4211 4095 4060 4105 4203 4242 4183 4073 4016 4004 3953 3969 3946 3882 4239 4536 4477 4394 4426 4428 4296 4131 4126 4200 4242 4323 4409 4427 4409 4306 4197 4108 4086 4035 3973 -9999 -9999 -9999 -9999 -9999 -9999 -9999 -9999 -9999 3697 3488 3505 3703 3707 3716 3817 3877 3732 3691 3624 3588 3616 3515 3463 3427 3445 3428 3375 3348 3319 3337 3274 3141
4212 4039 4077 3738 3676 4201 4372 4323 4270 4336 4324 4217 4161 4077 4094 4197 4294 4260 4106 4016 4044 3933 3765 3786 3907 4097 4380 4531 4509 4428 4413 4395 4381 4359 4344 4375 4362 4441 4594 4609 4499 4326 4167 4126 4255 4212 4068 4059 4010 3897 3851 3949 3727 3490 -9999 -9999 3622 -9999 3464 3554 3607 3649 3693 3595 3400 3466 3517 3521 3693 3533 3431 3495 3408 3327 3214 3220 3205 3249 3348 3265
3895 3773 3783 -9999 -9999 4007 4083 4198 4222 4207 4075 4057 4150 4181 4230 4298 4309 4182 3997 3943 4005 3909 3762 3797 3895 4198 4495 4559 4674 4669 4567 4482 4569 4700 4670 4676 4710 4704 4711 4635 4503 4404 4311 4308 4393 4342 4202 4164 4137 4001 3888 3891 3564 3522 -9999 -9999 3554 3474 3487 3424 3436 3515 3556 3390 3299 3446 3624 3676 3670 3507 3516 3516 3312 3445 3428 3249 3199 3273 3341 3327
3926 3880 3812 3488 3556 3809 3792 3887 3876 3854 3879 3890 3914 3910 3950 4034 4060 3983 3817 3773 3867 3898 3859 3904 4003 4176 4424 4561 4684 4708 4598 4514 4635 4740 4667 4633 4624 4663 4687 4551 4365 4306 4402 4373 4367 4408 4304 4255 4260 4102 3957 3768 3372 3591 3811 3599 3576 3601 3572 3448 3403 3510 3586 3490 3495 3641 3759 3716 3606 3579 3585 3511 3302 3351 3389 3243 3126 3172 3302 3395
4031 3924 3942 3927 3892 4007 4032 4023 3939 3962 4098 4035 3926 3811 3761 3804 3826 3761 3693 3699 3798 3840 3776 3831 3957 3981 4210 4381 4383 4359 4215 4235 4551 4707 4611 4468 4342 4425 4564 4441 4331 4252 4284 4228 4320 4441 4269 4276 4284 4148 4034 3602 -9999 3643 3810 3640 3615 3633 3651 3593 3568 3665 3725 3642 3655 3724 3747 3673 3654 3603 3508 3460 3124 2913 3104 3264 3247 3203 3278 -9999
4138 4162 4213 4127 3953 4170 4188 4128 4230 4237 4233 4220 4160 4094 4097 4117 4153 4090 3962 3884 3865 3841 3732 3780 3824 3804 4021 4082 3971 3937 3678 3799 4209 4329 4334 4363 4446 4480 4374 4186 4299 4308 4150 3956 4029 4169 4118 4306 4349 4167 4056 3464 -9999 3613 3740 3664 3563 3563 3656 3710 3697 3697 3647 3567 3561 3535 3594 3680 3721 3540 3339 3401 2997 -9999 -9999 3238 3320 3271 -9999 -9999
4467 4537 4478 4346 4191 4231 4193 4001 4016 4174 4277 4357 4386 4337 4352 4436 4470 4418 4305 4224 4084 3958 3892 3914 3838 3839 4016 4006 3945 3836 3482 3545 3894 3947 3957 4016 4105 4100 3941 3820 3917 3853 3764 3716 3721 3791 3858 3994 4083 4068 -9999 -9999 -9999 3421 3558 3608 3524 3512 3602 3669 3589 3515 3455 3421 3411 3336 3519 3715 3711 3513 3397 3449 3143 3075 3255 3225 3332 3378 3366 3337
4648 4710 4677 4636 4418 4310 4465 4380 4277 4345 4403 4450 4499 4534 4560 4494 4378 4261 4164 4183 4209 4162 4149 4150 4077 4145 4267 4207 4178 3962 3646 3684 3905 4001 3970 4036 3957 3756 3679 3679 3762 3741 3725 3762 3737 3702 3668 3683 3768 3842 3741 3456 3264 3348 3482 3580 3615 3584 3568 3542 3441 3349 3352 3428 3408 3310 3512 3663 3647 3634 3569 3563 3484 3586 3495 3326 3422 3487 3455 3403
4557 4632 4686 4693 4554 4506 4601 4509 4501 4584 4663 4651 4687 4762 4776 4572 4352 4310 4330 4376 4408 4321 4316 4410 4459 4507 4487 4380 4379 4212 3987 3970 4085 4202 4208 4268 4097 3865 3805 3737 3877 3982 3845 3782 3784 3754 3718 3708 3723 3722 3697 3620 3480 3523 3640 3632 3596 3570 3534 3480 3374 3321 3387 3488 3418 3343 3517 3533 3624 3733 3636 3613 3705 3781 3631 3471 3558 3598 3575 3560
4415 4410 4497 4551 4478 4551 4557 4423 4487 4633 4693 4654 4644 4821 5016 4976 4709 4594 4697 4708 4676 4646 4623 4723 4765 4675 4636 4583 4528 4376 4115 4042 4132 4240 4280 4272 4102 3995 4010 3918 4004 4027 3835 3809 3866 3905 3895 3832 3746 3681 3646 3614 3543 3501 3585 3572 3461 3419 3385 3361 3352 3407 3431 3407 3333 3383 3504 3464 3601 3696 3576 3550 3606 3667 3627 3616 3654 3661 3647 3659
4452 4341 4371 4370 4331 4452 4398 4316 4332 4424 4514 4504 4491 4572 4726 4776 4697 4640 4697 4619 4641 4721 4739 4910 4903 4759 4733 4626 4529 4452 4208 4044 4098 4187 4162 4067 3987 4089 4159 4085 4091 4137 4079 4028 4028 4054 4058 4048 3963 3839 3749 3640 3607 3604 3651 3618 3544 3540 3511 3476 3462 3540 3531 3502 3516 3479 3490 3436 3478 3553 3548 3543 3570 3593 3618 3702 3675 3641 3658 3693
4580 4423 4411 4263 4223 4336 4243 4397 4609 4554 4547 4528 4510 4541 4567 4552 4523 4544 4641 4670 4667 4620 4637 4828 4782 4628 4608 4499 4405 4402 4343 4069 4086 4291 4277 4198 4154 4177 4204 4254 4324 4383 4406 4341 4270 4246 4281 4296 4234 4117 4027 3991 3895 3875 3883 3783 3793 3873 3849 3737 3655 3682 3636 3719 3777 3549 3505 3553 3550 3594 3667 3688 3735 3647 3639 3734 3639 3615 3685 3714
4508 4417 4368 4193 4186 4292 4243 4363 4578 4622 4704 4702 4603 4527 4524 4626 4737 4819 4798 4765 4735 4657 4716 4800 4625 4466 4435 4415 4288 4220 4237 4031 4024 4233 4235 4339 4312 4214 4153 4244 4370 4393 4505 4576 4587 4570 4528 4450 4347 4301 4349 4344 4113 3983 3953 3889 3970 4069 4031 3912 3877 3880 3810 3863 3876 3747 3796 3867 3839 3784 3798 3852 3870 3771 3723 3725 3589 3633 3770 3774
4298 4321 4261 4117 4158 4216 4194 4164 4201 4310 4411 4468 4406 4323 4337 4385 4495 4608 4595 4569 4614 4577 4640 4625 4460 4432 4427 4355 4200 3990 3978 4056 4108 4173 4173 4258 4183 4073 4121 4307 4298 4252 4432 4643 4758 4752 4678 4552 4437 4376 4390 4333 4130 4095 4000 3900 3960 4005 3963 3901 3950 3983 3945 3942 3973 4009 4053 4036 4003 3960 3930 3868 3855 3881 3868 3758 3637 3705 3816 3826
4207 4286 4203 4087 4158 4204 4172 4153 4198 4239 4239 4214 4192 4188 4209 4218 4189 4150 4178 4221 4216 4210 4329 4306 4184 4183 4217 4174 4074 4002 3994 4075 4089 4123 4157 4199 4185 4107 4172 4389 4415 4415 4578 4671 4690 4662 4658 4595 4445 4304 4225 4198 4177 4194 4047 3913 3938 3938 3865 3828 3917 3951 3928 3920 3967 3972 3925 3914 3932 3876 3793 3700 3774 3845 3795 3725 3679 3710 3668 3770
4286 4383 4243 4203 4289 4299 4197 4184 4286 4333 4326 4288 4253 4208 4169 4140 4120 4104 4030 3960 3897 3934 4057 4064 3965 3938 4011 3958 3832 3802 3869 3959 3968 3965 3964 3989 4058 4079 4034 4108 4168 4397 4580 4590 4547 4425 4360 4368 4329 4261 4206 4074 4109 4161 4070 3999 3975 3934 3842 3855 3947 3975 3928 3846 3818 3719 3525 3423 3468 3455 3433 3473 3622 3753 3738 3719 3657 3675 3689 3839
4354 4510 4382 4372 4412 4387 4248 4339 4486 4446 4409 4462 4508 4450 4281 4093 3988 4049 4033 3913 3886 3947 3992 3940 3852 3903 4009 3942 3798 3714 3743 3832 3931 3928 3871 3792 3800 3890 3939 3977 4056 4213 4343 4278 4211 4093 4007 4046 4104 4125 4042 3880 3983 4046 3954 3937 3907 3872 3839 3913 3977 3952 3914 3836 3689 3489 3131 2933 -9999 3056 3079 3214 3466 3711 3837 3823 3732 3768 3834 3805
4481 4588 4502 4431 4383 4413 4444 4515 4531 4412 4339 4499 4688 4633 4445 4249 4105 4045 3980 3906 3909 3937 3953 3891 3795 3930 4033 3943 3792 3697 3658 3628 3606 3624 -9999 -9999 3688 3693 3695 3886 4072 4101 4174 4008 3816 3839 3877 3900 3938 3947 3833 3752 3953 4008 3853 3797 3761 3731 3736 3814 3777 3791 3885 3864 3686 3402 -9999 -9999 -9999 -9999 -9999 3143 3477 3683 3787 3762 3712 3816 3789 3694
4501 4587 4534 4441 4426 4464 4535 4497 4433 4432 4468 4544 4633 4618 4500 4487 4325 4027 3861 3810 3854 3885 3935 3823 3720 3881 3897 3824 3781 3669 3636 3594 3535 3477 3481 3522 3586 3637 3668 3825 4163 4237 4058 3903 3744 3747 3852 3802 3740 3791 3755 3601 3621 3715 3776 3739 3710 3693 3697 3691 3539 3655 3842 3788 3721 -9999 -9999 -9999 -9999 -9999 -9999 3268 3573 3697 3679 3625 3614 3699 3680 3612
4493 4566 4473 4406 4487 4426 4460 4505 4446 4504 4607 4590 4481 4428 4449 4529 4442 4180 3982 3927 3936 3920 3949 3779 3729 3901 3770 3827 4012 3877 3739 3718 3769 3794 3762 3731 3730 3814 3917 3982 4114 4317 4235 4121 4024 3910 3852 3865 3775 3811 3856 3665 3501 3608 3795 3795 3669 3649 3691 3658 3527 3608 -9999 -9999 -9999 -9999 3454 3414 3398 -9999 -9999 -9999 -9999 3655 3527 -9999 -9999 3521 3549 3519
4512 4493 4371 4381 4493 4424 4446 4473 4429 4456 4523 4553 4477 4455 4469 4431 4361 4297 4182 4083 4043 4033 4003 3724 3769 3943 3829 3797 3850 3804 3741 3697 3744 3832 3940 3995 3968 3897 3947 4158 4316 4516 4572 4269 4146 4148 4108 4162 4019 3888 3969 3846 3745 3754 3781 3713 3618 3645 3693 3593 3522 3652 3569 3514 3588 3528 3444 3450 3501 3473 -9999 -9999 -9999 -9999 3401 -9999 -9999 3357 3448 -9999
4524 4370 4350 4372 4533 4610 4577 4475 4404 4425 4435 4453 4499 4577 4583 4494 4402 4444 4310 4050 3981 3893 3842 3744 3821 3859 3717 3772 3722 3682 3695 3747 3833 3902 3955 4063 4175 4216 4201 4367 4619 4536 4555 4544 4468 4490 4418 4197 4265 4178 4099 4018 3945 3925 3878 3760 3715 3776 3820 3751 3718 3782 3659 3564 3579 3548 3449 3417 3440 3420 3438 3455 3409 3347 3300 3329 3302 -9999 -9999 -9999
4438 4303 4372 4392 4433 4539 4564 4495 4484 4526 4492 4395 4420 4514 4526 4494 4465 4488 4346 4136 4044 3876 3843 3883 3847 3912 3872 3852 3776 3732 3774 3846 3928 3941 3920 3950 4048 4178 4245 4312 4553 4751 4758 4866 4852 4626 4652 4676 4645 4475 4303 4235 4225 4230 4131 3988 3921 3955 3996 3946 3845 3817 3776 3751 3754 3730 3624 3580 3652 3659 3550 3541 3535 3462 3390 3415 3452 3425 3385 3324
4315 4324 4344 4290 4246 4348 4408 4332 4366 4440 4457 4397 4457 4594 4608 4509 4476 4462 4355 4237 4143 4037 3947 3854 3793 3914 3901 3772 3738 3762 3794 3841 3903 3916 3887 3896 3897 3971 4121 4344 4518 4753 4835 4990 5154 5110 4951 4912 4793 4687 4578 4518 4474 4433 4307 4172 4155 4136 4063 3956 3836 3866 3959 3966 3930 3852 3774 3764 3857 3901 3782 3817 3781 3616 3491 3576 3624 3466 3471 3528
4297 4382 4348 4241 4260 4466 4531 4372 4265 4247 4282 4305 4433 4604 4616 4471 4417 4367 4251 4178 4139 4080 4011 3869 3769 3779 3735 3646 3645 3722 3729 3762 3860 3942 3947 3957 4000 4093 4248 4401 4452 4583 4862 5071 5201 5153 4908 4845 4862 4819 4795 4678 4511 4403 4303 4252 4247 4202 4055 3922 3891 4002 4079 4021 3968 3948 3923 3896 3880 3827 3743 3748 3789 3642 3475 3521 3656 3587 3560 3555
4514 4531 4487 4280 4257 4470 4519 4398 4284 4292 4369 4477 4541 4502 4480 4415 4382 4246 4074 4007 4038 4031 3955 3859 3785 3773 3748 3629 3620 3712 3728 3791 3897 3982 3975 4004 4089 4112 4264 4410 4503 4550 4713 4897 4924 4955 4896 4725 4761 4821 4760 4643 4495 4369 4296 4242 4224 4202 4112 4039 4080 4150 4093 3955 3904 3966 3989 3955 3925 3848 3787 3741 3759 3692 3527 3481 3581 3645 3529 3460
4597 4653 4578 4378 4257 4321 4308 4323 4284 4308 4413 4585 4603 4468 4453 4433 4339 4209 3993 3896 3949 3895 3807 3766 3763 3750 3687 3581 3622 3762 3826 3902 3998 4018 3950 3979 4084 4131 4231 4368 4414 4402 4456 4614 4750 4845 4951 4882 4770 4722 4630 4544 4476 4383 4290 4225 4183 4177 4162 4158 4197 4185 4070 3883 3840 3960 3985 3953 3928 3909 3937 3911 3814 3702 3582 3512 3526 3645 3706 3642
4592 4547 4400 4360 4283 4215 4234 4378 4468 4393 4333 4425 4421 4308 4417 4421 4327 4248 4038 3955 3977 3839 3723 3656 3626 3658 3570 3474 3545 3661 3796 3913 4040 4087 4069 4107 4214 4249 4207 4283 4310 4301 4354 4480 4618 4711 4845 4775 4591 4629 4570 4434 4400 4377 4280 4187 4125 4128 4153 4136 4144 4111 3994 3874 3889 3985 3978 3926 3900 3918 3917 3816 3671 3621 3626 3631 3601 3595 3639 3666
4542 4385 4168 4189 4297 4322 4340 4449 4557 4449 4267 4310 4351 4305 4336 4340 4298 4220 4089 4135 4113 3925 3817 3683 3607 3646 3537 3442 3497 3532 3655 3819 3957 4032 4142 4282 4359 4372 4345 4423 4362 4326 4423 4564 4562 4479 4463 4351 4209 4251 4270 4249 4241 4288 4239 4114 4077 4140 4144 4075 4036 3997 3972 3958 3979 4008 3960 3894 3839 3838 3801 3752 3670 3611 3600 3660 3641 3561 3495 3581
4467 4310 4118 4065 4184 4238 4320 4406 4483 4463 4327 4294 4363 4378 4241 4210 4208 4086 4033 4221 4186 4025 3988 3881 3758 3705 3585 3539 3565 3538 3613 3781 3899 3949 4149 4319 4326 4397 4473 4530 4439 4335 4384 4484 4408 4323 4314 4263 4121 4024 4053 4091 4074 4072 4106 4105 4126 4220 4261 4109 3962 3975 4042 4057 4050 4018 3945 3872 3771 3829 3856 3796 3781 3628 3498 3551 3659 3633 3541 3665
4455 4252 4330 4429 4440 4362 4310 4390 4496 4500 4424 4346 4357 4503 4342 4091 4095 3961 3935 4166 4099 4031 4065 4016 3847 3707 3663 3682 3662 3643 3691 3822 3921 3956 4139 4268 4307 4439 4445 4455 4432 4326 4251 4286 4305 4425 4372 4194 4105 4044 4028 4019 3930 3911 4027 4150 4153 4114 4111 4114 4046 4057 4128 4157 4070 3987 3938 3846 3757 3873 3846 3713 3751 3590 3437 3499 3686 3704 3583 3619
4340 3988 4085 4359 4556 4484 4349 4344 4430 4467 4446 4410 4400 4423 4307 4126 4104 4043 3894 3913 3954 4037 4028 3993 3927 3817 3772 3748 3643 3625 3724 3864 3946 4013 4154 4220 4355 4481 4333 4438 4566 4465 4239 4214 4354 4531 4402 4117 4078 4057 4082 4056 3948 3902 4006 4133 4178 4070 4022 4188 4219 4150 4164 4067 3963 3919 3928 3825 3748 3832 3665 3531 3604 3543 3511 3581 3679 3598 3480 3498
4199 4032 4164 4377 4483 4445 4380 4417 4476 4475 4402 4344 4374 4399 4397 4301 4214 4168 4018 3902 4024 4193 4075 3945 3999 3964 3870 3788 3635 3578 3716 3865 3909 3984 4094 4137 4340 4469 4354 4519 4659 4529 4297 4334 4444 4435 4356 4157 4098 4093 4159 4143 4030 3947 3999 4112 4151 4121 4119 4220 4234 4176 4070 3877 3844 3879 3879 3827 3767 3791 3711 3701 3630 3500 3568 3688 3683 3531 3569 3631
4165 4183 4402 4575 4569 4435 4361 4452 4563 4582 4461 4356 4329 4478 4511 4340 4140 4124 4202 4080 3992 4035 3899 3875 3991 4003 3860 3702 3621 3565 3727 3936 3930 4025 4021 3998 4162 4310 4308 4396 4435 4304 4162 4344 4325 4234 4325 4219 4054 4011 4076 4112 4042 3980 3958 4017 4068 4082 4155 4217 4175 4175 4036 3851 3862 3863 3839 3863 3820 3744 3734 3810 3669 3418 -9999 -9999 -9999 -9999 -9999 -9999
