test/g2lab/icchange/view/profile/olddata/change-2010-03-b4.txt
ncols         452
nrows         411
xllcorner     527595,50307841
yllcorner     5934256,8476051
cellsize      5
NODATA_value  -9999
[rows 0 to 35 of 411, columns 240 to 319 of 452]
3977 3877 3884 3963 3874 3813 3839 3938 3958 3878 3812 3796 3769 3768 3805 3843 3856 3842 3875 3910 3922 3853 3719 3678 3714 3667 3559 3542 3660 3620 3642 3718 3520 3466 3488 3522 3623 3568 3337 3421 3426 3437 3495 3511 3475 3444 3466 3585 -9999 -9999 -9999 -9999 -9999 -9999 -9999 -9999 -9999 -9999 3492 -9999 -9999 -9999 -9999 -9999 3453 -9999 -9999 -9999 -9999 -9999 4078 4101 -9999 -9999 -9999 -9999 -9999 -9999 -9999 -9999
3878 3798 3896 3954 3843 3846 3876 3923 3951 3932 3869 3818 3776 3773 3820 3848 3872 3886 3893 3841 3807 3782 3752 3708 3689 3650 3562 3519 3573 3597 3624 3733 3662 3590 3619 3593 3517 3472 3412 3467 3358 3367 3474 3518 3505 3479 3504 -9999 -9999 -9999 -9999 -9999 -9999 -9999 -9999 -9999 -9999 -9999 3515 -9999 -9999 -9999 -9999 -9999 -9999 -9999 -9999 -9999 -9999 -9999 -9999 -9999 -9999 -9999 -9999 -9999 -9999 -9999 -9999 -9999
3802 3832 3918 3919 3844 3877 3864 3910 3965 3968 3906 3840 3825 3806 3833 3872 3915 3924 3859 3744 3716 3760 3762 3701 3621 3576 3579 3605 3622 3629 3602 3715 3798 3643 3593 3500 3384 3486 3457 3316 3206 3330 3521 3550 3511 3492 3521 -9999 -9999 -9999 -9999 -9999 -9999 -9999 -9999 -9999 -9999 -9999 3548 -9999 -9999 -9999 -9999 -9999 -9999 3737 3874 3906 -9999 -9999 -9999 4177 -9999 -9999 -9999 -9999 -9999 -9999 -9999 -9999
3834 3960 3932 3968 3922 3898 3877 3956 4011 3963 3893 3854 3857 3853 3853 3915 3969 3949 3809 3694 3716 3786 3751 3626 3526 3506 3559 3610 3550 3498 3529 3564 3597 3553 3552 3469 3453 3542 3511 3400 3334 3412 3565 3579 3501 3482 3530 -9999 -9999 -9999 -9999 -9999 -9999 -9999 -9999 -9999 -9999 -9999 -9999 -9999 -9999 -9999 -9999 -9999 -9999 3656 3761 3871 -9999 -9999 -9999 4038 -9999 -9999 -9999 -9999 -9999 -9999 -9999 -9999
3831 3956 4009 4043 4034 3985 4002 4078 4057 3943 3869 3888 3912 3888 3848 3927 3976 3901 3768 3690 3739 3813 3735 3564 3502 3517 3565 3567 3473 3440 3449 3425 3431 3428 3460 3512 3565 3609 3565 3494 3435 3425 3506 3553 3496 3463 3522 -9999 -9999 -9999 -9999 -9999 -9999 -9999 -9999 -9999 -9999 -9999 -9999 -9999 -9999 -9999 -9999 -9999 3518 3510 3650 3763 -9999 -9999 4024 3985 -9999 -9999 -9999 -9999 -9999 -9999 -9999 -9999
3837 4041 4022 3866 3961 4001 4071 4144 4068 3929 3893 3963 3970 3868 3809 3863 3889 3814 3747 3672 3699 3743 3691 3575 3536 3582 3617 3570 3521 3578 3581 3527 3548 3408 3367 3456 3496 3509 3461 3363 3356 3426 3493 3541 3498 3438 3486 3583 -9999 -9999 -9999 -9999 -9999 -9999 -9999 -9999 -9999 3573 -9999 -9999 -9999 -9999 -9999 -9999 3541 3450 3581 3663 -9999 -9999 4014 4072 -9999 -9999 -9999 -9999 -9999 -9999 -9999 -9999
3999 4114 4013 3908 4002 3937 4028 4142 4130 3973 3956 4027 3999 3858 3735 3747 3812 3822 3753 3671 3613 3625 3637 3587 3589 3654 3668 3634 3538 3575 3546 3589 3660 3482 3446 3513 3435 3408 3328 3281 3352 3438 3488 3514 3502 3470 -9999 -9999 -9999 -9999 -9999 -9999 3602 -9999 -9999 -9999 -9999 3520 -9999 -9999 -9999 -9999 -9999 -9999 -9999 3469 3530 3608 -9999 -9999 4003 4048 -9999 -9999 -9999 -9999 -9999 -9999 -9999 -9999
4047 4096 3994 4025 4037 3919 4031 4207 4179 3973 4001 4061 3942 3797 3653 3689 3839 3951 3849 3663 3547 3565 3613 3591 3598 3644 3677 3780 3734 3586 3440 3457 3479 3335 3414 3455 3390 3431 3308 3255 3403 3440 3445 3469 3493 3473 -9999 -9999 -9999 -9999 -9999 -9999 -9999 -9999 -9999 -9999 -9999 3516 3477 -9999 -9999 -9999 -9999 -9999 -9999 -9999 3542 3657 -9999 -9999 3974 -9999 -9999 -9999 -9999 -9999 -9999 -9999 -9999 -9999
4051 4005 3957 4011 4030 3993 4065 4218 4142 3902 3890 3831 3732 3736 3656 3631 3728 3783 3782 3633 3534 3549 3621 3607 3558 3598 3679 3789 3720 3512 3412 3441 3426 3371 3444 3372 3256 3267 3256 3327 3446 3427 3414 3444 3485 3435 3399 -9999 -9999 -9999 -9999 -9999 -9999 -9999 -9999 -9999 -9999 3612 3589 -9999 -9999 -9999 -9999 -9999 3551 3476 3654 3723 3826 4070 4103 3996 -9999 -9999 -9999 -9999 -9999 -9999 -9999 -9999
4029 3976 3970 4006 4010 3979 4012 4164 4122 3938 3869 3709 3688 3776 3791 3771 3689 3606 3703 3699 3612 3644 3622 3580 3533 3610 3648 3604 3531 3420 3320 3327 3369 3475 3550 3492 3323 3233 3280 3366 3419 3398 3388 3452 3482 3411 3352 -9999 -9999 -9999 -9999 -9999 -9999 -9999 -9999 -9999 -9999 3614 -9999 -9999 -9999 -9999 -9999 -9999 -9999 3525 3736 3675 -9999 4225 4169 4014 -9999 -9999 -9999 -9999 -9999 -9999 -9999 -9999
4029 4019 4048 4066 4024 3936 3979 4094 4046 3969 3902 3807 3818 3847 3844 3879 3799 3710 3736 3685 3653 3675 3534 3513 3539 3541 3597 3534 3500 3544 3445 3330 3351 3389 3442 3399 3262 3228 3270 3309 3333 3331 3369 3463 3478 3400 3347 3385 3518 -9999 -9999 -9999 -9999 -9999 -9999 -9999 -9999 3582 -9999 -9999 -9999 -9999 -9999 -9999 -9999 3529 3757 3773 4005 -9999 -9999 -9999 -9999 -9999 4154 3921 -9999 -9999 -9999 -9999
4002 4026 4045 4083 4068 4005 4094 4133 3999 3922 3841 3792 3840 3727 3716 3862 3806 3753 3741 3652 3628 3595 3475 3525 3529 3473 3651 3599 3474 3538 3429 3403 3407 3317 3324 3258 3124 3233 3262 3204 3220 3284 3376 3464 3463 3405 -9999 3435 3530 -9999 -9999 -9999 -9999 -9999 -9999 -9999 -9999 3572 -9999 -9999 -9999 -9999 -9999 -9999 -9999 3522 -9999 -9999 -9999 4043 -9999 -9999 -9999 -9999 -9999 3945 3755 -9999 -9999 -9999
3988 3953 3938 4030 4083 4058 4176 4164 3984 3877 3737 3757 3835 3667 3671 3822 3751 3747 3729 3655 3643 3560 3480 3541 3511 3492 3571 3500 3484 3457 3260 3390 3414 3242 3300 3261 3185 3361 3265 3136 3215 3319 3399 3431 3422 3402 -9999 3418 3446 -9999 -9999 -9999 -9999 3497 -9999 -9999 -9999 -9999 -9999 -9999 -9999 -9999 -9999 -9999 -9999 -9999 3582 3811 -9999 3998 4001 4047 -9999 -9999 -9999 3917 3861 -9999 -9999 -9999
4013 3890 3876 3960 3980 4001 4105 4101 4057 3977 3844 3874 3944 3834 3767 3757 3708 3723 3718 3679 3671 3603 3537 3522 3456 3473 3473 3420 3559 3548 3442 3675 3534 3296 3361 3361 3305 3329 3267 3213 3301 3405 3454 3434 3401 3375 3312 3300 -9999 -9999 3372 3422 3452 3461 3484 3524 3592 -9999 -9999 -9999 -9999 -9999 -9999 -9999 -9999 3530 3628 3834 -9999 -9999 -9999 -9999 -9999 -9999 -9999 3878 3884 -9999 -9999 -9999
4013 3901 3920 4029 4019 4018 4016 3972 4094 4113 3992 3987 3986 3911 3822 3772 3737 3711 3716 3696 3673 3653 3582 3477 3402 3481 3464 3413 3540 3452 3538 3817 3585 3413 3447 3389 3320 3277 3343 3357 3388 3433 3453 3454 3412 3362 3195 3201 3287 3272 3340 3403 3401 3329 3288 3385 3505 3608 -9999 -9999 3944 3957 -9999 -9999 -9999 3554 3737 3831 3897 -9999 -9999 -9999 -9999 -9999 -9999 3823 -9999 -9999 -9999 -9999
3935 3869 3852 4013 4130 4185 4064 3933 4077 4059 3929 3912 3839 3853 3875 3859 3767 3710 3724 3661 3646 3649 3574 3425 3384 3496 3503 3419 3408 3297 3470 3652 3463 3475 3490 3378 3341 3325 3314 3316 3344 3396 3422 3413 3373 3264 3117 3209 3284 3207 3246 3316 3289 3208 3152 3230 3390 3528 -9999 -9999 -9999 -9999 -9999 -9999 -9999 3521 3704 3726 3736 3899 -9999 -9999 -9999 -9999 4005 3870 -9999 -9999 -9999 -9999
3951 3957 3777 3873 4081 4114 4075 3983 3996 3889 3839 3899 3914 3882 3936 3907 3804 3761 3742 3624 3634 3631 3544 3431 3393 3483 3523 3413 3333 3333 3395 3464 3381 3449 3497 3388 3277 3293 3314 3317 3347 3453 3525 3493 3399 3214 3119 3164 3162 3157 3218 3267 3247 3142 3108 3202 3343 3432 3522 3604 -9999 -9999 -9999 -9999 -9999 -9999 3574 3618 3623 -9999 -9999 -9999 3889 3887 3871 3861 3796 -9999 -9999 3728
4094 4099 3845 3918 4054 4042 4094 4061 3946 3827 3813 3979 4093 3907 3877 3916 3837 3875 3774 3631 3678 3650 3535 3458 3401 3479 3529 3391 3428 3484 3422 3452 3409 3386 3467 3363 3230 3293 3359 3415 3433 3475 3512 3479 3405 3206 3164 3257 3202 3240 3304 -9999 3348 3345 3294 3279 3352 3348 3328 3414 -9999 -9999 -9999 -9999 -9999 -9999 3516 3598 3605 -9999 3825 3771 3770 3658 3631 3731 3814 3721 3586 3594
4148 4102 3915 4007 4017 4021 4072 4070 3947 3861 3889 3936 3986 3945 3972 3993 3925 3958 3811 3690 3771 3676 3542 3456 3412 3474 3484 3373 3476 3491 3415 3540 3438 3361 3440 3399 3284 3277 3323 3425 3461 3432 3373 3360 3365 3309 3386 -9999 -9999 3356 3373 -9999 -9999 -9999 3404 3245 3357 3418 3397 3453 3456 -9999 -9999 -9999 -9999 3373 3525 3561 3544 3600 3666 3751 3724 3558 3478 3616 3753 3722 3562 3529
4075 4076 4047 4056 3979 3994 4047 4038 3936 3910 4001 4062 4084 4083 4080 4116 3935 3797 3820 3825 3813 3665 3537 3453 3416 3446 3456 3358 3382 3387 3418 3511 3402 3368 3424 3398 3297 3201 -9999 -9999 3431 3407 3321 3310 3374 -9999 -9999 -9999 -9999 -9999 -9999 -9999 -9999 -9999 -9999 -9999 3442 3588 -9999 3624 3616 -9999 -9999 -9999 -9999 -9999 3587 3444 3495 3576 3605 3754 3760 3604 3520 3600 3721 3684 3581 3599
3993 4035 4077 4024 3938 3981 4031 3986 3885 3884 4017 4120 4161 4116 4077 4110 3932 3780 3906 3863 3847 3742 3565 3493 3447 3426 3535 3399 3279 3420 3405 -9999 -9999 3413 3359 3280 3242 3164 -9999 3284 3422 3484 3409 3359 3331 -9999 -9999 -9999 -9999 3535 -9999 -9999 -9999 -9999 -9999 -9999 -9999 -9999 -9999 -9999 3755 -9999 -9999 -9999 -9999 -9999 3418 3361 3593 3684 3589 3687 3719 3645 3615 3643 3660 3617 3603 3622
3921 3927 4001 3948 3904 3994 4049 3968 3848 3856 3960 4068 4102 4079 4051 4050 3947 3901 3879 3788 3785 3680 3512 3578 3525 3411 3437 3380 3364 3538 3412 3378 3402 3376 3280 -9999 -9999 3237 3251 3333 3425 3498 3467 3386 3278 -9999 -9999 -9999 -9999 -9999 -9999 -9999 -9999 3480 -9999 -9999 3589 3708 -9999 -9999 -9999 -9999 -9999 -9999 -9999 -9999 3301 3466 3599 3595 3523 3574 3598 3594 3584 3608 3565 3575 3595 3539
3841 3851 3945 3867 3890 4014 4068 3982 3876 3892 3939 3980 3993 3967 3946 3928 3890 3915 3820 3657 3630 3525 3473 3577 3561 3425 3344 3417 3394 3349 3263 3283 3326 3290 -9999 -9999 3273 3277 3298 3349 3397 3429 3446 3390 -9999 -9999 -9999 -9999 -9999 -9999 -9999 -9999 -9999 -9999 -9999 -9999 3625 3667 -9999 -9999 -9999 3862 3906 -9999 -9999 -9999 3440 3528 3517 3495 3514 3519 3456 3541 3542 3520 3498 3581 3605 3470
3775 3834 3907 3830 3878 4012 4049 3969 3912 3934 3969 3946 3917 3904 3859 3818 3813 3844 3730 3572 3529 3484 3435 3463 3500 3453 3391 3416 3381 3298 3236 -9999 3282 3292 -9999 -9999 3239 3210 -9999 -9999 3384 3410 3420 3390 3419 -9999 -9999 -9999 -9999 -9999 -9999 -9999 -9999 -9999 -9999 -9999 3607 -9999 -9999 -9999 -9999 -9999 -9999 -9999 -9999 -9999 3583 3556 3519 3521 3516 3517 3492 3567 -9999 3494 3560 3557 3544 3520
3710 3868 3907 3835 3875 3972 3988 3916 3899 3890 3919 3921 3966 3940 3829 3759 3731 3741 3710 3593 3486 3450 3442 3431 3414 3363 3268 3250 3295 3332 3345 3322 3356 3259 -9999 -9999 3274 3303 -9999 3384 3469 3473 3402 3266 -9999 -9999 -9999 -9999 -9999 -9999 -9999 -9999 -9999 -9999 -9999 -9999 3565 -9999 -9999 -9999 -9999 -9999 -9999 -9999 -9999 3593 3601 3580 3574 3525 3448 3530 3542 3525 3543 3535 3537 3458 3504 3545
3770 3859 3875 3832 3872 3936 3951 3893 3872 3783 3812 3931 4013 3966 3829 3771 3706 3735 3744 3632 3450 3422 3542 3505 3419 3324 3189 3146 3222 3263 -9999 -9999 3289 3232 -9999 -9999 -9999 3353 3437 3486 3500 3494 3397 3245 -9999 -9999 -9999 -9999 -9999 -9999 3568 -9999 -9999 -9999 -9999 -9999 -9999 -9999 -9999 -9999 -9999 -9999 -9999 -9999 -9999 -9999 -9999 3590 3607 3502 3410 3496 3439 3444 3549 3505 3467 3456 3478 3492
3747 3758 3783 3815 3874 3924 3955 3947 3891 3771 3753 3881 3962 3930 3867 3827 3737 3761 3746 3613 3411 3436 3579 3484 3417 3313 3196 3227 3273 3305 -9999 -9999 3240 3243 -9999 -9999 -9999 3312 3374 3445 3466 3475 3431 3355 -9999 -9999 3754 -9999 -9999 -9999 -9999 -9999 -9999 -9999 -9999 -9999 -9999 -9999 -9999 -9999 -9999 -9999 -9999 -9999 -9999 -9999 3409 3542 3532 3515 3473 3482 3378 3410 -9999 3451 3474 3469 3453 3495
3640 3734 3824 3887 3915 3893 3865 3840 3820 3781 3729 3766 3827 3809 3921 3871 3740 3766 3682 3507 3408 3441 3468 3350 3360 3268 3209 3310 3288 3319 -9999 3391 3276 3203 -9999 -9999 -9999 3295 3362 3420 3444 3447 3421 3303 -9999 -9999 -9999 -9999 -9999 -9999 -9999 -9999 -9999 3572 -9999 -9999 -9999 -9999 3529 -9999 -9999 -9999 -9999 -9999 -9999 -9999 3406 3460 3456 3551 3523 3501 -9999 3441 3451 3430 3449 3428 3476 3562
3662 3802 3920 3975 3994 3933 3826 3736 3702 3748 3741 3761 3792 3801 3949 3927 3758 3712 3550 3452 3415 3433 3375 3312 3348 3208 3225 3323 3213 3274 3407 3412 3340 3238 -9999 3149 3152 3222 3295 3362 3434 3462 3448 -9999 -9999 -9999 -9999 -9999 -9999 -9999 -9999 -9999 -9999 -9999 -9999 -9999 -9999 -9999 -9999 -9999 -9999 -9999 -9999 -9999 -9999 -9999 3474 3427 3435 3504 -9999 -9999 3556 3461 3466 3430 3404 3418 3549 -9999
3794 3870 3906 3921 3938 3916 3835 3746 3653 3763 3844 3782 3838 3829 3764 3665 3620 3593 3479 3508 3461 3311 3314 3446 3441 3256 3321 3321 3162 3257 3356 3385 3392 3330 -9999 3181 3170 3230 -9999 3343 3405 3413 3393 -9999 -9999 -9999 -9999 -9999 -9999 -9999 -9999 -9999 -9999 -9999 -9999 -9999 3573 -9999 -9999 -9999 -9999 -9999 -9999 -9999 -9999 3463 -9999 3446 3440 3411 3329 3463 3513 3462 3576 3524 3501 3554 -9999 -9999
3850 3906 3867 3808 3820 3854 3826 3747 3701 3867 3863 3691 3718 3779 3669 3521 3511 3594 3542 3455 3346 3263 3345 3546 3505 3291 3431 3352 3244 3344 3345 3342 3370 -9999 -9999 3229 3246 -9999 -9999 3441 3447 3380 3360 3420 -9999 -9999 -9999 -9999 -9999 -9999 -9999 -9999 3833 3745 -9999 -9999 -9999 -9999 -9999 -9999 -9999 -9999 -9999 -9999 -9999 -9999 -9999 3470 3472 3512 -9999 3513 3526 -9999 -9999 -9999 -9999 -9999 -9999 -9999
3797 3918 3874 3804 3806 3850 3837 3785 3780 3872 3802 3631 3629 3722 3717 3580 3531 3560 3541 3390 3339 3481 3563 3535 3361 3261 3439 3353 3374 3423 3296 3293 3281 -9999 3202 3181 3241 3342 3444 3500 3492 3424 3429 3589 -9999 -9999 -9999 -9999 -9999 -9999 -9999 -9999 -9999 3744 -9999 -9999 -9999 -9999 -9999 -9999 -9999 -9999 -9999 -9999 -9999 -9999 -9999 -9999 -9999 -9999 -9999 -9999 -9999 -9999 -9999 -9999 -9999 -9999 -9999 -9999
3579 3766 3830 3864 3902 3904 3857 3767 3748 3802 3771 3676 3615 3632 3634 3539 3459 3471 3528 3478 3371 3485 3535 3352 3231 3201 3277 3257 3324 3351 3226 3311 3327 3247 3178 3124 3148 3237 3330 3424 3459 3440 3301 -9999 -9999 -9999 -9999 -9999 -9999 -9999 -9999 -9999 -9999 -9999 -9999 -9999 -9999 -9999 -9999 -9999 -9999 -9999 -9999 -9999 -9999 -9999 -9999 -9999 -9999 -9999 -9999 -9999 -9999 -9999 -9999 -9999 -9999 -9999 -9999 -9999
3403 3536 3678 3819 3937 3946 3845 3722 3679 3757 3790 3764 3636 3533 3506 3468 3420 3422 3466 3478 3406 3437 3388 3285 3225 3231 3257 3251 3215 3371 3405 3363 3388 3324 3250 -9999 3175 3218 -9999 3328 3348 3326 -9999 -9999 -9999 -9999 -9999 -9999 -9999 -9999 -9999 -9999 -9999 -9999 -9999 -9999 -9999 -9999 -9999 -9999 -9999 -9999 -9999 -9999 -9999 -9999 -9999 -9999 -9999 -9999 -9999 -9999 -9999 -9999 -9999 -9999 -9999 -9999 -9999 -9999
3463 -9999 3506 3659 3804 3882 3864 3770 3681 3707 3765 3744 3641 3508 3456 3447 3435 3395 3361 3459 3458 3373 3307 3235 3232 3286 3343 3361 3356 -9999 3520 3439 -9999 -9999 -9999 3232 3192 3259 -9999 3390 3417 3360 -9999 -9999 -9999 -9999 -9999 -9999 3729 -9999 -9999 -9999 -9999 -9999 -9999 -9999 -9999 -9999 -9999 -9999 -9999 -9999 -9999 -9999 -9999 -9999 -9999 -9999 -9999 -9999 -9999 -9999 -9999 -9999 -9999 -9999 -9999 -9999 -9999 -9999
3560 -9999 -9999 3412 3620 3766 3892 3801 3637 3661 3677 3647 3610 3556 3473 3421 3409 3367 3349 3481 3441 3313 3265 3231 3229 3285 3350 3385 3398 -9999 3460 3481 -9999 -9999 -9999 3225 3160 -9999 3423 3487 3557 3400 3305 -9999 -9999 -9999 -9999 -9999 -9999 -9999 -9999 -9999 -9999 -9999 -9999 -9999 -9999 -9999 -9999 -9999 -9999 -9999 -9999 -9999 -9999 -9999 -9999 -9999 -9999 -9999 -9999 -9999 -9999 -9999 -9999 -9999 -9999 -9999 -9999 -9999
