test/g2lab/icchange/view/profile/olddata/change-2010-03-b2.txt
ncols         452
nrows         411
xllcorner     527595,50307841
yllcorner     5934256,8476051
cellsize      5
NODATA_value  -9999
[rows 72 to 107 of 411, columns 160 to 239 of 452]
-9999 -9999 -9999 -9999 -9999 -9999 -9999 -9999 -9999 -9999 -9999 -9999 -9999 -9999 -9999 -9999 -9999 -9999 -9999 -9999 -9999 -9999 -9999 -9999 -9999 -9999 -9999 -9999 -9999 -9999 -9999 -9999 -9999 -9999 4875 -9999 -9999 -9999 -9999 -9999 -9999 -9999 -9999 -9999 -9999 -9999 -9999 4013 4059 -9999 3882 3962 3996 3890 3711 3720 3938 4080 4002 3893 3961 4104 3998 3907 4019 4135 4182 4242 4365 4197 4048 3998 3989 4029 3998 3880 3905 3930 3866 3935
-9999 -9999 -9999 -9999 -9999 -9999 -9999 -9999 -9999 -9999 -9999 -9999 -9999 -9999 -9999 -9999 -9999 -9999 -9999 -9999 -9999 -9999 -9999 -9999 -9999 -9999 -9999 -9999 -9999 -9999 -9999 -9999 -9999 4479 4666 -9999 -9999 -9999 -9999 -9999 -9999 -9999 -9999 -9999 -9999 3986 3972 4042 3992 3754 3607 3784 3936 3907 3743 3744 3785 3938 3968 3945 3908 3962 3951 3961 3995 3991 3957 4173 4342 4126 4139 4178 4093 4130 4101 4009 4016 3949 3883 3917
-9999 -9999 -9999 -9999 -9999 -9999 -9999 -9999 -9999 -9999 -9999 -9999 -9999 -9999 -9999 -9999 -9999 -9999 -9999 -9999 -9999 -9999 -9999 -9999 -9999 -9999 -9999 -9999 -9999 -9999 -9999 4893 4625 -9999 -9999 -9999 -9999 -9999 -9999 -9999 4202 4221 4049 4053 4086 3945 3850 3833 3779 3677 3669 3711 3726 3725 3771 3791 3702 3784 3913 3941 3866 3884 3978 4044 3991 3882 3851 4130 4187 3959 4148 4170 4058 4126 4117 4066 4049 3974 3932 3926
-9999 -9999 -9999 -9999 -9999 -9999 -9999 -9999 -9999 -9999 -9999 -9999 -9999 -9999 -9999 -9999 -9999 -9999 -9999 -9999 -9999 -9999 -9999 -9999 -9999 -9999 -9999 -9999 -9999 5078 -9999 4852 4693 -9999 -9999 4499 4578 4617 4523 4320 4328 4294 4099 4050 3852 3636 3554 3600 3604 3522 3633 3633 3551 3551 3665 -9999 3584 3762 3860 3809 3796 3860 3994 4043 3997 3941 3953 4153 4025 3856 4030 4027 3964 3995 4011 4008 4011 3988 3974 3954
-9999 -9999 -9999 -9999 -9999 -9999 -9999 -9999 -9999 -9999 -9999 -9999 -9999 -9999 -9999 -9999 -9999 -9999 -9999 -9999 -9999 -9999 -9999 -9999 -9999 -9999 -9999 -9999 -9999 4937 -9999 4921 4797 -9999 -9999 4625 4734 4647 4376 4197 4280 4293 4249 4219 3919 3579 3505 3587 3549 -9999 -9999 3576 3603 3693 3711 -9999 3577 3801 3861 3810 3775 3812 3877 3939 3946 4056 4158 4169 4014 3898 3980 3984 3943 3910 3896 3883 3920 3954 3949 3934
-9999 -9999 -9999 -9999 -9999 -9999 -9999 -9999 -9999 -9999 -9999 -9999 -9999 -9999 -9999 -9999 -9999 -9999 -9999 -9999 -9999 -9999 -9999 -9999 -9999 -9999 -9999 5254 -9999 4905 -9999 -9999 -9999 -9999 -9999 4594 4642 4565 4286 4079 4133 4112 4253 4307 4099 3826 3680 3675 -9999 -9999 -9999 -9999 -9999 3661 3680 3621 3603 3651 3578 3605 3717 3781 3749 3769 3923 4202 4205 4108 4044 3988 4038 4075 4010 3961 3898 3842 3916 3937 3890 3884
-9999 -9999 -9999 -9999 -9999 -9999 -9999 -9999 -9999 -9999 -9999 -9999 -9999 -9999 -9999 -9999 -9999 -9999 -9999 -9999 -9999 -9999 -9999 -9999 -9999 -9999 -9999 -9999 -9999 -9999 -9999 -9999 -9999 -9999 -9999 -9999 -9999 4374 4238 4161 4041 3912 4046 4203 4124 3975 3790 3682 3549 -9999 -9999 -9999 -9999 -9999 3624 3666 3679 3623 3499 3500 3717 3876 3829 3750 3891 4126 4037 3974 4035 4033 4097 4127 4064 4061 3964 3918 4029 3970 3881 3879
-9999 -9999 -9999 -9999 -9999 -9999 -9999 -9999 -9999 -9999 -9999 -9999 -9999 -9999 -9999 -9999 -9999 -9999 -9999 -9999 -9999 -9999 -9999 -9999 -9999 -9999 -9999 -9999 -9999 -9999 -9999 -9999 -9999 -9999 4400 -9999 -9999 -9999 -9999 4341 4143 -9999 3855 3979 4060 4011 3837 3698 3615 -9999 -9999 -9999 -9999 -9999 -9999 -9999 -9999 3621 3589 3575 3721 3845 3798 3735 3774 3921 3919 3908 3960 4008 4072 4077 4058 4090 3984 3994 4094 3992 3931 3933
-9999 -9999 -9999 -9999 -9999 -9999 -9999 -9999 -9999 -9999 -9999 -9999 -9999 -9999 -9999 -9999 -9999 -9999 -9999 -9999 -9999 -9999 -9999 -9999 -9999 -9999 -9999 -9999 -9999 -9999 -9999 -9999 -9999 -9999 -9999 -9999 -9999 -9999 -9999 -9999 -9999 -9999 3806 3858 3975 3940 3786 3746 3707 3641 3700 3576 -9999 -9999 -9999 -9999 -9999 3594 3646 3675 3736 3742 3701 3712 3816 3939 3993 3957 3968 4007 4065 4066 4123 4096 3938 4013 4061 3951 3960 4003
-9999 -9999 -9999 -9999 -9999 -9999 -9999 -9999 -9999 -9999 -9999 5077 -9999 -9999 -9999 -9999 -9999 -9999 -9999 -9999 -9999 -9999 -9999 -9999 -9999 -9999 -9999 -9999 -9999 -9999 -9999 -9999 -9999 -9999 -9999 -9999 -9999 -9999 -9999 -9999 -9999 -9999 3755 3735 3824 3805 3728 3770 3783 3832 3889 3727 3543 3572 3738 3715 3629 3650 3746 3806 3773 3736 3710 3765 3890 4025 4140 4168 4192 4197 4191 4181 4278 4193 3982 4022 3940 3859 3946 4057
-9999 -9999 -9999 -9999 -9999 -9999 -9999 -9999 -9999 -9999 -9999 4677 4703 -9999 -9999 -9999 -9999 -9999 -9999 -9999 -9999 -9999 -9999 -9999 -9999 -9999 -9999 4357 4224 4326 4535 4588 4390 4215 4221 4195 4133 -9999 -9999 -9999 4298 4049 -9999 3666 3752 3675 3635 3744 3828 3927 3962 3850 3784 3900 4032 3913 3816 3873 3936 3929 3869 3820 3796 3916 4099 4171 4260 4359 4439 4456 4387 4287 4260 4137 4007 4014 3881 3807 3852 3850
-9999 -9999 -9999 -9999 -9999 4803 -9999 -9999 -9999 -9999 -9999 -9999 4422 -9999 -9999 -9999 4512 4406 -9999 -9999 4345 4373 4226 4187 4385 -9999 4428 4338 4240 4299 4450 4492 4415 4325 4348 4381 4105 -9999 -9999 -9999 4293 4068 3880 3742 3786 -9999 3613 3753 3883 3919 3973 -9999 -9999 4202 4267 4159 4145 4154 4121 4041 3971 4006 4084 4209 4364 4406 4434 4530 4614 4631 4526 4328 4185 4091 4034 4052 3981 3959 3891 3825
-9999 -9999 -9999 4512 -9999 -9999 -9999 -9999 4388 4413 4484 4433 4405 4440 4447 4455 4414 4351 4339 4386 4454 4447 4315 4259 4386 4399 4404 4357 4296 4302 4358 4385 4357 4352 4362 4329 4113 -9999 -9999 -9999 -9999 4169 4070 3739 3707 -9999 -9999 3799 3911 -9999 -9999 -9999 -9999 -9999 -9999 4419 4356 4320 4253 4184 4170 4274 4413 4496 4613 4675 4652 4606 4668 4711 4632 4394 4194 4155 4055 4101 4157 4146 4097 4062
-9999 -9999 4185 4177 4345 4334 4336 4393 4312 4363 4495 4481 4419 4445 4471 4427 4407 4461 4532 4605 4650 4601 4515 4362 4275 4287 4313 4341 4335 4318 4293 4265 4239 4244 4216 4168 4108 -9999 -9999 -9999 -9999 4249 3994 3649 3662 3860 3749 3861 4040 -9999 -9999 -9999 -9999 -9999 -9999 4482 4342 4405 4405 4407 4437 4470 4546 4653 4777 4799 4663 4553 4655 4743 4664 4467 4338 4239 4119 4210 4285 4210 4170 4182
4353 4412 4259 4243 4313 4304 4322 4488 4554 4463 4431 4425 4383 4447 4539 4548 4540 4528 4565 4638 4674 4601 4472 4304 4152 4139 4191 4301 4343 4289 4239 4190 4174 4174 4147 4116 4122 -9999 -9999 -9999 -9999 4192 3784 -9999 -9999 3680 3744 3873 4149 -9999 -9999 -9999 -9999 -9999 4559 4352 4319 -9999 4585 4618 4610 4569 4577 4655 4724 4687 4460 4347 4457 4568 4603 4539 4532 4420 4307 4388 4333 4220 4216 4411
4400 4389 4262 4309 4349 4354 4378 4565 4672 4544 4446 4390 4485 4604 4688 4632 4534 4468 4384 4381 4442 4445 4357 4264 4164 4177 4277 4341 4339 4305 4290 4300 4328 4314 4300 4232 4160 4108 4160 -9999 -9999 4065 3694 -9999 3619 3723 3805 3915 -9999 -9999 -9999 -9999 -9999 4601 4320 4091 4311 4622 -9999 -9999 4694 4603 4546 4576 4586 4490 4185 4039 4191 4334 4531 4629 4702 4621 4536 4535 4379 4256 4391 4694
4426 4347 4288 4343 4359 4359 4421 -9999 4628 4572 4541 4427 4451 4590 4638 4509 4341 4310 4297 4329 4386 4418 4389 4357 4377 4477 4524 4478 4418 4416 4478 4524 4572 4538 4471 4382 4278 4142 -9999 -9999 -9999 4073 3737 -9999 3743 3883 -9999 -9999 -9999 -9999 -9999 -9999 4706 4543 4316 4233 4413 4519 4455 4606 4726 4622 4497 4565 4579 -9999 -9999 -9999 4070 4252 4493 4694 4758 4719 4651 4598 4490 4448 4580 4748
4376 4313 4290 4320 4344 4329 4370 -9999 4460 4432 4457 4472 4441 4464 4491 4451 4358 4375 4462 4586 4565 4478 4490 4549 4653 4759 4817 4716 4573 4557 4607 4653 4719 4569 4464 4496 4467 4233 4044 -9999 -9999 4183 3784 -9999 3829 3955 -9999 -9999 -9999 -9999 -9999 4763 4634 4464 4483 4510 4429 4393 4406 4545 4693 4579 4437 4548 4453 -9999 -9999 -9999 -9999 4288 4557 4684 4748 4749 4683 4639 4641 4668 4578 4558
4369 4314 4276 4287 4286 4252 4256 4309 4317 4220 4289 4435 4419 4459 4540 4577 4583 4538 4533 4621 4627 4580 4641 4665 4730 4787 4717 4669 4609 4619 4674 4649 4558 4382 4419 4578 4596 4365 4113 -9999 4361 4182 3815 3815 3813 3902 3967 -9999 -9999 -9999 -9999 4785 4582 4461 4607 4605 4465 4444 4460 4539 4600 4478 4428 4466 4278 4296 4233 -9999 -9999 4200 4502 4606 4765 4769 4639 4671 4750 4733 4526 4446
4424 4319 4236 4217 4190 4160 4177 4245 4208 4075 4149 4268 4257 4320 4494 4642 4670 4561 4435 4436 4443 4506 4641 4698 4728 4615 4436 4516 4536 4510 4582 4458 4319 4326 4444 4518 4462 4402 4198 -9999 -9999 4091 3956 3912 3811 -9999 4080 -9999 -9999 -9999 -9999 4877 4651 4506 4641 4602 4531 4558 4520 4542 4580 4503 4514 4438 4270 4286 4375 4253 -9999 3973 4208 4460 4639 4629 4574 4702 4765 4797 4742 4719
4454 4363 4263 4262 4187 4107 4113 4219 4194 4081 4136 4206 4183 4199 4321 4492 4549 4487 4328 4217 4211 4212 4333 4460 4515 4490 4461 4535 4529 4467 4444 4324 4277 4335 4404 4358 4334 4354 4248 -9999 -9999 4134 4107 3975 3838 -9999 4207 -9999 -9999 -9999 -9999 4996 4722 4508 4589 4627 4656 4591 4461 4419 4447 4493 4543 4469 4429 4499 4444 4303 4042 3868 3920 4236 4452 4505 4514 4676 4843 4961 5027 4973
4438 4414 4420 4418 4274 4145 4162 4269 -9999 4105 4170 4254 4296 4248 4212 4277 4353 4363 4343 4255 4204 4195 4322 4441 4435 4461 4508 4618 4678 4607 4383 4184 4165 4257 4328 4357 4463 4433 4256 4079 -9999 4260 4108 3875 3844 -9999 -9999 -9999 -9999 -9999 -9999 5002 4693 4444 4491 4672 4712 4592 4404 4326 4367 4424 4434 4381 4474 4547 4330 4131 3869 -9999 -9999 4151 4500 4526 4502 4636 4881 4945 4887 4850
4635 4556 4575 4591 4470 4341 4334 4352 -9999 4028 4062 4275 4445 4442 4339 4302 4353 4420 4435 4398 4296 4294 4496 4631 4652 4697 4644 4720 4826 4757 4564 4314 4195 4225 4280 4328 4504 4496 4271 4130 -9999 -9999 4142 3900 3859 4114 -9999 4444 4577 -9999 -9999 4957 4636 4467 -9999 -9999 4687 4596 4441 4384 4447 4410 4332 4303 4364 4502 4466 4371 4084 3883 3953 4302 4622 4660 4623 4713 4851 4922 4858 4728
4734 4657 -9999 -9999 4508 4407 -9999 -9999 -9999 -9999 -9999 4283 4439 4545 4541 4520 4534 4553 4528 4457 4467 4456 4530 4593 4731 4804 4672 4712 4753 4656 4609 4479 4325 4334 4298 4336 4475 4532 4392 4269 4381 -9999 -9999 4044 3891 3929 -9999 4295 4508 -9999 -9999 4913 4745 4639 -9999 -9999 4611 4565 -9999 -9999 4549 4479 4409 4381 4349 4495 4545 4437 4244 4098 4223 4467 4659 4704 4753 4977 4978 4834 4741 4638
-9999 -9999 -9999 -9999 -9999 -9999 -9999 -9999 -9999 -9999 -9999 4344 4457 4511 4541 4558 4603 4630 4568 4481 4588 4665 4610 4549 4583 4610 4606 4763 4772 4649 4618 4525 4472 4449 4315 4269 4402 4516 4454 4373 4408 -9999 4264 4181 4114 3917 4015 4331 4416 -9999 -9999 5000 4947 4847 -9999 -9999 -9999 -9999 -9999 -9999 4434 4394 4527 4541 4498 4610 4640 4441 4230 4085 4316 4652 4717 4669 4707 4922 4890 4684 4618 4633
-9999 -9999 -9999 -9999 -9999 -9999 -9999 -9999 -9999 -9999 -9999 -9999 4275 4300 4320 4294 4296 4349 4388 4338 4310 4341 4321 4274 4301 4370 4446 4590 4608 4633 4673 4520 4441 4366 4225 4155 4294 4435 4392 4312 4271 -9999 -9999 4370 4366 4141 4213 -9999 -9999 -9999 -9999 -9999 -9999 -9999 -9999 -9999 -9999 -9999 -9999 -9999 4089 4195 4532 4600 4450 4430 4561 4601 4464 4366 -9999 -9999 4861 4863 4954 5014 4853 4647 4606 4684
-9999 -9999 -9999 -9999 -9999 -9999 -9999 -9999 -9999 -9999 -9999 -9999 -9999 -9999 -9999 -9999 -9999 -9999 -9999 -9999 -9999 -9999 -9999 -9999 4074 4184 4303 4353 4336 4296 4349 4360 4321 4236 4119 4072 4183 4304 4264 4201 -9999 -9999 -9999 -9999 4417 4202 4325 4584 -9999 4738 -9999 4914 4870 -9999 -9999 4708 4608 -9999 -9999 -9999 -9999 4118 4507 4491 4335 4204 4345 4556 4656 4615 4583 -9999 4820 4873 5008 5051 4886 4683 4655 4782
-9999 -9999 -9999 -9999 -9999 -9999 -9999 -9999 -9999 -9999 -9999 -9999 -9999 -9999 -9999 -9999 -9999 -9999 -9999 -9999 -9999 -9999 -9999 -9999 -9999 -9999 -9999 -9999 -9999 -9999 -9999 -9999 -9999 -9999 -9999 -9999 -9999 -9999 -9999 -9999 -9999 -9999 -9999 -9999 -9999 4309 4449 4584 4618 4585 -9999 4652 4789 4811 4798 4742 4597 -9999 -9999 -9999 -9999 4277 4483 4408 4505 4409 4365 4479 4584 4567 -9999 -9999 -9999 4911 4922 4946 4873 4726 4753 4859
4430 4276 4224 4236 -9999 -9999 -9999 -9999 -9999 -9999 -9999 -9999 -9999 -9999 -9999 -9999 -9999 -9999 -9999 -9999 -9999 -9999 -9999 -9999 -9999 -9999 -9999 -9999 -9999 -9999 -9999 -9999 -9999 -9999 -9999 -9999 -9999 -9999 -9999 -9999 -9999 -9999 -9999 -9999 -9999 -9999 -9999 4500 4477 -9999 -9999 4577 -9999 -9999 4711 4708 -9999 -9999 -9999 -9999 -9999 -9999 4468 4470 4582 4417 4301 4381 4402 4373 4453 4643 -9999 4994 5003 4886 4819 4813 4848 4888
4340 4206 4219 4296 4256 4214 4382 4341 4248 4311 4229 4242 -9999 4056 4043 4057 -9999 4004 4021 3986 3989 4018 3966 3866 3748 -9999 -9999 4129 4138 4144 -9999 -9999 -9999 -9999 -9999 -9999 -9999 -9999 -9999 -9999 -9999 -9999 -9999 -9999 -9999 -9999 4538 -9999 -9999 4504 4527 -9999 -9999 4737 4653 4698 -9999 -9999 -9999 -9999 -9999 -9999 -9999 4445 4429 4311 4304 4390 4380 4227 4284 4568 4772 4780 4744 4767 4866 4907 4853 4816
4279 4245 4309 4389 4384 4410 4534 4506 4452 4439 4345 4432 4455 4330 4378 4311 4162 4101 4114 4115 4060 4067 4058 4003 3926 3974 4157 4239 4214 4163 4209 4173 4222 4269 4208 4091 4037 4086 4080 4165 -9999 -9999 -9999 -9999 -9999 -9999 -9999 4480 4698 4795 4676 4683 -9999 4887 4783 4785 4807 4776 4648 4510 4417 4436 4466 4277 4245 4355 4375 4408 4365 4237 4222 4442 4647 4580 4571 4726 4876 4954 4770 4537
4440 4418 4420 4487 4544 4570 4637 4710 4712 4605 4445 4384 4293 4289 4460 4446 4361 4290 4201 4138 4121 4155 4157 4108 4096 4151 4289 4370 4334 4266 4249 4292 4296 4126 3955 3912 3923 3955 3957 4006 4052 4110 4185 4036 -9999 -9999 4318 4523 4829 4917 4702 4700 5029 5043 4962 4910 4895 4820 4683 4554 4462 4429 4380 4189 4281 4437 4407 4350 4345 4348 4339 4446 4575 4547 4494 4539 4588 4569 4462 4303
4673 -9999 -9999 4514 4674 4695 4646 4670 4718 4750 4619 4495 4412 4411 4464 4396 4291 4271 4247 4147 4110 4156 4203 4202 4174 4173 4220 4245 4259 4317 4337 4350 4312 4100 3915 3918 3938 3894 3867 3909 3968 4181 4305 4120 -9999 -9999 4302 4436 4706 4803 4656 4736 5004 5017 5029 4950 4863 4785 4705 4623 4561 4476 4370 4272 4339 4417 4322 4223 4270 4330 4317 4327 4478 4497 -9999 -9999 4313 4240 4299 4331
4702 -9999 -9999 4565 4754 4809 4683 -9999 -9999 -9999 4650 4569 4645 4636 4657 4602 4480 4405 4336 4206 4151 4196 4249 4236 4199 4197 4216 4190 4208 4295 4315 4342 4255 4083 4005 4033 4051 3979 3969 4011 4050 4242 4372 4303 4339 4325 4268 -9999 4336 4553 4688 4742 4854 4905 4946 4871 4759 4733 4766 4779 4694 4562 4444 4338 4307 4322 4248 4154 4198 4259 4246 4229 4343 4424 -9999 -9999 -9999 -9999 -9999 -9999
4639 4721 4716 4666 -9999 -9999 -9999 -9999 -9999 -9999 4644 4632 4734 4653 4723 4715 4587 4476 4364 4266 4253 4248 4247 4229 4194 4215 4264 4273 4253 4266 4300 4373 4291 4101 4023 4022 4022 3985 4043 4084 4092 4244 4353 4386 4385 4229 4151 4178 4187 4512 4783 4790 4807 4840 4870 4824 4737 4727 4799 4851 4755 4603 4532 4359 4272 4332 4297 4190 4181 4261 4323 4290 4308 4300 -9999 -9999 -9999 -9999 -9999 -9999
4627 4682 4696 -9999 -9999 -9999 -9999 -9999 -9999 4888 4657 4697 4691 4559 4696 4616 4450 4354 4278 -9999 4289 4274 4214 4172 4157 4217 4306 4344 4311 4278 4328 4397 4364 4290 4280 4268 4137 3974 3943 4064 4208 4297 4284 4342 4347 4208 4174 4265 4356 4647 4746 4707 4834 4906 4915 4912 4816 4727 4734 4776 4711 4593 4544 4395 4373 4445 4420 4270 4227 4350 4476 4389 4259 4245 -9999 -9999 -9999 -9999 -9999 -9999
