test/g2lab/icchange/view/profile/olddata/change-2010-03-b1.txt
ncols         452
nrows         411
xllcorner     527595,50307841
yllcorner     5934256,8476051
cellsize      5
NODATA_value  -9999
[rows 108 to 143 of 411, columns 160 to 239 of 452]
5500 -9999 -9999 -9999 -9999 -9999 -9999 -9999 -9999 -9999 5515 5524 5540 5409 5328 5355 5404 5399 5387 -9999 5355 5309 5247 5175 5167 5221 -9999 5213 5260 5206 5307 5420 5318 5270 5270 5298 5237 5295 -9999 -9999 5070 5067 5174 5237 5368 5383 5306 -9999 5132 5249 5436 5500 5466 5562 5529 5451 5422 5423 5564 5694 5571 5335 5245 5269 5294 5293 5278 5305 5308 5266 5206 5213 5272 -9999 -9999 -9999 -9999 -9999 -9999 -9999
-9999 -9999 -9999 -9999 5358 5358 -9999 -9999 -9999 -9999 -9999 -9999 5548 -9999 5342 5403 -9999 5531 5518 5483 -9999 -9999 5295 -9999 -9999 -9999 -9999 5434 5404 5220 5318 5420 5305 5348 -9999 -9999 -9999 5318 -9999 -9999 5102 5198 5383 5239 5299 5347 5308 -9999 5197 5302 5483 5369 5351 5569 5518 5416 5381 5327 5454 5592 5483 5380 5331 5348 5350 5367 5358 5334 5240 5180 5172 5186 -9999 -9999 -9999 -9999 -9999 -9999 -9999 -9999
-9999 5533 -9999 -9999 5516 5375 -9999 -9999 -9999 -9999 -9999 -9999 5453 5457 5453 -9999 -9999 -9999 5457 5396 -9999 -9999 -9999 5282 5343 5489 5538 5545 5399 5233 5273 5355 5354 5423 5363 -9999 -9999 -9999 5331 5343 -9999 5371 5428 5264 5300 5201 5066 -9999 5297 5475 5506 5233 5245 5496 5467 5553 5534 5404 5357 5357 5341 5373 5408 5410 5380 5364 5335 5274 5170 5120 -9999 -9999 -9999 -9999 -9999 -9999 -9999 -9999 5139 5165
-9999 -9999 -9999 -9999 5530 -9999 -9999 -9999 -9999 -9999 -9999 5533 5431 5521 -9999 -9999 -9999 5418 5360 5282 5243 5288 -9999 -9999 5364 5386 5403 5363 5383 5277 5228 5328 -9999 5383 5243 -9999 -9999 5215 5291 5372 -9999 -9999 5364 5322 5341 -9999 -9999 -9999 -9999 5477 5386 5238 5361 5456 5433 5638 5641 5429 5283 5195 5220 5306 5386 5364 5285 5263 5252 -9999 -9999 -9999 -9999 -9999 -9999 -9999 -9999 -9999 -9999 -9999 5191 5161
-9999 -9999 -9999 -9999 -9999 -9999 -9999 -9999 5413 5514 5569 5508 -9999 -9999 5371 5428 5427 5408 5363 5313 5325 5355 5497 5470 5224 5147 5162 5235 5452 5440 5314 5374 5371 5356 5278 5266 5230 5203 5302 5358 5271 -9999 5273 5302 5353 -9999 -9999 -9999 -9999 5377 5355 5327 5414 5342 5352 5549 5596 5390 5187 5145 5110 5152 5225 5223 5192 5179 -9999 -9999 -9999 -9999 -9999 -9999 -9999 -9999 -9999 -9999 -9999 -9999 -9999 5126
-9999 -9999 -9999 -9999 -9999 -9999 5351 5332 5473 -9999 5417 5406 5574 -9999 -9999 -9999 -9999 -9999 -9999 -9999 5392 5391 5456 5377 5171 5152 5176 5313 5535 5561 5449 5361 5263 5340 5338 5221 5213 5280 5350 5335 -9999 -9999 5257 5250 5358 -9999 -9999 -9999 -9999 5180 5355 5278 5154 5169 5291 5458 5464 5245 5034 4990 -9999 -9999 -9999 -9999 -9999 -9999 -9999 -9999 -9999 -9999 -9999 -9999 -9999 -9999 -9999 -9999 -9999 -9999 5085 5105
5469 -9999 -9999 -9999 -9999 -9999 -9999 -9999 -9999 -9999 -9999 -9999 5609 -9999 -9999 -9999 -9999 -9999 5647 5453 5266 5228 5247 5298 5328 5346 5377 5307 5375 5503 5470 5327 5228 5333 5277 5162 5245 5371 5409 5311 5135 5178 5328 5234 5312 5412 -9999 -9999 -9999 -9999 5364 5125 4899 4992 5152 5300 5302 5129 -9999 -9999 -9999 -9999 -9999 -9999 -9999 -9999 -9999 -9999 5148 5177 5142 5075 5062 5072 -9999 -9999 -9999 -9999 5010 5159
5676 -9999 -9999 -9999 -9999 -9999 -9999 -9999 -9999 -9999 -9999 -9999 5499 -9999 5530 5372 -9999 -9999 -9999 5405 5299 5195 5218 5314 5312 5364 5449 5294 5226 5415 5430 5435 5356 5306 -9999 5193 5334 5389 5370 5290 5210 5307 5347 5210 5231 5284 5293 5306 -9999 -9999 5310 5092 4926 5018 5074 -9999 -9999 -9999 -9999 -9999 -9999 -9999 5195 -9999 -9999 -9999 -9999 5048 4964 4993 5002 4907 4907 4895 4930 -9999 -9999 5304 5098 5196
-9999 -9999 -9999 -9999 -9999 -9999 -9999 -9999 -9999 -9999 -9999 -9999 -9999 -9999 -9999 -9999 -9999 -9999 -9999 -9999 -9999 5346 5389 5512 5462 -9999 5454 5445 5349 5283 5307 5459 5454 5282 5222 5288 5341 5287 5248 5286 5307 5303 5262 5149 5132 5174 5278 5315 -9999 -9999 4969 5013 -9999 -9999 -9999 -9999 -9999 -9999 -9999 -9999 5000 5149 5249 -9999 -9999 -9999 5355 5120 4907 4982 5084 5087 5039 4953 4888 5001 -9999 5276 5016 4985
-9999 -9999 -9999 -9999 -9999 -9999 -9999 -9999 -9999 -9999 -9999 -9999 -9999 -9999 -9999 -9999 -9999 -9999 -9999 5438 5513 5407 5439 5556 5545 5483 5388 -9999 5370 5295 5272 5342 5466 5318 5187 5300 5284 5159 5100 5307 5295 5123 5173 5107 5029 5076 5230 -9999 -9999 -9999 -9999 -9999 -9999 -9999 -9999 -9999 -9999 -9999 -9999 -9999 -9999 5116 -9999 -9999 -9999 5158 5240 5183 5003 5060 5088 5139 5160 5169 -9999 -9999 -9999 5172 4888 4798
-9999 -9999 -9999 -9999 -9999 -9999 -9999 -9999 -9999 -9999 -9999 -9999 -9999 -9999 -9999 5381 -9999 -9999 -9999 5493 5504 5331 5300 5443 -9999 -9999 5261 5273 5415 5478 5447 5403 5391 5365 5264 5311 5282 5293 5271 5321 5119 5005 5138 5112 -9999 -9999 -9999 -9999 -9999 -9999 -9999 -9999 -9999 -9999 -9999 5114 -9999 5136 5012 4980 4972 5001 5136 -9999 5238 5127 5060 5113 5144 5100 5029 4983 5027 5091 -9999 -9999 -9999 -9999 5008 4870
-9999 -9999 5567 5508 5366 -9999 5404 -9999 -9999 5570 -9999 -9999 5381 5371 5417 5347 -9999 -9999 -9999 -9999 5435 -9999 5242 5424 -9999 -9999 5249 5279 5453 5523 5481 5348 5291 5437 5527 5430 5288 5268 -9999 -9999 -9999 -9999 -9999 -9999 -9999 -9999 -9999 -9999 -9999 -9999 -9999 -9999 -9999 -9999 -9999 5038 4947 4925 4946 4984 5000 5018 5144 5210 5230 5302 5258 5137 5167 5113 5001 4950 4982 5044 5062 -9999 -9999 -9999 5127 5033
-9999 5525 5608 5488 -9999 -9999 -9999 -9999 -9999 -9999 -9999 -9999 -9999 -9999 -9999 -9999 -9999 5462 -9999 -9999 -9999 -9999 -9999 5534 5611 5487 5348 -9999 5425 5421 5358 5299 5254 5227 5262 5288 -9999 -9999 -9999 -9999 -9999 -9999 -9999 -9999 5207 -9999 -9999 -9999 -9999 -9999 -9999 -9999 -9999 -9999 -9999 5154 5176 5177 5264 5336 5259 5138 5239 5399 5351 5194 5108 5069 5132 5110 5016 4968 5005 5053 5076 -9999 -9999 -9999 5217 5094
5582 5476 5521 5505 -9999 -9999 -9999 -9999 -9999 -9999 -9999 -9999 -9999 -9999 -9999 -9999 5198 5519 -9999 -9999 5664 5490 5416 5520 5529 5459 5390 -9999 -9999 5217 5224 5301 5391 5304 5093 -9999 -9999 5126 5033 5053 5182 -9999 5080 5111 5277 5316 5077 -9999 -9999 -9999 -9999 -9999 -9999 -9999 -9999 -9999 5393 5404 5368 5328 5175 5058 5149 5325 5277 5054 5063 5114 5124 5092 5041 5041 5091 5091 5081 -9999 -9999 -9999 5190 5072
5436 5408 5404 5465 -9999 -9999 -9999 5175 5187 -9999 -9999 -9999 -9999 -9999 -9999 -9999 5368 5418 -9999 5519 5603 5369 5305 5327 5315 5302 5335 -9999 -9999 5109 5226 5383 5234 5164 5136 5225 5255 5279 5240 5141 5073 5162 5196 5185 5278 5253 5071 5120 5397 -9999 -9999 -9999 -9999 5321 5177 5073 5252 5266 -9999 5023 4987 4960 5031 5178 5177 5099 5192 5202 5167 5118 5083 5116 5143 5107 5103 5070 -9999 -9999 5142 5168
5487 5449 5308 5359 5520 -9999 5237 5131 5251 -9999 -9999 -9999 -9999 -9999 -9999 5390 5297 5243 5398 5451 5340 5160 5201 5223 5193 5180 -9999 -9999 5194 5154 5270 5427 5243 5151 5331 5442 5311 5244 5275 5214 4956 4824 5000 5158 5126 5063 4960 5106 5261 5203 -9999 -9999 -9999 5145 5002 5048 5160 4979 4913 4966 5078 5157 5142 -9999 -9999 5173 5219 5197 5161 5129 5120 5151 5133 5093 5118 5120 -9999 -9999 5204 5079
-9999 5502 5293 5311 5544 -9999 -9999 -9999 -9999 -9999 5400 5418 5393 5341 5262 5223 5206 5175 5203 5204 5250 -9999 5257 -9999 5255 5188 -9999 5262 5242 5233 5273 5471 5575 5401 5334 5286 5120 5047 5130 5195 5037 4835 4922 5220 5220 5102 5063 5120 5144 -9999 -9999 -9999 -9999 5276 5197 5161 5083 4881 5023 5181 5147 5161 5152 5132 -9999 5093 5055 5043 5058 5115 5165 5187 5112 5066 5117 5180 -9999 -9999 5042 4846
-9999 5440 5356 5408 5517 -9999 -9999 5413 5393 5330 5361 5358 5318 5331 5314 5255 5200 -9999 -9999 -9999 -9999 -9999 5363 5342 5353 5272 5267 5315 5362 5303 5230 5224 5253 5194 5148 5074 5053 5121 5268 5313 5216 5196 5206 5210 5147 5151 5199 5250 5236 -9999 -9999 -9999 5267 5358 5337 5276 5167 5039 5060 5204 5201 5121 5135 5217 5246 5122 5013 4971 4990 5091 5229 -9999 5124 5066 5116 -9999 -9999 -9999 5060 5011
5401 5368 5406 5460 5407 5307 5266 5279 5289 5304 5335 5315 5278 5294 5313 5267 5206 5189 5242 5347 5434 5404 5271 5232 5366 5313 5246 5298 5300 5237 5116 5078 5155 5186 5144 5184 5207 5214 5227 5237 5061 4937 5154 5191 5062 5063 5087 5122 5157 -9999 -9999 -9999 -9999 5517 5433 5338 5302 5168 5090 5182 5159 5160 5270 5291 5326 -9999 5186 5068 5053 5133 5308 -9999 5150 5095 5172 -9999 -9999 -9999 5150 5041
5384 5308 5308 5358 5292 5246 5278 5329 5383 5456 5464 -9999 -9999 5190 -9999 -9999 5170 5218 5312 5429 5374 5230 5127 5132 5241 5238 5222 5187 5093 5146 5106 5062 5267 5316 5197 5152 5145 5087 5028 5122 5156 5065 5103 5082 5008 5033 5040 5005 5033 5140 -9999 -9999 -9999 -9999 5449 5332 5348 5233 5106 5117 4996 5099 5293 5243 5324 -9999 5273 5137 5057 5138 5297 5334 5177 5084 5101 5166 -9999 -9999 5092 4972
5334 -9999 -9999 5244 -9999 -9999 -9999 -9999 -9999 -9999 -9999 -9999 5311 5190 5178 5174 5144 5164 5269 5434 5337 5131 5096 5080 5163 5224 5203 5154 5117 5168 5162 5192 5312 5204 5189 5195 5075 5011 5080 5197 5118 5059 4958 4878 4840 4894 4957 4941 5054 5151 4937 -9999 -9999 -9999 5431 5295 5298 5291 5179 5078 4972 5102 5197 5114 5231 -9999 5275 5175 5029 5042 5186 5248 5197 5074 4987 4995 -9999 -9999 5116 5039
-9999 -9999 -9999 -9999 -9999 -9999 -9999 -9999 -9999 -9999 5616 5474 5331 5246 -9999 5296 5243 5191 5254 5396 5290 5156 5145 5075 5180 5232 5143 5135 5148 5180 5172 5298 5427 5341 5359 5267 5062 5020 5059 5065 4881 4970 5053 4940 4864 4943 5000 4920 5067 5164 5062 -9999 -9999 -9999 5398 5367 5397 5423 5258 5217 5214 5205 5074 4995 5101 -9999 -9999 5167 5022 4990 5100 5163 5223 5197 5145 5156 -9999 -9999 -9999 5100
-9999 -9999 -9999 -9999 -9999 -9999 -9999 5475 5464 5453 5422 5327 5271 5286 5346 5391 5341 5280 5268 5309 5223 5210 5171 5068 5192 5147 5009 5064 5108 5114 5076 5158 5294 5332 5346 5137 4903 4880 4905 4908 4882 5009 5081 5041 5036 5152 5191 5126 5278 5366 5232 -9999 -9999 -9999 5433 5530 -9999 5542 5305 5361 5376 5210 5026 4959 5088 5186 5271 5161 4996 4927 4997 5128 5203 5178 5233 5303 5099 -9999 -9999 4975
-9999 -9999 -9999 -9999 -9999 -9999 5411 5515 5499 -9999 -9999 5260 -9999 5263 5275 5285 5270 5275 5231 5203 5169 5214 5121 5022 5101 4954 4869 5009 5047 5128 5110 5040 5109 5156 5153 5043 4925 4910 4906 4948 4936 4949 4961 5022 5127 5212 5254 5391 5568 5554 5372 5230 -9999 -9999 -9999 5604 5689 -9999 5324 5348 5254 5159 5126 5065 5143 5250 5319 5198 4964 4874 4926 5088 5157 5093 5135 5161 4930 -9999 -9999 4871
-9999 -9999 -9999 -9999 5092 5012 4991 5143 5268 5293 5287 5345 -9999 5331 5202 5127 5138 5133 5080 5098 5136 5148 5065 4982 4973 4858 4911 5059 5080 5183 5171 5077 5173 5124 5042 5032 5090 5070 5042 5094 5069 4953 4898 4941 5103 5263 5332 5594 5673 5451 5265 5271 -9999 -9999 -9999 5442 5438 -9999 -9999 5274 5132 5202 5278 5136 5119 5272 5362 5287 5030 4871 4911 5066 5119 5024 4985 5094 5111 -9999 -9999 4945
-9999 -9999 -9999 -9999 -9999 -9999 5138 5165 5209 5251 5271 5315 5373 5316 5165 5102 5210 5077 4882 5017 5097 5093 5058 5005 5005 5019 5072 5204 5229 5202 5146 5195 5290 5136 5001 5024 5090 4997 4937 5007 4959 4958 5035 5135 5321 5462 5497 5701 5773 5590 5503 5416 -9999 -9999 -9999 5329 5385 -9999 -9999 5316 5150 5253 5318 5128 5056 5213 5390 5369 5164 4945 4958 5074 5069 5068 5139 4995 4931 4863 -9999 -9999
-9999 -9999 -9999 -9999 -9999 -9999 -9999 5238 5249 5159 5041 5033 5118 5175 5112 5020 5065 4940 4860 5029 5019 5059 5121 5093 5179 5208 5215 5311 5273 5113 5043 5131 5181 5017 4959 4946 4940 4832 4778 4813 4731 4697 4947 5294 5540 5669 5649 -9999 -9999 5709 5779 5541 5455 5472 -9999 -9999 5528 -9999 -9999 5512 5297 5274 5350 5207 5004 5120 5355 5396 5259 5080 5040 5094 4976 5061 5145 4872 4828 4982 -9999 -9999
-9999 -9999 -9999 -9999 -9999 -9999 -9999 -9999 -9999 -9999 -9999 4990 4988 5049 5068 5017 4992 5012 5114 5241 5176 5177 5178 5176 5359 5368 5224 5227 5162 5105 5043 5035 4953 4874 4930 4936 4908 4857 4805 4979 5101 5022 5184 5457 -9999 -9999 -9999 -9999 -9999 -9999 -9999 -9999 -9999 -9999 -9999 -9999 -9999 5595 -9999 5701 5480 5323 5262 5135 4965 5069 5290 5368 5255 5150 5137 5094 4938 5137 5114 4912 -9999 -9999 5046 -9999
-9999 -9999 -9999 -9999 -9999 -9999 -9999 -9999 -9999 -9999 -9999 5208 5147 5149 5151 5138 5189 5269 5307 5299 5239 5232 5181 5100 5157 5189 5079 5015 4861 4893 5026 5007 4892 4874 4963 4934 4996 5023 4979 5130 5306 5353 5533 5609 -9999 -9999 -9999 -9999 -9999 -9999 -9999 -9999 -9999 5590 -9999 -9999 -9999 5509 -9999 -9999 5586 5331 5152 5097 4953 4968 5171 -9999 5237 5185 5237 5204 5093 5217 5020 4926 5232 5133 4970 -9999
-9999 -9999 -9999 -9999 -9999 -9999 -9999 -9999 -9999 -9999 -9999 -9999 5110 5239 -9999 5238 -9999 -9999 -9999 5144 -9999 -9999 5183 5064 4974 5064 4931 4932 5023 5026 5122 5104 5012 5022 4974 4899 5067 5031 5006 5207 5271 5402 5607 -9999 -9999 -9999 -9999 -9999 -9999 -9999 -9999 -9999 5689 5654 -9999 -9999 -9999 -9999 -9999 -9999 5631 5341 5155 5128 4970 4990 5180 -9999 5311 5305 5259 5256 5193 5160 5075 4984 5144 5101 4852 4868
-9999 -9999 -9999 -9999 -9999 -9999 -9999 -9999 -9999 -9999 -9999 -9999 -9999 5301 -9999 -9999 -9999 -9999 -9999 -9999 -9999 -9999 -9999 -9999 -9999 -9999 -9999 -9999 5305 5228 5241 5101 4952 5055 4947 4932 5216 5191 5203 5340 5269 5479 -9999 -9999 -9999 -9999 -9999 -9999 -9999 5791 5968 -9999 -9999 -9999 -9999 -9999 -9999 -9999 -9999 -9999 5565 5295 5139 5119 5029 5110 5224 5199 -9999 5266 5153 5180 5140 5106 5101 4970 4940 5070 4930 4871
-9999 -9999 -9999 -9999 -9999 -9999 -9999 -9999 -9999 -9999 5083 5160 5278 5313 -9999 5163 5254 5242 5226 -9999 -9999 -9999 -9999 -9999 -9999 -9999 -9999 -9999 -9999 -9999 -9999 -9999 -9999 -9999 -9999 -9999 -9999 5332 5375 5400 5283 5515 -9999 -9999 -9999 -9999 5739 5711 5645 5631 5724 -9999 -9999 -9999 -9999 -9999 -9999 -9999 -9999 -9999 5474 5210 5109 5094 5080 5151 5236 5230 -9999 5177 5097 5101 5070 5088 5093 5029 4902 4995 5075 4897
-9999 -9999 -9999 -9999 -9999 -9999 -9999 -9999 -9999 -9999 5034 4991 5176 5277 5134 5079 5259 5256 5265 5246 -9999 -9999 5202 5140 -9999 -9999 -9999 -9999 -9999 -9999 -9999 -9999 -9999 -9999 -9999 -9999 -9999 -9999 5252 5327 5423 5529 -9999 -9999 -9999 5587 5533 5506 5484 -9999 5513 5557 5597 -9999 -9999 -9999 -9999 -9999 -9999 -9999 5435 5177 5132 5079 5094 5188 5272 5298 5243 5169 5072 5040 5052 5156 5081 4922 4861 4959 5043 4857
-9999 -9999 -9999 -9999 -9999 -9999 -9999 -9999 -9999 -9999 5093 4999 -9999 5189 5200 5183 5154 5145 5183 5122 5075 5131 5157 5140 -9999 5159 -9999 5273 5314 -9999 -9999 -9999 5262 5236 -9999 -9999 5404 -9999 -9999 -9999 5472 5456 -9999 -9999 -9999 5418 -9999 -9999 5563 5538 5480 5470 5522 5579 -9999 -9999 -9999 -9999 -9999 5430 5419 5294 5161 5078 5047 5144 5256 5326 5285 5175 5071 5042 5130 5247 5095 4914 4893 4830 4822 4765
-9999 -9999 -9999 -9999 -9999 -9999 -9999 -9999 -9999 -9999 5098 5125 5156 5092 5058 5160 5120 5081 5116 5010 4998 5111 5193 -9999 5058 5066 -9999 5145 5217 -9999 -9999 5355 5299 -9999 -9999 5243 5393 5514 5475 5394 5339 5325 5343 5403 5432 5384 5337 5409 5565 -9999 -9999 -9999 -9999 -9999 -9999 -9999 -9999 -9999 -9999 5263 5428 5375 5179 5069 4942 5020 5198 5283 5310 5197 5089 5085 5189 5249 5084 4996 4917 4774 4791 4753
-9999 -9999 -9999 -9999 -9999 -9999 -9999 -9999 -9999 -9999 5237 5227 5292 5234 5153 5179 5096 5139 5194 5107 5118 5238 5262 5128 4913 4866 4978 5070 5171 5192 -9999 5161 5191 -9999 5177 5184 5333 5480 5413 5297 5303 5330 5398 5478 5536 5497 5408 5376 5505 5606 -9999 5556 5484 5493 -9999 -9999 -9999 -9999 -9999 -9999 5360 5337 5218 5046 4892 4970 5153 5228 5296 5207 5080 5099 5135 5140 5055 5017 4948 4844 4889 4803
