test/g2lab/icchange/view/profile/olddata/change-2010-03-b2.txt
ncols         452
nrows         411
xllcorner     527595,50307841
yllcorner     5934256,8476051
cellsize      5
NODATA_value  -9999
[rows 108 to 143 of 411, columns 240 to 319 of 452]
-9999 -9999 -9999 3891 3924 3912 3935 4029 3969 3918 3898 3761 3808 3896 3827 3881 3919 3810 3661 3760 3934 3975 3939 -9999 -9999 -9999 -9999 -9999 -9999 -9999 -9999 -9999 -9999 -9999 -9999 -9999 3971 4118 3979 3950 3931 3931 3894 3908 4004 4066 4126 4120 4099 4171 4163 4153 4181 4126 4066 4083 4114 4074 4077 4243 -9999 -9999 -9999 -9999 -9999 -9999 -9999 -9999 -9999 -9999 -9999 -9999 -9999 -9999 -9999 -9999 -9999 -9999 -9999 -9999
4155 4238 4252 4037 3837 3807 3857 3912 3860 3857 3819 3755 3862 3998 3954 3867 3904 3842 3725 3836 3951 3888 3771 3904 -9999 -9999 -9999 -9999 -9999 -9999 -9999 -9999 -9999 -9999 -9999 -9999 -9999 3900 3881 3915 3923 3933 3936 3955 4039 4111 4128 4102 4098 4129 4108 4146 4161 4123 4087 4085 4114 4079 4115 4387 -9999 -9999 -9999 -9999 -9999 -9999 -9999 -9999 -9999 -9999 -9999 -9999 -9999 -9999 -9999 -9999 -9999 -9999 -9999 -9999
4164 4147 4066 4014 3908 3868 3879 3962 4017 4061 4003 3934 3988 4092 4020 3858 3909 3893 3861 3954 3970 3833 3755 3947 3937 -9999 -9999 -9999 -9999 -9999 -9999 -9999 -9999 -9999 -9999 -9999 -9999 -9999 3787 3890 3928 4005 4017 3999 4053 4077 4053 4033 4029 4036 4047 4120 4140 4109 4104 4078 4070 4103 4243 -9999 -9999 -9999 -9999 -9999 -9999 -9999 -9999 -9999 -9999 -9999 -9999 -9999 -9999 -9999 -9999 -9999 -9999 -9999 -9999 -9999
4308 4347 4251 4226 4146 4040 4019 4060 4140 4193 4165 4013 3901 3876 3928 3928 3978 3985 3999 4002 3948 3817 3764 3861 3650 -9999 -9999 -9999 -9999 -9999 -9999 -9999 -9999 -9999 -9999 -9999 -9999 -9999 -9999 3763 3862 4010 4002 3995 4054 4022 3969 3954 3952 3925 3959 4052 4077 4060 4062 4047 4031 4173 4388 -9999 -9999 -9999 -9999 -9999 -9999 -9999 -9999 -9999 -9999 -9999 -9999 -9999 -9999 -9999 -9999 -9999 -9999 -9999 -9999 -9999
4219 4325 4307 4244 4182 4033 3974 4023 4051 4074 4069 3991 3846 3784 3910 3973 3979 4010 3978 3938 3914 3839 3817 3793 3660 3638 -9999 -9999 -9999 -9999 -9999 -9999 -9999 -9999 -9999 -9999 -9999 -9999 -9999 -9999 3740 3916 3887 3945 4016 3969 3957 3983 3997 3950 3974 4026 4032 4030 4017 4030 4051 4263 4581 -9999 -9999 -9999 -9999 -9999 -9999 -9999 -9999 -9999 -9999 -9999 -9999 -9999 -9999 -9999 -9999 -9999 -9999 -9999 -9999 -9999
4174 4296 4151 4006 4030 3974 3994 4065 4027 4064 4098 4050 4037 3934 3892 3901 3909 3903 3852 3854 3904 3939 3911 3859 3763 3703 3647 3684 3814 4074 4259 -9999 -9999 -9999 -9999 -9999 -9999 -9999 -9999 -9999 3652 3777 3695 3835 3951 3958 3997 4069 4109 4058 4089 4064 4007 3983 3969 4033 4139 -9999 -9999 -9999 -9999 -9999 -9999 -9999 -9999 -9999 -9999 -9999 -9999 -9999 -9999 -9999 -9999 -9999 -9999 -9999 -9999 -9999 -9999 -9999
4220 4332 4165 4058 4151 4129 4231 4299 4249 4271 4178 4071 4112 3937 3799 3879 3872 3828 3791 3833 3936 3979 3926 3940 3957 3919 3817 3741 3822 3995 4032 4124 -9999 -9999 -9999 -9999 -9999 -9999 -9999 -9999 -9999 3743 3720 3806 3892 4016 4107 4079 4082 4098 4146 4073 3965 3950 3954 4029 4236 -9999 -9999 -9999 -9999 -9999 -9999 -9999 -9999 -9999 -9999 -9999 -9999 -9999 -9999 4575 4471 -9999 -9999 3880 3959 -9999 -9999 -9999
4105 4156 4141 4132 4212 4264 4361 4267 -9999 4216 4069 3896 3889 3834 3890 3991 3900 3853 3862 3908 3891 -9999 -9999 -9999 -9999 -9999 -9999 -9999 3932 3978 3882 3983 4202 -9999 -9999 -9999 -9999 -9999 -9999 -9999 -9999 3819 3863 3831 3828 3995 4086 3961 3973 4055 4096 3987 3905 3940 3988 4072 4324 -9999 -9999 -9999 -9999 -9999 -9999 -9999 -9999 -9999 -9999 -9999 -9999 -9999 -9999 -9999 -9999 -9999 -9999 -9999 -9999 -9999 -9999 -9999
4086 4213 4179 4070 3997 4076 4197 4113 3953 3961 3908 3889 3911 3939 4108 4079 3939 3939 3957 3861 -9999 -9999 -9999 -9999 -9999 -9999 -9999 -9999 -9999 -9999 3838 3951 4129 -9999 -9999 -9999 -9999 -9999 -9999 -9999 -9999 3803 3824 3783 3811 3890 3985 3972 4008 3984 3932 3871 3858 3917 4068 4182 -9999 -9999 -9999 -9999 -9999 -9999 -9999 -9999 -9999 -9999 -9999 -9999 4599 -9999 -9999 -9999 -9999 -9999 -9999 -9999 -9999 4448 4706 -9999
4180 4253 4143 4070 4020 4033 4081 4073 3975 3961 3989 4012 4024 4070 4252 4120 3912 3915 -9999 -9999 -9999 -9999 -9999 -9999 -9999 -9999 -9999 -9999 -9999 -9999 -9999 -9999 -9999 -9999 -9999 -9999 -9999 -9999 -9999 -9999 -9999 3807 3782 3872 3913 3848 3929 4006 4017 3934 3850 3879 3955 4009 4118 4292 -9999 -9999 -9999 -9999 -9999 -9999 -9999 -9999 -9999 -9999 -9999 -9999 -9999 -9999 -9999 -9999 -9999 -9999 -9999 4498 4451 4639 -9999 -9999
4108 4077 4018 3967 3944 3999 4041 4009 3925 3967 4040 3977 3956 4077 4195 3991 -9999 -9999 -9999 -9999 -9999 -9999 -9999 -9999 -9999 -9999 -9999 -9999 -9999 -9999 -9999 -9999 -9999 -9999 -9999 -9999 -9999 -9999 -9999 -9999 -9999 3737 3774 3979 4067 4004 4037 4047 4025 3998 3938 3955 4038 4041 4076 -9999 -9999 -9999 -9999 -9999 -9999 -9999 -9999 -9999 -9999 -9999 -9999 -9999 -9999 -9999 -9999 4767 -9999 -9999 -9999 -9999 -9999 -9999 -9999 -9999
3896 3946 3902 3832 3834 3921 3969 3935 3890 3967 3973 3905 3866 3954 4006 3895 -9999 -9999 -9999 -9999 -9999 -9999 -9999 -9999 -9999 -9999 -9999 -9999 -9999 -9999 -9999 -9999 -9999 -9999 -9999 -9999 -9999 -9999 -9999 -9999 -9999 -9999 3807 3912 4023 4126 4166 4074 4026 4013 3997 3962 3945 3965 4017 -9999 -9999 -9999 -9999 -9999 -9999 -9999 -9999 -9999 -9999 -9999 -9999 -9999 -9999 -9999 -9999 4687 4772 -9999 -9999 -9999 -9999 -9999 -9999 -9999
3904 3959 3885 3828 3855 3917 3923 3905 3939 4020 3960 3971 3997 3934 3946 3981 4060 -9999 -9999 -9999 -9999 -9999 -9999 -9999 -9999 -9999 -9999 -9999 -9999 -9999 -9999 -9999 -9999 -9999 -9999 -9999 -9999 -9999 -9999 -9999 -9999 -9999 3861 3833 3984 4172 4185 4045 4010 3978 3926 3854 -9999 -9999 -9999 -9999 -9999 -9999 -9999 -9999 -9999 -9999 -9999 -9999 -9999 -9999 -9999 -9999 -9999 -9999 -9999 -9999 -9999 -9999 -9999 4739 4773 -9999 -9999 -9999
3958 3994 3968 3925 3953 4000 3979 3939 4023 4098 4016 4073 4123 4008 3960 3960 3960 -9999 -9999 -9999 -9999 -9999 -9999 -9999 -9999 -9999 -9999 -9999 -9999 -9999 -9999 -9999 -9999 -9999 -9999 -9999 -9999 -9999 -9999 -9999 -9999 4127 3929 3827 4026 4104 4104 4013 4018 3973 3839 3748 -9999 -9999 -9999 -9999 -9999 -9999 -9999 -9999 -9999 -9999 -9999 -9999 -9999 -9999 -9999 -9999 -9999 -9999 -9999 -9999 -9999 -9999 -9999 -9999 -9999 -9999 -9999 -9999
3937 3984 4001 4002 4063 4082 4032 3985 4092 4132 4040 4025 4059 4049 4039 3973 3845 -9999 -9999 -9999 -9999 -9999 -9999 -9999 3874 3869 3831 3708 -9999 -9999 -9999 -9999 -9999 -9999 -9999 -9999 -9999 -9999 -9999 -9999 -9999 4112 3866 3855 3988 3995 3985 4047 4110 4064 3870 -9999 3822 -9999 -9999 -9999 -9999 4230 -9999 -9999 -9999 -9999 -9999 -9999 -9999 -9999 -9999 -9999 -9999 -9999 -9999 -9999 -9999 -9999 -9999 -9999 -9999 -9999 -9999 -9999
3931 3967 3997 4040 4086 4064 4011 4018 4122 4078 4022 4038 4094 4088 4039 4034 3879 -9999 -9999 -9999 -9999 -9999 -9999 3877 3875 3768 3873 3932 3913 3917 -9999 -9999 -9999 -9999 -9999 -9999 -9999 -9999 -9999 -9999 -9999 3948 3789 3768 3819 3888 3973 4117 4230 4188 4063 3953 4004 4101 -9999 -9999 4174 4336 -9999 -9999 -9999 -9999 -9999 -9999 -9999 -9999 -9999 -9999 -9999 -9999 -9999 -9999 -9999 -9999 -9999 -9999 -9999 -9999 -9999 -9999
3947 4030 4036 4061 4058 4014 3962 4021 4105 4019 4077 4179 4163 3986 3919 3958 3792 -9999 -9999 -9999 -9999 -9999 -9999 3915 3869 3819 3931 4037 3908 3736 3883 -9999 -9999 -9999 -9999 -9999 -9999 -9999 -9999 -9999 3916 3951 3926 3854 3780 3895 4056 4138 4265 4291 4224 4122 -9999 4162 4149 -9999 4294 -9999 -9999 -9999 -9999 -9999 -9999 -9999 -9999 -9999 -9999 -9999 -9999 -9999 -9999 -9999 -9999 -9999 -9999 -9999 -9999 -9999 -9999 -9999
3920 4008 4040 4101 4059 3976 3923 4020 4092 -9999 -9999 4112 4044 -9999 3811 3785 3650 -9999 -9999 -9999 -9999 -9999 -9999 3889 4026 3965 3857 3857 3774 3736 3928 3879 3820 3923 3919 3904 3899 3890 3940 -9999 3960 3919 3896 3865 3825 3927 4072 -9999 -9999 4207 4204 -9999 -9999 4145 4173 -9999 -9999 -9999 -9999 -9999 -9999 -9999 -9999 -9999 -9999 -9999 -9999 -9999 -9999 -9999 -9999 -9999 -9999 -9999 -9999 -9999 -9999 -9999 -9999 -9999
3853 3845 3925 4064 3967 3879 3923 4042 4061 -9999 -9999 3923 3927 3875 3936 3794 3716 -9999 -9999 -9999 -9999 -9999 -9999 3873 4083 3930 3653 3657 3741 3676 3717 3804 3860 3903 3911 3902 3841 3807 3855 3918 3940 3914 3903 3837 3837 3895 -9999 -9999 -9999 -9999 4121 -9999 4104 4185 4262 -9999 -9999 -9999 4512 -9999 -9999 -9999 -9999 -9999 -9999 -9999 -9999 -9999 -9999 -9999 -9999 -9999 -9999 -9999 -9999 -9999 -9999 -9999 -9999 -9999
3774 3824 3906 3938 3827 3856 3936 -9999 -9999 4079 4012 3906 3953 4027 4032 3881 3844 -9999 -9999 -9999 -9999 -9999 -9999 3908 3935 3800 3641 3699 3848 3715 3648 3786 3832 3872 3872 3854 3806 3800 3844 3880 3895 3927 3978 -9999 -9999 3924 -9999 -9999 -9999 4264 4115 4079 4174 4260 4420 -9999 -9999 -9999 -9999 -9999 -9999 -9999 4037 -9999 -9999 -9999 -9999 -9999 -9999 -9999 -9999 -9999 -9999 -9999 -9999 -9999 -9999 -9999 -9999 -9999
3701 3832 3851 3836 3885 4104 4045 3984 4127 4182 4094 3943 3959 3957 3855 3739 3691 3685 -9999 -9999 -9999 -9999 -9999 3940 3875 3827 3765 3806 3941 3926 3835 3859 3881 3886 3836 3785 3763 3792 3840 3855 3832 3833 3879 -9999 3835 3946 -9999 -9999 -9999 4250 4149 4148 4272 4307 4529 -9999 4691 4556 -9999 -9999 -9999 -9999 4076 -9999 -9999 -9999 -9999 -9999 -9999 -9999 -9999 -9999 -9999 -9999 -9999 -9999 -9999 -9999 -9999 -9999
3771 3760 3840 3833 3954 4189 4013 3932 4030 -9999 3910 3854 3846 3773 3662 3587 3579 -9999 -9999 -9999 -9999 -9999 -9999 -9999 3987 3901 3850 3762 3914 4037 3870 3779 3800 3831 3788 3704 3682 3734 3822 3848 3820 3764 -9999 -9999 -9999 -9999 -9999 -9999 -9999 4204 4264 -9999 -9999 -9999 -9999 4518 4502 4477 4482 -9999 -9999 -9999 -9999 -9999 -9999 -9999 -9999 -9999 -9999 -9999 -9999 -9999 -9999 -9999 -9999 -9999 -9999 -9999 -9999 -9999
3773 3709 3924 3925 3916 4031 4034 4031 4019 3880 3859 3861 3833 3756 3643 3616 3681 3756 -9999 -9999 -9999 -9999 -9999 -9999 3986 3890 3822 3723 3804 3833 3600 3598 3674 3738 3730 3662 3654 3725 3814 3865 3848 3820 -9999 3963 -9999 -9999 -9999 -9999 -9999 -9999 4298 -9999 -9999 -9999 -9999 4399 4418 4421 -9999 -9999 -9999 -9999 -9999 -9999 -9999 -9999 -9999 -9999 -9999 -9999 -9999 -9999 -9999 -9999 -9999 -9999 -9999 -9999 -9999 -9999
3777 3740 3977 3990 3809 3996 4216 4106 3980 3944 4011 3993 3928 3859 3818 3760 3736 3736 -9999 -9999 -9999 -9999 -9999 -9999 -9999 3813 3852 3890 3783 3724 3630 3645 3693 3738 3742 3721 3738 3788 3809 3843 -9999 3905 3915 3911 -9999 -9999 -9999 -9999 -9999 -9999 4219 -9999 -9999 -9999 -9999 -9999 -9999 -9999 -9999 4473 -9999 -9999 -9999 -9999 -9999 -9999 -9999 -9999 -9999 -9999 -9999 -9999 -9999 -9999 -9999 -9999 -9999 -9999 -9999 -9999
3923 3823 3877 3932 3838 4123 4246 3950 3867 3937 4033 4002 3930 3912 3936 3877 -9999 3720 -9999 -9999 -9999 -9999 -9999 -9999 -9999 -9999 3761 3891 3850 3905 3917 3851 3868 3888 3859 -9999 -9999 -9999 3845 3822 -9999 -9999 -9999 -9999 3928 4053 4075 4227 -9999 -9999 4185 -9999 -9999 -9999 4262 -9999 4422 4419 4389 4373 4331 -9999 -9999 -9999 -9999 4459 4532 -9999 -9999 -9999 -9999 -9999 -9999 -9999 -9999 -9999 -9999 -9999 -9999 -9999
4080 3772 3718 3827 -9999 4051 4054 -9999 -9999 3885 3974 3913 3839 3851 3881 3836 -9999 3700 3646 -9999 -9999 -9999 -9999 -9999 -9999 -9999 3954 3992 3981 3916 3912 3887 3896 3919 3922 -9999 -9999 -9999 3943 3859 3806 3794 3813 3900 3873 3966 4115 4143 4199 4166 4201 4128 4095 4208 4233 4306 4380 4374 4333 4299 4269 -9999 -9999 -9999 4148 4459 -9999 -9999 -9999 -9999 -9999 -9999 -9999 -9999 -9999 -9999 -9999 -9999 -9999 -9999
4011 3706 3680 3753 -9999 3835 3977 3869 -9999 3916 3973 3901 3814 3842 3856 3788 3700 3679 3635 -9999 -9999 -9999 -9999 -9999 -9999 -9999 -9999 4029 3935 3872 3893 -9999 -9999 3828 3962 -9999 -9999 -9999 -9999 -9999 3999 4037 4044 4002 3915 4008 4125 4030 4185 4218 4134 4107 4105 4122 4087 -9999 -9999 4224 4237 4282 4271 -9999 -9999 -9999 3961 -9999 -9999 -9999 -9999 -9999 -9999 -9999 -9999 -9999 -9999 -9999 -9999 -9999 -9999 -9999
3855 3745 3728 3702 3745 3829 3989 3852 3782 3944 4030 4000 3939 3955 3930 3858 3784 3777 3727 -9999 -9999 -9999 -9999 -9999 -9999 -9999 3962 3928 3831 3817 3898 3935 3921 -9999 -9999 -9999 -9999 -9999 -9999 -9999 -9999 -9999 -9999 4132 4113 4089 4165 4163 4257 4212 4094 4111 4118 4004 -9999 3990 4027 4079 4169 -9999 -9999 -9999 -9999 -9999 4117 -9999 -9999 -9999 -9999 -9999 -9999 -9999 -9999 -9999 -9999 -9999 -9999 -9999 -9999 -9999
-9999 3847 3848 3727 3829 3842 3827 3782 3765 3910 4018 4030 3986 3973 3977 3940 3921 3924 3781 -9999 -9999 -9999 -9999 -9999 -9999 3948 3927 3933 3872 3849 3922 3974 3973 3972 3989 -9999 -9999 -9999 -9999 -9999 -9999 4158 4064 4216 4311 4162 4285 4365 4286 4279 4135 4130 4186 3996 3885 3949 3990 4020 4124 4257 4342 4242 4069 -9999 -9999 -9999 -9999 -9999 -9999 -9999 -9999 -9999 -9999 -9999 -9999 -9999 -9999 -9999 -9999 -9999
3711 3871 3897 3790 3811 3677 3640 3761 3783 3904 4010 4000 3870 -9999 3881 3918 3922 3879 3739 -9999 -9999 -9999 -9999 -9999 -9999 3863 3964 4013 3950 3884 3893 3932 3898 3889 3898 3900 3867 3904 -9999 -9999 -9999 4016 4058 4208 4310 4159 -9999 4234 4260 4276 4115 4230 4376 4147 4075 4122 4094 4043 4109 4241 4317 -9999 4059 3992 -9999 -9999 -9999 -9999 -9999 -9999 -9999 -9999 -9999 -9999 -9999 -9999 -9999 -9999 -9999 -9999
3795 3829 3814 3793 3760 3649 3627 3733 3800 3920 3942 3880 3783 3762 3857 3894 3816 3785 3787 -9999 -9999 -9999 -9999 -9999 -9999 -9999 3976 3974 3913 3854 3823 3769 3741 3797 3827 3816 3812 3878 3863 -9999 3903 3888 4003 4094 4161 4135 4030 4098 4150 4078 4071 4321 4441 4261 4305 4357 4277 4137 4125 4246 -9999 -9999 4075 4149 -9999 -9999 -9999 -9999 -9999 -9999 -9999 -9999 -9999 -9999 -9999 -9999 -9999 -9999 -9999 -9999
3938 3918 3902 3860 3824 3755 3674 3680 3783 3887 3789 3776 3817 3746 3835 3908 3833 3736 3751 -9999 -9999 -9999 -9999 -9999 -9999 -9999 3919 3849 3830 3819 3758 3664 3662 3741 3791 3777 3770 3838 3779 -9999 3844 3864 3982 4192 4078 4059 4095 4077 4092 3998 3968 4210 4286 4248 4322 4377 4290 -9999 4153 4245 -9999 -9999 4070 -9999 -9999 -9999 -9999 -9999 -9999 -9999 -9999 -9999 -9999 -9999 -9999 -9999 -9999 -9999 -9999 -9999
3886 3929 3959 3891 3866 3846 3802 3729 3750 3812 3756 3825 3869 3745 3832 3886 3842 3860 3831 3922 -9999 -9999 -9999 -9999 -9999 -9999 -9999 3892 3931 -9999 -9999 -9999 -9999 3826 3864 3815 3784 3807 3731 -9999 3919 4083 3964 3971 4035 4097 4229 4198 3945 3900 3914 4076 4138 4198 4244 4228 4177 -9999 4211 4251 4210 4173 4193 -9999 -9999 -9999 -9999 -9999 -9999 -9999 -9999 -9999 -9999 4430 -9999 -9999 -9999 -9999 -9999 -9999
3721 3857 3903 3829 3853 3890 3862 3779 3744 3712 3693 3809 3819 3841 3971 -9999 -9999 4121 3997 -9999 -9999 -9999 -9999 -9999 -9999 -9999 -9999 -9999 -9999 -9999 -9999 -9999 -9999 -9999 -9999 3885 3865 3874 3849 3988 3997 3958 3968 3913 4101 4222 4122 4063 3941 3945 3930 3996 4099 4209 4229 4168 4146 4174 4245 4244 4139 4095 4140 3975 -9999 -9999 -9999 -9999 -9999 -9999 -9999 -9999 -9999 -9999 -9999 -9999 -9999 -9999 -9999 -9999
3713 3848 -9999 3899 3937 3799 3758 3727 3696 3625 3650 3767 3746 3903 -9999 -9999 -9999 -9999 -9999 -9999 -9999 -9999 -9999 -9999 -9999 -9999 -9999 -9999 -9999 -9999 -9999 -9999 -9999 -9999 -9999 -9999 -9999 4143 4065 4049 4152 -9999 4049 3988 4001 4154 4139 4017 3997 3889 3836 3954 4168 4251 4266 4239 4226 4222 4232 4253 4237 4113 4008 3904 3797 -9999 -9999 -9999 -9999 -9999 -9999 -9999 -9999 -9999 -9999 -9999 -9999 -9999 -9999 -9999
3851 3905 -9999 -9999 3942 3653 3630 3675 3664 3652 3724 3818 3812 -9999 -9999 -9999 -9999 -9999 -9999 -9999 -9999 -9999 -9999 -9999 -9999 -9999 -9999 -9999 -9999 -9999 -9999 -9999 -9999 -9999 -9999 -9999 -9999 -9999 -9999 4320 -9999 -9999 -9999 4199 4259 4263 4237 4004 3890 3990 4020 4135 4235 4220 4174 4198 4219 4201 4165 4211 4212 4003 3880 3901 3909 -9999 -9999 -9999 -9999 -9999 -9999 -9999 -9999 -9999 -9999 -9999 -9999 -9999 -9999 -9999
