test/g2lab/icchange/view/profile/olddata/change-2010-03-b1.txt
ncols         452
nrows         411
xllcorner     527595,50307841
yllcorner     5934256,8476051
cellsize      5
NODATA_value  -9999
[rows 0 to 35 of 411, columns 160 to 239 of 452]
5446 -9999 -9999 -9999 -9999 -9999 -9999 -9999 -9999 5303 5128 5049 5019 4946 4929 4940 4966 5019 5060 5078 5054 4977 4901 4806 4823 4843 4866 4884 4898 4896 4907 4897 4897 4858 5064 5211 5184 -9999 -9999 -9999 5413 5449 5532 5511 5330 5122 5139 5122 5097 5079 5080 5048 4991 4954 4933 4941 4902 4788 4877 5096 5246 5301 5206 5146 5196 5124 5032 5077 5002 4851 4939 5006 5035 5062 5118 5090 5067 5093 5260 5224
5455 -9999 -9999 -9999 -9999 -9999 -9999 -9999 5344 5208 5066 5019 5101 4997 4873 4881 4954 5035 5069 5034 4987 4979 4908 4743 4692 4743 4798 4845 4894 4918 4930 4930 4943 4943 4983 5097 5096 5075 -9999 -9999 -9999 -9999 5237 5313 5312 5282 5239 5208 5160 5112 5074 5021 4958 4911 4891 4864 4884 4880 4954 5074 5255 5339 5173 5055 5115 5127 5174 5108 5101 5103 5092 5084 5055 5121 5220 5224 5176 5164 5182 5083
-9999 -9999 -9999 -9999 5625 5458 5017 5086 5086 5019 5065 4883 4848 4915 4934 4971 5043 5078 5026 4897 4825 4856 4904 4865 4832 4832 4869 4905 4922 4939 4954 4961 5026 5020 4924 4933 5064 5119 5004 -9999 -9999 -9999 5302 5365 5408 5395 5362 5266 5187 5164 5101 5021 4957 4895 4868 4854 4843 4962 5007 4958 -9999 5289 5085 5007 5024 5072 5240 5093 4806 4853 4971 5031 4993 4994 5118 5233 5273 5208 5127 5065
-9999 5505 5413 5349 5313 5257 5016 4934 4826 4845 4992 4806 4753 4888 4946 5013 5082 5073 4996 4902 4916 4998 4982 4979 4948 4921 4908 4889 4852 4830 4823 4833 4862 4990 4962 4884 4970 5082 -9999 -9999 -9999 -9999 -9999 5365 -9999 5493 5482 5469 5354 5194 5138 5078 5044 5000 5011 4932 4667 4771 4942 4918 5172 5249 5097 5104 4996 4925 5008 5062 4946 4917 4990 5020 4981 4973 5098 5281 5317 5221 5150 5096
5331 5338 5253 5145 5067 5134 5009 4837 4870 4718 4758 4847 4964 5014 4968 4944 4955 4980 4928 4804 4806 4932 4908 4871 4888 4893 4872 4809 4754 4743 4736 4749 4769 4962 5039 4927 5015 5079 5144 -9999 5095 5015 -9999 -9999 -9999 -9999 5691 5595 5388 5156 5172 5107 5047 5085 5123 5047 4842 4900 4913 5017 5325 5213 5051 5097 5016 4861 4837 4964 4990 5025 5119 5086 4956 4915 5041 5244 5278 5166 5135 5111
5137 5154 5070 5077 5081 5037 4931 4920 5010 4813 4716 4860 4969 5085 4946 4795 4821 4885 4919 4852 4801 4812 4877 4880 4877 4877 4864 4821 4783 4787 4809 4910 4901 4854 4897 4981 5111 5077 5179 5274 5163 -9999 -9999 -9999 -9999 -9999 -9999 5388 5339 5259 5219 5216 5121 5061 5010 4942 4964 5069 4886 5028 -9999 5147 5064 5097 5103 5155 5019 4915 4920 4974 5047 5022 4947 4929 4988 5064 4971 4934 5092 5139
5229 5109 4959 5086 5104 5005 4928 4945 5054 5052 4946 4927 4970 4997 4835 4781 4982 4996 5000 5002 5040 4951 4844 4828 4856 4915 4933 4894 4847 4856 4909 5056 4957 4731 4797 4987 5064 4991 5046 5141 5186 -9999 5235 -9999 -9999 -9999 -9999 -9999 5337 5310 5272 5406 5239 5053 4988 4911 4947 5066 5005 5233 5344 5113 5132 5143 5095 5129 5143 5005 4997 5008 5061 5068 5054 5069 5183 5230 5113 5017 5144 5199
5278 5115 4931 5008 4910 4838 4868 4877 4921 4929 4883 4878 4855 4823 4798 4782 4953 4997 4997 4928 4883 4871 4890 4877 4840 4908 4968 4933 4896 4841 4836 4902 4895 4784 4824 4920 4883 4793 4893 4979 5117 5252 5184 4995 4938 -9999 -9999 -9999 -9999 5391 5397 5397 5177 4996 4957 4930 4876 4879 4937 5118 5242 5039 4925 4912 4964 5014 5170 5217 5067 4976 4964 5091 5130 5088 5119 5236 5325 5199 5161 5258
5198 5095 5002 4985 4814 4815 4905 4913 4933 4938 4869 4800 4771 4898 5026 4912 4878 4939 4951 5004 4931 4866 5005 5010 4850 4776 4845 4935 4936 4875 4836 4800 4795 4855 4878 4897 4782 4839 5016 5025 5134 5162 5027 5054 5070 -9999 -9999 -9999 -9999 -9999 5466 5412 5287 5140 4975 4904 4870 4887 4894 4926 -9999 5095 4898 4940 5003 5013 4928 4992 5007 4939 4873 4963 5085 5032 5004 5032 5073 5076 5124 5229
5090 5029 5070 5027 4913 4949 5023 5038 5023 4980 4863 4769 4770 4965 5101 4927 4919 4876 4792 4876 4934 4870 4913 4871 4749 4699 4809 4971 4978 4863 4816 4751 4641 4681 4799 4873 4852 5072 5252 -9999 -9999 5106 5003 5183 -9999 -9999 5124 5020 -9999 -9999 -9999 5330 5447 5377 5135 5008 5041 5028 5044 5097 5261 5117 5027 5107 4963 5010 5007 4962 4984 5076 5102 5043 5070 5071 5081 5257 5280 5172 5098 5200
5021 4935 4983 5002 4976 5009 5049 5021 4959 4895 4787 4767 4846 4924 4905 4789 4840 4798 4711 4745 4846 4928 4886 4799 4758 4832 4927 4980 4934 4837 4842 4808 4839 4932 4916 4900 4928 5156 -9999 -9999 -9999 -9999 5060 5092 5235 -9999 4999 5077 5031 -9999 -9999 -9999 5378 -9999 5384 5249 5114 5055 5201 5249 5228 5119 5070 5052 4917 5054 5114 4997 4968 5000 5037 4992 5101 5069 5022 5221 5326 5226 5139 5285
4932 4909 4928 4923 4834 4877 4976 4937 4845 4801 4774 4910 4994 4882 4848 4801 4827 4862 4849 4816 4812 4948 4979 4895 4835 4897 4984 4946 4877 4922 5004 4930 4970 5075 5013 4943 5047 5222 5076 4896 -9999 -9999 -9999 5082 5142 5048 4978 5061 4972 -9999 -9999 -9999 -9999 -9999 5489 5275 5031 5007 5255 -9999 5201 5161 5039 4992 4965 5023 4991 4933 4923 4924 4931 4984 5096 5066 5127 5285 5253 5199 5190 5310
5007 5026 5125 5168 4855 4783 4967 4979 4972 4963 4937 5049 5038 4922 4970 4902 4885 4956 4906 4784 4740 4934 5064 4978 4879 4907 4984 4964 4893 4959 5110 5079 4959 4923 4941 4940 5047 5117 5014 4826 4894 -9999 -9999 5222 5270 5271 5111 5032 5004 5068 -9999 -9999 -9999 -9999 -9999 -9999 -9999 -9999 -9999 -9999 -9999 5178 4988 5019 5052 4989 4925 4938 4981 4993 5029 5119 5199 5149 5327 5397 5244 5207 5255 5290
5061 5059 4955 4934 4865 4847 4991 5009 4891 4951 4988 4964 4858 4794 4907 4884 4898 4902 4757 4698 4746 4904 5023 5005 4923 4942 5032 5030 4946 4931 5091 5138 4992 4950 5004 5016 4983 4931 4843 4762 4809 5031 -9999 5212 5248 5305 5230 5165 5091 4979 4999 -9999 -9999 -9999 -9999 -9999 -9999 -9999 -9999 -9999 5323 5108 4987 5046 5126 5076 4990 5042 5060 5077 5139 5216 5217 5180 5336 5294 5095 5121 5221 5259
5041 5093 4899 4847 4958 4896 4930 4912 4762 4854 4888 4815 4825 4750 4774 4823 4865 4861 4765 4823 4834 4885 4976 5055 5050 5043 5092 5100 4989 4897 4977 5020 4884 4911 5006 5030 4960 4917 4901 4892 4842 4905 5046 -9999 5134 5240 5349 5342 5194 5030 5058 5188 -9999 -9999 -9999 -9999 -9999 -9999 -9999 -9999 5265 5097 4991 5007 5102 5066 5036 5104 5026 5027 5106 5136 5107 5126 5249 5235 5131 5125 5184 5181
5144 5189 5079 5065 5039 4917 4857 4852 4883 4960 4928 4779 4787 4830 4858 4869 4758 4842 4951 4964 4899 4903 5012 5116 -9999 5098 5083 5051 4977 4898 4885 4890 4820 4810 4861 4915 4886 4890 4974 4991 4902 4880 4945 -9999 -9999 5185 5349 -9999 -9999 5173 5086 5125 5151 5063 -9999 -9999 -9999 -9999 -9999 -9999 -9999 5110 4987 4960 4981 4943 5027 5083 4969 4978 5007 5001 5007 5105 5197 5196 5216 5248 5285 5255
5132 5119 4967 4944 4867 4815 4826 4862 4952 4988 4892 4740 4705 4888 4873 4872 4837 4880 4966 5006 4982 5004 5042 5074 5092 5042 4959 4919 4914 4900 4864 4913 4843 4737 4753 4833 4871 4867 4910 4928 4860 4829 4890 4989 -9999 -9999 -9999 -9999 -9999 -9999 5239 5265 5159 5147 -9999 -9999 -9999 -9999 -9999 -9999 -9999 5059 4948 4958 4937 4900 5049 5055 4944 5020 4992 4963 5003 5130 5207 5148 5129 5180 5251 5278
4976 4972 4855 4799 4744 4761 4832 4878 4952 4913 4807 4913 4899 4944 4941 5016 5061 4966 4937 4979 5033 5064 5011 4935 4903 4949 4912 4841 4832 4877 4902 4926 4871 4769 4781 4893 4927 4866 4833 4855 4806 4786 4904 4990 5040 -9999 -9999 -9999 -9999 -9999 -9999 -9999 5111 5072 -9999 -9999 -9999 -9999 -9999 -9999 -9999 5185 5112 5100 5029 4959 5118 4997 4957 5088 5010 4975 5071 5176 5273 5265 5226 5218 5264 5250
4897 4918 4917 4875 4849 4870 4959 4957 4886 4846 4928 5142 5070 5003 5073 5038 5087 5066 4984 4968 5010 5045 4963 4920 4888 4922 4986 4814 4694 4914 4891 4818 4823 4801 4841 4933 4945 4878 4834 4880 4794 4799 4926 4965 4974 -9999 -9999 -9999 -9999 -9999 -9999 -9999 -9999 -9999 -9999 -9999 -9999 -9999 -9999 -9999 -9999 -9999 -9999 5150 5120 5013 4989 4920 4958 5044 4952 4959 5097 5218 5252 5243 5219 5231 5349 5356
4936 5003 5046 5007 4887 4830 4859 4881 4815 4809 4846 4979 4975 4961 4970 4892 4886 5015 5034 4990 4936 4924 4913 5011 4933 4774 4822 4811 4790 4995 4841 4760 4888 4907 4830 4849 4901 4903 4897 4918 4835 4872 4974 4958 4919 4957 -9999 -9999 -9999 -9999 -9999 -9999 -9999 -9999 5267 5216 -9999 -9999 -9999 -9999 -9999 -9999 -9999 5197 5199 5026 4883 4951 5024 5014 4977 5029 5113 5258 5291 5241 5124 5147 5297 5293
5016 5042 5026 5003 4811 4689 4747 4790 4899 5035 4956 4871 4844 4752 4906 4977 4860 4934 5027 4941 4827 4855 4887 4854 4822 4687 4703 4875 4952 4927 4861 4816 4926 4963 4792 4777 4966 5056 4943 4896 4923 4976 4998 4944 4902 4921 5032 -9999 -9999 -9999 -9999 -9999 -9999 -9999 -9999 5244 -9999 -9999 5165 -9999 -9999 -9999 -9999 5254 5186 5205 5092 5061 5073 5021 5105 5291 5297 5397 5397 5260 5115 5141 5282 5194
5035 5002 5007 5052 4912 4823 5031 5137 5171 5212 5176 5117 4998 4802 4984 5067 4974 4913 4854 4828 4794 4928 4905 4788 4846 4765 4703 4766 4854 4882 4876 4793 4826 4923 4873 4844 5026 5164 4995 4912 4972 4995 4959 4914 4898 4909 4987 5103 -9999 -9999 -9999 -9999 -9999 -9999 -9999 -9999 -9999 -9999 5036 5034 5019 -9999 -9999 -9999 -9999 -9999 5227 5126 5088 5026 4998 5130 5213 5370 5346 5224 5222 5193 5210 5170
5018 4928 4969 5127 5179 4913 4911 5173 5117 5071 5062 4891 4864 4902 4964 4737 4835 5081 4850 4761 4853 4990 4837 4758 4913 4863 4830 4866 4871 4877 4813 4756 4794 4888 4925 4867 4929 4993 4919 4949 4949 4935 4905 4878 4903 4941 4988 5070 -9999 -9999 -9999 -9999 -9999 -9999 -9999 -9999 -9999 -9999 5163 5090 5119 -9999 -9999 -9999 -9999 -9999 5184 5138 5133 5077 4913 4958 5109 5175 5155 5178 5287 5194 5092 5113
5109 4921 4976 5087 5104 4943 4882 5030 4939 5034 5043 4810 4891 4979 4960 4831 4908 5110 4864 4774 4802 4936 4917 4911 4958 4923 4982 4994 4936 4919 4823 4775 4827 4866 4855 4838 4919 4904 4888 4964 4901 4862 4878 4897 4932 4983 5014 5063 -9999 -9999 -9999 -9999 -9999 -9999 -9999 -9999 -9999 -9999 -9999 -9999 -9999 5106 -9999 -9999 -9999 -9999 -9999 5127 5168 5137 5022 5141 5231 5182 5123 5215 5290 5201 5087 5053
5154 4993 5135 5188 5094 5016 4981 5029 5007 4993 5080 5027 5027 5022 5010 5013 4925 4902 5009 5169 5086 5037 5128 5172 5181 5038 4922 4967 4983 4968 4881 4855 4893 4884 4839 4857 4932 4888 4893 4917 4843 4929 5006 4966 4951 4983 5018 5037 5144 -9999 -9999 -9999 -9999 -9999 -9999 -9999 -9999 -9999 -9999 -9999 -9999 5165 5204 5133 -9999 -9999 -9999 -9999 5112 5175 5258 5373 5394 5281 5202 5260 5300 5229 5140 5082
5156 5045 5112 5114 5046 4964 4885 4850 4892 4922 5116 5058 4842 4876 4943 5015 5017 4927 4880 5016 5041 5045 4975 4923 5100 5073 4846 4911 5000 4976 4923 4917 4910 4880 4829 4883 4947 4895 4971 4969 4885 5037 5047 4993 5016 5088 5037 4968 5076 -9999 -9999 -9999 -9999 -9999 -9999 -9999 -9999 -9999 -9999 -9999 5170 5229 5267 5145 4986 5033 -9999 -9999 -9999 -9999 5338 5443 5501 5374 5194 5171 5165 5157 5153 5156
5244 5073 4960 5012 4973 4965 4936 4892 4888 4936 5004 5052 4928 4878 4852 4878 4967 5024 4802 4649 4729 4944 5039 4944 5010 5153 5084 4948 4977 4955 4908 4924 4877 4793 4760 4873 4957 4909 4896 4868 4866 4946 4831 4767 4927 5152 5045 4878 4934 -9999 -9999 -9999 -9999 -9999 5204 5370 -9999 -9999 -9999 5245 5269 5306 5235 5153 5076 5136 -9999 -9999 -9999 -9999 -9999 5369 -9999 -9999 5233 5124 5083 5088 5135 5155
5389 5083 4961 5041 4942 5034 5165 5143 5021 4924 4936 5023 5045 4975 4930 4897 4988 5088 4991 4890 4860 4850 5031 5050 4946 4893 4953 4973 4993 4923 4894 4906 4845 4703 4694 4836 4895 4853 4779 4787 4800 4842 4755 4714 4918 5147 5064 5007 5014 4970 -9999 -9999 -9999 -9999 5112 5198 5151 5298 5411 5363 5366 5297 5208 -9999 5190 5164 5197 -9999 -9999 -9999 -9999 -9999 -9999 -9999 5347 5225 5152 5129 5154 5160
5443 5130 5091 5095 5019 5175 5351 5286 5103 4933 4899 4959 4969 4965 4925 4873 4882 4970 4955 4761 4723 4779 4887 4890 4930 5020 5023 5044 4992 4907 4903 4921 4864 4723 4715 4819 4804 4845 4870 4873 4771 4815 4919 4931 5004 5133 5091 -9999 -9999 -9999 -9999 -9999 -9999 -9999 -9999 -9999 -9999 5133 5239 5295 -9999 -9999 -9999 -9999 5131 5120 5168 5191 5112 5146 -9999 -9999 -9999 -9999 5339 5302 5225 5179 5149 5184
5408 5178 5207 5180 5162 5267 5380 5345 5143 4991 4945 5002 5018 5025 4983 4872 4789 4904 4974 4818 4844 4921 4962 5021 5092 5142 5042 5030 4916 4863 4921 4974 4927 4812 4820 4845 4809 4909 4982 4918 4758 4927 5104 -9999 -9999 -9999 -9999 -9999 -9999 -9999 -9999 -9999 -9999 -9999 -9999 -9999 -9999 -9999 -9999 -9999 -9999 -9999 -9999 5091 5016 5132 5154 5111 5043 5124 -9999 -9999 -9999 -9999 -9999 5193 5119 5035 5040 5178
5380 5218 5210 5245 5222 5252 5314 5309 5174 5045 4994 5016 5053 5068 5068 4977 4843 4901 5015 5048 5075 4981 4940 5031 5026 4925 4947 5153 5028 4883 4956 5015 4982 4945 4977 4902 4842 -9999 4867 4912 4942 -9999 -9999 -9999 -9999 -9999 -9999 -9999 -9999 -9999 -9999 -9999 -9999 -9999 -9999 -9999 -9999 -9999 -9999 -9999 -9999 -9999 -9999 -9999 -9999 -9999 5121 5055 5110 5173 5151 5090 -9999 -9999 -9999 -9999 -9999 4880 4943 5105
5350 5225 5179 5242 5196 5160 5201 5243 5206 5079 5018 4973 4978 5005 4969 4933 4939 4990 4987 4952 4941 4848 4860 4957 4960 4908 5052 5264 5088 4919 4994 -9999 -9999 -9999 -9999 -9999 -9999 -9999 -9999 -9999 -9999 -9999 -9999 -9999 -9999 -9999 -9999 -9999 5096 5189 5197 5140 5193 5079 5029 5126 5074 -9999 -9999 -9999 -9999 -9999 -9999 -9999 -9999 -9999 -9999 5149 5159 5122 5152 5016 -9999 -9999 -9999 -9999 -9999 -9999 4986 5120
5328 5274 5196 5204 5163 5144 5187 5237 5260 5180 5038 4942 4860 4896 4933 4964 5050 5084 5029 4912 4827 4821 4933 5105 5129 5029 5130 -9999 -9999 -9999 -9999 -9999 -9999 -9999 -9999 -9999 -9999 -9999 -9999 -9999 -9999 -9999 -9999 -9999 5011 4904 4930 5026 5100 5152 5175 5161 5148 5020 4997 5043 4960 4998 5048 5059 5184 5099 4907 4859 4953 -9999 -9999 -9999 -9999 -9999 -9999 5251 5142 -9999 -9999 -9999 4967 4936 -9999 -9999
5348 5344 5208 5193 5264 5252 5232 5254 5274 5243 5110 4968 4848 4946 5055 5021 5044 5072 4994 4867 4841 4944 5036 -9999 -9999 -9999 -9999 -9999 -9999 -9999 -9999 -9999 -9999 -9999 -9999 -9999 -9999 -9999 5027 5148 5070 4958 5012 5201 4977 4861 5029 5021 5094 5123 5131 5058 4991 4953 4973 4969 4918 4958 4955 4970 5035 4890 4783 4849 4955 5003 -9999 -9999 -9999 -9999 -9999 -9999 -9999 -9999 -9999 5223 5108 5086 5111 5087
5270 5275 5258 5296 5380 5368 5273 5181 5191 5225 5158 5036 4960 4997 5090 5011 4941 4978 4960 4874 4880 4978 5075 -9999 -9999 -9999 -9999 -9999 -9999 -9999 -9999 5099 -9999 -9999 -9999 -9999 5068 5086 5106 5035 4966 5073 5134 5120 4963 4956 5117 4960 4950 5079 5113 4967 4932 4951 4962 5001 5025 5024 4988 4941 4893 4796 4855 4992 5052 4999 -9999 -9999 -9999 -9999 -9999 -9999 -9999 -9999 -9999 5183 5139 5182 5162 4979
5285 5228 5305 5331 5304 5262 5212 5146 5119 5162 5136 5019 4950 4908 5031 5013 4930 5023 5053 4949 4900 4919 5065 -9999 -9999 -9999 5050 5087 5142 5142 5111 5077 5028 4953 4887 4972 5012 5022 5068 4996 4910 4975 4961 4971 5025 4848 4936 5073 5053 5102 5127 4993 5047 5048 5002 5074 5102 5102 5072 4995 4923 4896 4959 5082 5119 5054 -9999 -9999 -9999 -9999 -9999 -9999 -9999 -9999 -9999 5114 5137 5251 5337 5259
