test/g2lab/icchange/view/profile/olddata/change-2010-03-b4.txt
ncols         452
nrows         411
xllcorner     527595,50307841
yllcorner     5934256,8476051
cellsize      5
NODATA_value  -9999
[rows 180 to 215 of 411, columns 80 to 159 of 452]
-9999 -9999 -9999 -9999 -9999 -9999 -9999 4693 -9999 4327 4394 4479 4393 4194 4258 -9999 -9999 -9999 -9999 -9999 -9999 -9999 -9999 -9999 -9999 -9999 -9999 -9999 -9999 -9999 -9999 -9999 -9999 -9999 -9999 -9999 -9999 -9999 -9999 -9999 3343 -9999 -9999 -9999 -9999 -9999 -9999 -9999 -9999 -9999 -9999 -9999 -9999 -9999 -9999 -9999 -9999 -9999 -9999 -9999 -9999 -9999 -9999 -9999 -9999 -9999 -9999 -9999 -9999 -9999 -9999 -9999 -9999 -9999 4324 4380 4350 4496 4574 4385
4399 4686 -9999 -9999 -9999 -9999 -9999 4504 4356 4379 4506 4469 4280 4139 4307 -9999 -9999 -9999 -9999 -9999 -9999 -9999 -9999 -9999 -9999 -9999 -9999 -9999 -9999 -9999 -9999 -9999 -9999 -9999 -9999 -9999 -9999 -9999 -9999 -9999 -9999 -9999 -9999 -9999 -9999 -9999 -9999 -9999 -9999 -9999 -9999 -9999 -9999 -9999 -9999 -9999 -9999 -9999 -9999 -9999 -9999 -9999 -9999 -9999 -9999 -9999 -9999 -9999 -9999 -9999 -9999 -9999 -9999 -9999 -9999 4483 4451 4524 4498 4383
4585 -9999 -9999 -9999 -9999 4858 4684 4381 4356 4412 4440 4340 4183 4172 4300 -9999 -9999 -9999 -9999 -9999 -9999 -9999 -9999 -9999 -9999 -9999 -9999 -9999 -9999 -9999 -9999 -9999 -9999 -9999 -9999 -9999 -9999 -9999 -9999 -9999 -9999 -9999 -9999 -9999 -9999 -9999 -9999 -9999 -9999 -9999 -9999 -9999 -9999 -9999 -9999 -9999 -9999 -9999 -9999 -9999 -9999 -9999 -9999 -9999 -9999 -9999 -9999 -9999 -9999 -9999 -9999 -9999 -9999 -9999 -9999 4504 4445 4401 4401 4459
4397 4427 4718 4888 4880 5035 4669 4326 4362 4396 4383 4282 4232 4314 4368 4296 -9999 -9999 -9999 -9999 -9999 -9999 -9999 -9999 -9999 -9999 -9999 -9999 -9999 -9999 -9999 -9999 -9999 -9999 -9999 -9999 -9999 -9999 -9999 -9999 -9999 -9999 -9999 -9999 -9999 -9999 -9999 -9999 -9999 -9999 -9999 -9999 -9999 -9999 -9999 -9999 -9999 -9999 -9999 -9999 -9999 -9999 -9999 -9999 -9999 -9999 -9999 -9999 -9999 -9999 -9999 -9999 -9999 -9999 4116 4194 4144 4130 4252 4317
4109 4235 4488 4558 4714 4832 4502 4315 4378 4412 4459 4383 4295 4360 4347 4313 -9999 -9999 -9999 -9999 -9999 -9999 -9999 -9999 -9999 -9999 -9999 -9999 -9999 -9999 -9999 -9999 -9999 -9999 -9999 -9999 -9999 -9999 -9999 -9999 -9999 -9999 -9999 -9999 -9999 -9999 -9999 -9999 -9999 -9999 -9999 -9999 -9999 -9999 -9999 -9999 -9999 -9999 -9999 -9999 -9999 -9999 -9999 -9999 -9999 -9999 -9999 -9999 3861 3984 3759 3586 3593 3712 3843 3825 3845 3894 3981 4031
3924 4023 4248 4287 4506 4555 4331 4369 4450 4512 4588 4461 4396 4469 4355 4272 4357 -9999 -9999 -9999 -9999 -9999 -9999 -9999 -9999 -9999 -9999 -9999 -9999 -9999 -9999 -9999 -9999 -9999 -9999 -9999 -9999 -9999 -9999 -9999 -9999 -9999 3954 3794 3682 -9999 -9999 -9999 -9999 -9999 -9999 -9999 -9999 -9999 -9999 -9999 -9999 -9999 -9999 -9999 -9999 -9999 -9999 -9999 -9999 -9999 -9999 -9999 3723 3989 3708 3575 3764 3803 3741 3738 3794 3753 3897 4045
3801 3848 4064 -9999 -9999 4539 4371 4420 4450 4548 -9999 -9999 4453 4508 4370 4265 4298 4411 -9999 4464 4307 -9999 -9999 -9999 -9999 -9999 -9999 -9999 -9999 -9999 -9999 -9999 4176 -9999 -9999 -9999 -9999 -9999 -9999 -9999 -9999 -9999 4207 4052 3988 3973 3944 3981 3983 3977 3854 3793 -9999 -9999 -9999 -9999 -9999 -9999 -9999 -9999 -9999 -9999 -9999 -9999 -9999 -9999 -9999 -9999 -9999 3823 3749 3881 4081 3998 3802 3720 3844 3872 4081 4230
3914 3724 -9999 -9999 -9999 4520 4359 4294 4347 4504 -9999 4331 -9999 -9999 4345 4286 4299 4387 4428 4463 4339 4198 4238 4255 4247 4168 -9999 -9999 4167 4289 4388 4377 4419 -9999 -9999 -9999 -9999 -9999 -9999 -9999 4438 4388 4234 4053 -9999 4051 3991 4077 4012 3853 3772 3803 3872 3784 3776 3820 3771 3756 3799 3800 -9999 -9999 -9999 -9999 -9999 -9999 -9999 -9999 3256 3674 3955 4280 4306 4133 4039 4087 4174 4181 4199 4175
-9999 -9999 -9999 -9999 -9999 4369 4208 4127 4250 4361 4334 4266 -9999 -9999 4298 4350 4423 4508 4584 4634 4600 4502 4452 4346 4339 4357 4275 4246 4206 4239 4439 4532 4589 -9999 -9999 4700 -9999 4522 4480 4487 4438 4290 4101 -9999 -9999 3988 3928 4057 3823 3582 3634 3689 3696 3655 3670 3894 3985 3892 3864 3809 3753 3734 3811 3959 -9999 -9999 -9999 -9999 3225 3497 4095 4469 4426 4379 4499 4584 4492 4420 4526 4443
-9999 -9999 -9999 -9999 -9999 4115 4076 4089 -9999 4211 4203 4278 -9999 -9999 4346 4469 4544 4579 4633 4678 4693 4603 4522 4477 4529 4515 4443 4495 4450 4451 4563 4529 4658 4847 4713 4501 4424 4453 4500 4434 4270 4124 4134 4118 -9999 -9999 -9999 3865 3598 3404 -9999 -9999 3515 3535 3610 3863 3960 3818 3772 3702 3689 3748 3846 3918 3891 3873 3785 -9999 3284 3425 4016 4477 4459 4557 4678 4724 4712 4658 4684 4621
-9999 -9999 -9999 -9999 -9999 -9999 -9999 -9999 -9999 -9999 -9999 -9999 -9999 -9999 -9999 -9999 4568 4533 4517 4497 -9999 4391 4414 4549 4659 4627 4562 4608 4486 4486 4540 4458 4526 -9999 4470 4359 4332 4415 4463 4304 4117 4124 4279 4287 4126 -9999 3887 3746 3613 -9999 -9999 -9999 -9999 -9999 3572 3678 3754 -9999 3599 3506 3469 3623 3806 3880 3747 3629 3719 3645 3460 3490 3844 4317 4451 4538 4459 4551 4713 4637 4538 4518
-9999 -9999 -9999 -9999 -9999 -9999 -9999 -9999 -9999 -9999 -9999 -9999 -9999 -9999 -9999 -9999 -9999 -9999 -9999 -9999 -9999 -9999 -9999 -9999 -9999 -9999 -9999 -9999 -9999 -9999 -9999 -9999 -9999 -9999 -9999 -9999 -9999 -9999 -9999 4190 4099 4189 4407 4404 4280 4184 4004 3851 3871 4045 3859 3755 -9999 -9999 3766 3778 -9999 -9999 -9999 -9999 3452 3572 3738 -9999 3556 3538 3772 -9999 3727 3679 3833 4210 4485 4416 4086 3991 4318 4518 4511 4443
-9999 -9999 -9999 -9999 -9999 -9999 -9999 -9999 -9999 -9999 -9999 3803 -9999 -9999 -9999 -9999 -9999 -9999 -9999 -9999 -9999 -9999 -9999 -9999 -9999 -9999 -9999 -9999 -9999 -9999 -9999 -9999 -9999 -9999 -9999 -9999 -9999 -9999 -9999 -9999 -9999 4211 4296 -9999 -9999 4185 4026 4004 4024 4027 3900 3949 4095 4032 4143 4122 4021 4061 3976 3800 3720 3754 3859 3831 3663 3679 3924 4054 4073 4014 4057 4243 4552 4285 3719 3406 3999 4671 4682 4601
-9999 -9999 -9999 -9999 -9999 -9999 -9999 -9999 -9999 -9999 3652 3885 4079 4292 -9999 -9999 -9999 -9999 4480 -9999 -9999 4266 4396 -9999 4279 -9999 -9999 -9999 -9999 -9999 -9999 -9999 4218 4176 4180 4182 4141 4131 4144 4172 -9999 -9999 -9999 -9999 -9999 -9999 -9999 -9999 -9999 -9999 3893 3951 4052 4143 4259 4197 4143 4218 4166 3996 -9999 -9999 4075 4013 3887 3842 4028 4269 4344 4338 4204 4237 4492 4205 3597 3340 3905 4633 4662 4717
-9999 -9999 -9999 -9999 -9999 -9999 -9999 -9999 -9999 -9999 3550 3832 4196 4447 -9999 -9999 -9999 4585 4537 4552 4423 4210 4183 4228 4244 4245 4255 4532 4670 -9999 4505 4472 4348 4247 4180 4171 4204 4210 4156 -9999 -9999 -9999 -9999 -9999 -9999 -9999 -9999 -9999 -9999 -9999 -9999 -9999 -9999 -9999 -9999 4073 4056 4110 -9999 4026 4072 4202 4212 4047 3857 3853 4004 4289 4434 4465 4172 4042 4284 4208 3770 3545 3872 4316 4489 4569
-9999 -9999 -9999 -9999 -9999 -9999 -9999 -9999 -9999 -9999 3554 3890 4266 4450 4567 4678 4603 4472 4397 4328 4212 4065 4031 4038 3974 4243 4326 4325 4404 4297 4315 4494 4507 4314 4151 4138 4243 4256 4150 -9999 -9999 -9999 -9999 -9999 -9999 -9999 -9999 -9999 -9999 -9999 -9999 -9999 -9999 -9999 -9999 -9999 -9999 -9999 -9999 -9999 -9999 -9999 -9999 -9999 -9999 4145 4166 4280 -9999 -9999 4161 3986 4155 4213 4021 3923 4059 4237 4371 4368
-9999 -9999 -9999 -9999 -9999 -9999 -9999 -9999 -9999 -9999 3618 4018 4343 4408 4338 4336 4314 4244 4208 4169 4042 3941 4015 3982 3936 4137 4074 4037 4266 4162 4168 4374 4417 4270 4064 4031 4215 4240 4130 -9999 -9999 -9999 -9999 -9999 -9999 -9999 -9999 -9999 -9999 -9999 -9999 -9999 -9999 -9999 -9999 -9999 -9999 -9999 -9999 -9999 -9999 -9999 -9999 -9999 -9999 -9999 -9999 -9999 -9999 -9999 -9999 -9999 4155 4321 4224 4243 4378 4461 4445 4293
-9999 -9999 -9999 -9999 -9999 -9999 -9999 -9999 -9999 3119 3676 4171 4388 4356 4166 4139 4179 4165 4080 4032 3892 3804 -9999 -9999 3830 3939 3827 3972 4192 4115 4050 4109 4165 4082 4019 3985 4026 4115 4091 -9999 -9999 -9999 -9999 -9999 -9999 -9999 -9999 -9999 -9999 -9999 -9999 -9999 -9999 -9999 -9999 -9999 -9999 -9999 -9999 -9999 -9999 -9999 -9999 -9999 -9999 -9999 -9999 -9999 -9999 -9999 -9999 -9999 4287 4349 4283 4357 4355 4415 4552 4361
-9999 -9999 -9999 -9999 -9999 -9999 -9999 -9999 -9999 3339 3708 4146 4300 4299 4226 4185 4179 4113 4031 3964 3821 3721 -9999 -9999 -9999 -9999 -9999 4062 4215 -9999 -9999 3980 3967 3887 4018 3966 3854 4008 4024 -9999 -9999 -9999 -9999 -9999 -9999 -9999 -9999 -9999 -9999 -9999 -9999 -9999 -9999 -9999 -9999 -9999 -9999 -9999 -9999 -9999 -9999 -9999 -9999 -9999 -9999 -9999 -9999 -9999 -9999 -9999 -9999 -9999 4382 4386 4448 4566 4489 4521 4661 4361
-9999 -9999 -9999 -9999 -9999 -9999 -9999 -9999 -9999 3637 3823 4069 4269 4339 4374 4336 4275 4148 4124 4085 3977 -9999 -9999 -9999 -9999 4054 4076 4222 4239 -9999 -9999 -9999 3973 3958 4079 4035 4030 4173 4067 -9999 -9999 -9999 -9999 -9999 -9999 -9999 -9999 -9999 -9999 -9999 -9999 -9999 -9999 -9999 -9999 -9999 -9999 -9999 -9999 -9999 -9999 -9999 -9999 -9999 -9999 -9999 -9999 -9999 -9999 -9999 -9999 4350 4430 4562 4677 4728 4654 4652 4622 4417
-9999 -9999 -9999 -9999 -9999 -9999 -9999 -9999 -9999 3769 3930 4097 4343 4518 4593 4579 4436 4293 4299 4302 -9999 -9999 -9999 4258 4273 4220 4286 4362 4242 4175 4206 4256 4200 4193 4247 4192 4311 4360 4206 -9999 -9999 -9999 -9999 -9999 -9999 -9999 -9999 -9999 -9999 -9999 -9999 -9999 -9999 -9999 -9999 -9999 -9999 -9999 -9999 -9999 -9999 -9999 -9999 -9999 -9999 -9999 -9999 -9999 -9999 -9999 -9999 4211 4476 4691 4719 4662 4631 4609 4543 4470
-9999 -9999 -9999 -9999 -9999 -9999 -9999 -9999 -9999 -9999 4142 4176 4437 4681 4715 4622 4527 4411 4353 4293 4251 4307 4367 4447 4476 4409 4436 4448 4343 4251 4288 4350 4327 4348 4356 4325 4438 4370 -9999 -9999 -9999 -9999 -9999 -9999 -9999 -9999 -9999 -9999 -9999 -9999 -9999 -9999 -9999 -9999 -9999 -9999 -9999 -9999 -9999 -9999 -9999 -9999 -9999 -9999 -9999 -9999 -9999 -9999 -9999 -9999 -9999 4172 4425 4536 4543 4537 4552 4531 4505 4485
-9999 -9999 -9999 -9999 3788 3680 -9999 -9999 -9999 -9999 4391 4287 4449 4580 4525 4434 4409 4259 4109 4090 4000 4035 4178 4311 4424 -9999 -9999 4411 4309 4242 4222 4219 4212 4234 4234 4284 4387 4287 -9999 -9999 -9999 -9999 -9999 -9999 -9999 -9999 -9999 -9999 -9999 -9999 -9999 -9999 -9999 -9999 -9999 -9999 -9999 -9999 -9999 -9999 -9999 -9999 -9999 -9999 -9999 -9999 -9999 -9999 -9999 -9999 -9999 4279 4264 4309 4483 4514 4603 4624 4544 4547
-9999 3950 3854 3944 4084 4110 4044 4011 -9999 -9999 4292 4194 4301 4336 4263 4094 4043 3960 3962 4017 3919 3858 3931 -9999 -9999 -9999 -9999 4179 4220 -9999 4176 4058 3958 3970 4062 4246 4330 -9999 -9999 -9999 -9999 -9999 -9999 -9999 -9999 -9999 -9999 -9999 -9999 -9999 -9999 -9999 -9999 -9999 -9999 -9999 -9999 -9999 -9999 -9999 -9999 -9999 -9999 -9999 -9999 -9999 -9999 -9999 -9999 -9999 -9999 4352 4207 4273 4488 4540 4744 4737 4606 4680
3780 3962 3930 4001 4074 4119 4092 4071 -9999 -9999 4403 4304 4235 4190 4185 4181 4122 4017 4003 4121 4142 4063 3969 3973 -9999 -9999 4285 4160 -9999 -9999 -9999 4059 3880 3908 4078 4285 -9999 -9999 -9999 -9999 4314 4241 -9999 -9999 -9999 -9999 -9999 -9999 -9999 -9999 -9999 -9999 -9999 -9999 -9999 -9999 -9999 -9999 -9999 -9999 -9999 -9999 -9999 -9999 -9999 -9999 -9999 -9999 -9999 -9999 -9999 4307 4304 4298 4453 4625 4768 4686 4655 4738
3639 3841 3941 3932 3900 4025 4148 4157 -9999 -9999 4701 4650 4388 4206 4272 4525 4649 4485 4344 4418 4509 4405 4267 4239 4315 4382 4485 4399 4288 4324 4337 4252 4034 4022 4220 4347 4301 -9999 -9999 -9999 -9999 -9999 -9999 -9999 -9999 -9999 -9999 3956 3918 -9999 -9999 -9999 -9999 -9999 -9999 -9999 -9999 -9999 -9999 -9999 -9999 -9999 -9999 -9999 -9999 -9999 -9999 -9999 -9999 -9999 -9999 4249 4401 4317 4493 4647 4692 4592 4661 4619
3761 3915 3905 3809 3835 3964 4036 4051 -9999 -9999 4761 -9999 4473 4223 4294 4513 4778 4763 4561 4516 4561 4549 4487 4430 4433 4450 4535 4506 4398 4415 4486 4393 4144 4142 4291 4328 4239 -9999 -9999 -9999 -9999 -9999 -9999 -9999 -9999 -9999 -9999 3919 3922 4022 -9999 -9999 -9999 -9999 -9999 -9999 -9999 -9999 -9999 -9999 -9999 -9999 -9999 -9999 -9999 -9999 -9999 -9999 3910 -9999 -9999 4324 4441 4372 4587 4596 4529 4542 4599 4502
4029 4003 3820 3670 3606 3592 3652 3753 4002 4350 4670 4674 4473 4288 4364 4565 4564 4548 4443 4414 4410 4451 4459 4399 4316 4343 4459 4514 4509 4527 4519 4492 4378 4309 4285 4242 4137 -9999 -9999 -9999 -9999 4089 -9999 -9999 -9999 -9999 -9999 3915 3972 -9999 -9999 -9999 -9999 -9999 -9999 -9999 4317 -9999 -9999 -9999 -9999 -9999 -9999 -9999 -9999 -9999 -9999 -9999 3838 3751 -9999 4257 4395 4363 4545 4727 4685 4619 4560 4524
4115 3940 3743 3544 3386 3335 3425 3507 -9999 -9999 -9999 -9999 4551 4404 4483 4492 4271 4302 4413 4451 4408 4397 4440 4469 4491 4654 4696 4477 4444 4538 4624 4660 4556 4377 4278 4313 -9999 -9999 -9999 -9999 -9999 -9999 -9999 -9999 -9999 -9999 -9999 -9999 4021 -9999 -9999 -9999 -9999 -9999 -9999 -9999 -9999 -9999 -9999 -9999 -9999 -9999 -9999 -9999 -9999 -9999 -9999 -9999 -9999 -9999 3851 4137 4427 4464 4558 4840 4862 4789 4672 4484
3954 3884 3835 3738 3508 3469 3508 3410 -9999 -9999 -9999 -9999 4744 4585 -9999 4522 4391 4370 4413 4422 4404 4453 -9999 -9999 4519 4695 4708 4392 4380 4502 4606 4590 4556 4264 4040 4109 4178 4101 -9999 4111 3920 3793 3859 3928 3873 3923 4001 3979 3942 3941 -9999 -9999 -9999 -9999 4125 -9999 -9999 -9999 4035 3947 4091 -9999 -9999 -9999 -9999 -9999 3934 -9999 -9999 -9999 3963 4156 4475 4472 4500 4694 4845 4813 4643 4440
3897 3875 3894 3885 3672 3587 3610 3552 -9999 -9999 -9999 -9999 -9999 -9999 -9999 -9999 -9999 -9999 -9999 -9999 -9999 -9999 -9999 -9999 -9999 -9999 -9999 -9999 4593 4634 4501 -9999 -9999 4708 4303 4011 4164 4364 -9999 -9999 4101 4071 4061 4101 4133 4140 4130 3936 3842 3984 3923 3971 4156 4227 4289 4355 4344 4394 4297 4175 4199 4169 4100 4164 4190 4113 4055 4107 -9999 -9999 -9999 4300 4449 4409 4571 4831 4903 4660 4576 4564
3933 3905 3780 3785 3864 3852 3805 -9999 -9999 -9999 -9999 -9999 -9999 -9999 -9999 -9999 -9999 -9999 -9999 -9999 -9999 -9999 -9999 -9999 -9999 -9999 -9999 -9999 -9999 -9999 -9999 -9999 -9999 4963 4652 4140 4112 4396 -9999 4402 4312 4237 4265 4361 4445 4384 4250 4111 4040 4145 4070 4077 4229 4337 4388 4316 4316 4464 4404 4242 4184 4146 4155 4242 4325 4275 4177 4187 4283 4338 4274 4318 4297 4376 4632 4801 4805 4580 4484 4523
4016 3999 3935 3903 4005 4030 -9999 -9999 -9999 -9999 -9999 4524 4406 4313 -9999 -9999 -9999 4278 4259 4276 4246 4060 -9999 -9999 -9999 -9999 -9999 -9999 -9999 -9999 -9999 4173 4362 4548 4508 4136 4087 4395 4599 4541 4524 4505 4514 4522 4498 4411 4294 4255 4206 4203 4216 4237 4287 4325 4310 4180 4250 4467 4307 4159 4115 4106 4118 4221 4314 4303 4213 4192 4262 4362 4190 4047 4119 4473 4811 4742 4809 4671 4493 4611
4063 3955 3878 3826 3960 4031 3863 -9999 -9999 -9999 4422 4478 -9999 -9999 -9999 -9999 -9999 -9999 4284 -9999 -9999 -9999 -9999 -9999 -9999 -9999 -9999 3793 3585 3624 3893 3941 4036 4235 4382 4138 4099 4407 4493 4506 4535 4544 4572 4626 4634 4591 4473 4356 4286 4247 4278 4306 4300 4264 4247 4219 4273 4348 4193 4205 4272 4260 4188 4178 4240 4246 4223 4176 4175 4239 3957 3810 4118 4575 4937 4870 4862 4641 4498 4688
4172 4046 3906 3846 3924 3958 3884 -9999 -9999 -9999 -9999 -9999 -9999 -9999 -9999 -9999 -9999 -9999 -9999 -9999 -9999 -9999 -9999 -9999 -9999 -9999 -9999 -9999 -9999 -9999 -9999 -9999 -9999 -9999 4584 4215 4192 4486 4460 4465 4421 4385 4414 4533 4636 4656 4610 4538 4477 4403 4345 4328 4338 4361 4411 4452 4418 4380 4294 4263 4297 4376 4361 4259 4310 4414 4413 4312 4159 4101 3964 3923 4222 4486 4982 5059 4876 4662 4552 4532
4103 4085 4013 4029 4036 4114 4064 4044 -9999 -9999 4413 -9999 -9999 -9999 4509 4748 4637 4418 -9999 -9999 -9999 -9999 -9999 -9999 -9999 -9999 -9999 -9999 -9999 -9999 -9999 -9999 -9999 -9999 -9999 -9999 4378 4528 4517 4509 4436 4356 4355 4430 4499 4498 4493 4542 4539 4461 4389 4332 4324 4353 4449 4538 4562 4594 4470 4324 4286 4442 4524 4401 4399 4522 4561 4470 4285 4077 4011 4051 4202 4442 -9999 -9999 4964 4711 4498 4347
