test/g2lab/icchange/view/profile/olddata/change-2010-03-b3.txt
ncols         452
nrows         411
xllcorner     527595,50307841
yllcorner     5934256,8476051
cellsize      5
NODATA_value  -9999
[rows 72 to 107 of 411, columns 160 to 239 of 452]
-9999 -9999 -9999 -9999 -9999 -9999 -9999 -9999 -9999 -9999 -9999 -9999 -9999 -9999 -9999 -9999 -9999 -9999 -9999 -9999 -9999 -9999 -9999 -9999 -9999 -9999 -9999 -9999 -9999 -9999 -9999 -9999 -9999 -9999 3876 -9999 -9999 -9999 -9999 -9999 -9999 -9999 -9999 -9999 -9999 -9999 -9999 2907 3021 -9999 2983 2873 3088 3031 2902 2910 2824 2752 2890 2882 2870 2873 2919 2984 3079 3098 3059 3053 3134 3241 3118 2854 2741 2794 2808 2660 2512 2527 2769 2905
-9999 -9999 -9999 -9999 -9999 -9999 -9999 -9999 -9999 -9999 -9999 -9999 -9999 -9999 -9999 -9999 -9999 -9999 -9999 -9999 -9999 -9999 -9999 -9999 -9999 -9999 -9999 -9999 -9999 -9999 -9999 -9999 -9999 3583 3575 -9999 -9999 -9999 -9999 -9999 -9999 -9999 -9999 -9999 -9999 2890 2972 2846 2824 2882 2682 2611 2814 2849 2794 2870 3039 2839 2798 2878 2857 2798 2769 2780 2863 2951 3012 3087 3098 3150 3167 3080 2952 2930 2952 2909 2746 2627 2635 2704
-9999 -9999 -9999 -9999 -9999 -9999 -9999 -9999 -9999 -9999 -9999 -9999 -9999 -9999 -9999 -9999 -9999 -9999 -9999 -9999 -9999 -9999 -9999 -9999 -9999 -9999 -9999 -9999 -9999 -9999 -9999 3841 3531 -9999 -9999 -9999 -9999 -9999 -9999 -9999 3193 3175 3122 3007 2756 2716 2847 2588 2499 2579 2512 2467 2516 2598 2693 2746 2732 2602 2676 2820 2798 2756 2806 2833 2804 2909 3017 3083 2995 2962 2997 2997 2959 2915 2941 2975 2901 2746 2654 2716
-9999 -9999 -9999 -9999 -9999 -9999 -9999 -9999 -9999 -9999 -9999 -9999 -9999 -9999 -9999 -9999 -9999 -9999 -9999 -9999 -9999 -9999 -9999 -9999 -9999 -9999 -9999 -9999 -9999 3901 -9999 3766 3507 -9999 -9999 3490 3522 3656 3487 3235 3168 3177 3128 2908 2601 2457 2460 2304 2373 2509 2506 2455 2357 2384 2508 -9999 2537 2464 2612 2753 2775 2742 2842 2878 2889 3096 3103 3028 2944 2812 2771 2777 2871 2943 2903 2868 2859 2809 2765 2853
-9999 -9999 -9999 -9999 -9999 -9999 -9999 -9999 -9999 -9999 -9999 -9999 -9999 -9999 -9999 -9999 -9999 -9999 -9999 -9999 -9999 -9999 -9999 -9999 -9999 -9999 -9999 -9999 -9999 4032 -9999 3850 3708 -9999 -9999 3677 3651 3677 3371 3053 2980 3037 3103 2993 2729 2481 2300 2294 2416 -9999 -9999 2464 2388 2363 2478 -9999 2544 2488 2596 2662 2690 2687 2736 2697 2838 3097 3054 3080 3000 2718 2798 2881 2889 2989 2998 2852 2774 2809 2835 2833
-9999 -9999 -9999 -9999 -9999 -9999 -9999 -9999 -9999 -9999 -9999 -9999 -9999 -9999 -9999 -9999 -9999 -9999 -9999 -9999 -9999 -9999 -9999 -9999 -9999 -9999 -9999 4040 -9999 4068 -9999 -9999 -9999 -9999 -9999 3611 3653 3523 3116 2942 2930 3036 3161 3229 3062 2791 2473 2330 -9999 -9999 -9999 -9999 -9999 2509 2477 2543 2599 2551 2542 2554 2565 2618 2662 2602 2760 2976 2993 3175 3127 2896 3072 3051 2847 2787 2837 2848 2790 2788 2854 2900
-9999 -9999 -9999 -9999 -9999 -9999 -9999 -9999 -9999 -9999 -9999 -9999 -9999 -9999 -9999 -9999 -9999 -9999 -9999 -9999 -9999 -9999 -9999 -9999 -9999 -9999 -9999 -9999 -9999 -9999 -9999 -9999 -9999 -9999 -9999 -9999 -9999 3422 3162 3079 3064 3137 3153 3154 3135 2909 2596 2330 2335 -9999 -9999 -9999 -9999 -9999 2391 2461 2628 2579 2486 2471 2492 2572 2618 2592 2682 2820 2913 3009 3038 3039 3111 3026 2884 2804 2843 2959 2893 2747 2798 2796
-9999 -9999 -9999 -9999 -9999 -9999 -9999 -9999 -9999 -9999 -9999 -9999 -9999 -9999 -9999 -9999 -9999 -9999 -9999 -9999 -9999 -9999 -9999 -9999 -9999 -9999 -9999 -9999 -9999 -9999 -9999 -9999 -9999 -9999 3210 -9999 -9999 -9999 -9999 3398 3155 -9999 2940 2802 2829 2792 2613 2409 2426 -9999 -9999 -9999 -9999 -9999 -9999 -9999 -9999 2557 2508 2460 2471 2508 2577 2593 2610 2654 2746 2861 3002 3040 2986 2908 2918 2928 2952 3022 2911 2770 2807 2680
-9999 -9999 -9999 -9999 -9999 -9999 -9999 -9999 -9999 -9999 -9999 -9999 -9999 -9999 -9999 -9999 -9999 -9999 -9999 -9999 -9999 -9999 -9999 -9999 -9999 -9999 -9999 -9999 -9999 -9999 -9999 -9999 -9999 -9999 -9999 -9999 -9999 -9999 -9999 -9999 -9999 -9999 2782 2611 2815 2770 2659 2554 2580 2650 2615 2521 -9999 -9999 -9999 -9999 -9999 2624 2599 2538 2454 2432 2551 2579 2538 2536 2697 2996 3166 3100 2954 2901 2991 2954 3010 3110 3021 2814 2816 2878
-9999 -9999 -9999 -9999 -9999 -9999 -9999 -9999 -9999 -9999 -9999 4206 -9999 -9999 -9999 -9999 -9999 -9999 -9999 -9999 -9999 -9999 -9999 -9999 -9999 -9999 -9999 -9999 -9999 -9999 -9999 -9999 -9999 -9999 -9999 -9999 -9999 -9999 -9999 -9999 -9999 -9999 2716 2623 2786 2708 2616 2654 2752 2742 2798 2768 2444 2485 2738 2629 2665 2723 2702 2639 2460 2464 2626 2606 2613 2728 2926 3231 3351 3225 3079 3055 3056 2877 2928 3006 2924 2746 2778 2977
-9999 -9999 -9999 -9999 -9999 -9999 -9999 -9999 -9999 -9999 -9999 3757 3660 -9999 -9999 -9999 -9999 -9999 -9999 -9999 -9999 -9999 -9999 -9999 -9999 -9999 -9999 3295 3271 3177 3333 3535 3437 3320 3255 3201 2962 -9999 -9999 -9999 3272 2814 -9999 2623 2552 2587 2601 2731 2807 2704 2658 2799 2837 2808 2817 2769 2728 2754 2735 2665 2528 2664 2880 2840 2930 3131 3244 3368 3475 3381 3254 3246 3110 2865 2911 2875 2785 2809 2945 3007
-9999 -9999 -9999 -9999 -9999 3924 -9999 -9999 -9999 -9999 -9999 -9999 3445 -9999 -9999 -9999 3428 3297 -9999 -9999 3200 3029 3265 3315 3345 -9999 3359 3231 3426 3415 3365 3482 3549 3551 3490 3331 3024 -9999 -9999 -9999 3365 2948 2835 2686 2763 -9999 2761 2771 2798 2793 2805 -9999 -9999 3166 3037 3063 3099 2974 2850 2696 2599 2975 3239 3192 3266 3469 3612 3570 3609 3506 3347 3380 3213 3033 3080 3006 2834 2846 2972 2999
-9999 -9999 -9999 3614 -9999 -9999 -9999 -9999 3423 3417 3380 3304 3267 3448 3636 3598 3478 3366 3481 3376 3450 3284 3063 3157 3214 3213 3203 3308 3418 3375 3253 3273 3334 3309 3318 3283 3167 -9999 -9999 -9999 -9999 3166 2707 2443 2673 -9999 -9999 2795 2765 -9999 -9999 -9999 -9999 -9999 -9999 3522 3494 3278 3176 3122 3126 3298 3424 3407 3521 3718 3719 3646 3734 3598 3482 3492 3322 3217 3256 3241 2962 2830 2987 3126
-9999 -9999 3214 3136 3170 3291 3384 3416 3420 3382 3312 3264 3292 3470 3565 3507 3513 3371 3392 3539 3598 3549 3230 3192 3330 3248 3055 3083 3122 3067 3103 3312 3279 3020 2994 3035 3069 -9999 -9999 -9999 -9999 3101 2661 2522 2659 2631 2634 2720 2796 -9999 -9999 -9999 -9999 -9999 -9999 3605 3564 3412 3379 3443 3467 3422 3483 3495 3530 3603 3532 3582 3818 3716 3673 3591 3377 3211 3212 3255 3145 2985 3090 3271
3297 3269 3282 3239 3148 3191 3289 3316 3401 3497 3458 3419 3436 3522 3508 3488 3439 3339 3385 3565 3643 3762 3520 3196 3215 3107 2965 2987 3160 3230 3134 3142 3154 3131 3147 3072 3027 -9999 -9999 -9999 -9999 3168 2797 -9999 -9999 2673 2662 2823 3026 -9999 -9999 -9999 -9999 -9999 3382 3440 3574 -9999 3678 3631 3570 3531 3574 3561 3478 3420 3388 3344 3478 3581 3694 3677 3471 3285 3218 3264 3336 3244 3195 3290
3275 3201 3271 3327 3237 3203 3434 3626 3611 3587 3523 3471 3456 3458 3434 3475 3423 3319 3360 3377 3456 3544 3404 3175 3136 3082 3159 3223 3199 3185 3107 2994 3015 3266 3297 3057 3017 3036 3115 -9999 -9999 3160 2728 -9999 2640 2636 2762 3009 -9999 -9999 -9999 -9999 -9999 3657 3301 3305 3478 3653 -9999 -9999 3829 3672 3564 3574 3605 3449 3263 3060 3114 3383 3516 3529 3458 3381 3370 3269 3190 3255 3293 3323
3477 3253 3180 3204 3163 3144 3519 -9999 3612 3485 3446 3403 3326 3302 3335 3386 3318 3194 3173 3111 3175 3307 3262 3204 3213 3215 3216 3335 3344 3269 3331 3308 3234 3372 3394 3136 3088 3158 -9999 -9999 -9999 3056 2657 -9999 2557 2654 -9999 -9999 -9999 -9999 -9999 -9999 3848 3509 3224 3211 3374 3415 3540 3743 3837 3697 3542 3531 3638 -9999 -9999 -9999 3099 3341 3465 3454 3518 3521 3434 3467 3445 3441 3459 3625
3457 3257 3213 3212 3190 3144 3416 -9999 3404 3360 3287 3196 3122 3194 3316 3347 3294 3121 3056 3088 3124 3237 3292 3288 3375 3356 3277 3382 3479 3477 3519 3369 3224 3281 3469 3424 3234 3168 3225 -9999 -9999 3045 2685 -9999 2617 2719 -9999 -9999 -9999 -9999 -9999 3948 3889 3617 3353 3323 3447 3490 3504 3648 3726 3643 3733 3734 3635 -9999 -9999 -9999 -9999 3334 3436 3468 3584 3653 3588 3570 3607 3555 3534 3674
3343 3341 3377 3352 3158 3050 3201 3302 3186 3103 3056 2986 3012 3158 3283 3360 3347 3204 3184 3275 3235 3282 3363 3410 3580 3475 3274 3352 3360 3452 3574 3329 3102 3193 3387 3431 3219 3031 3029 -9999 3253 2902 2702 2726 2716 2751 2974 -9999 -9999 -9999 -9999 3896 3740 3588 3470 3455 3435 3412 3422 3558 3590 3531 3651 3710 3564 3406 3189 -9999 -9999 3299 3289 3386 3543 3595 3512 3466 3569 3508 3433 3510
3345 3346 3393 3344 3094 2966 3159 3219 3020 2886 2937 2880 2950 3114 3161 3289 3361 3300 3281 3300 3250 3235 3257 3384 3578 3384 3234 3315 3272 3293 3337 3204 3115 3240 3414 3424 3201 2983 2983 -9999 -9999 2931 2763 2704 2875 -9999 3066 -9999 -9999 -9999 -9999 3842 3575 3465 3500 3592 3664 3541 3401 3450 3505 3534 3583 3612 3552 3385 3275 3294 -9999 3093 3066 3243 3415 3422 3463 3581 3780 3787 3633 3511
3430 3418 3313 3228 3144 2933 2925 3061 3059 2931 2998 2895 2982 3073 3035 3159 3281 3272 3194 3187 3149 3103 3102 3269 3393 3219 3210 3274 3213 3164 3126 3101 3111 3206 3331 3336 3203 3021 3012 -9999 -9999 3151 2901 2681 2889 -9999 3157 -9999 -9999 -9999 -9999 3909 3652 3608 3562 3676 3837 3720 3528 3475 3490 3467 3523 3567 3521 3458 3392 3359 3060 2797 2822 3112 3399 3468 3622 3735 3792 3845 3858 3710
3446 3436 3285 3107 3084 3053 2950 3126 -9999 2929 2893 3132 3206 3123 3023 3120 3244 3241 3160 3226 3156 3103 3169 3277 3318 3221 3314 3362 3352 3327 3185 3101 3091 3094 3129 3182 3167 3125 3092 3133 -9999 3288 3006 2698 2785 -9999 -9999 -9999 -9999 -9999 -9999 3954 3601 3633 3716 3753 3707 3561 3409 3436 3518 3333 3398 3544 3502 3527 3519 3343 2930 -9999 -9999 3093 3484 3516 3437 3603 3685 3717 3789 3851
3401 3474 3445 3346 3305 3345 3275 3335 -9999 2946 3068 3476 3423 3328 3288 3349 3392 3295 3268 3368 3235 3240 3366 3401 3415 3419 3494 3515 3589 3560 3316 3086 3004 3014 3033 3116 3198 3226 3138 3132 -9999 -9999 3199 2819 2849 3136 -9999 3420 3499 -9999 -9999 4007 3660 3690 -9999 -9999 3606 3423 3508 3637 3636 3465 3497 3488 3425 3499 3590 3359 2933 2645 2796 3172 3316 3452 3483 3665 3779 3858 3862 3840
3470 3648 -9999 -9999 3543 3470 -9999 -9999 -9999 -9999 -9999 3530 3506 3454 3480 3549 3530 3343 3307 3335 3217 3296 3339 3291 3352 3445 3537 3597 3653 3549 3262 3055 2942 2972 2988 3066 3195 3241 3163 3140 3305 -9999 -9999 2952 2912 3105 -9999 3455 3461 -9999 -9999 4080 3799 3754 -9999 -9999 3607 3557 -9999 -9999 3616 3393 3447 3396 3341 3433 3546 3401 3144 3042 3117 3241 3244 3474 3750 3793 3710 3681 3691 3626
-9999 -9999 -9999 -9999 -9999 -9999 -9999 -9999 -9999 -9999 -9999 3445 3383 3311 3354 3493 3427 3205 3225 3212 3162 3319 3378 3339 3345 3311 3430 3503 3407 3394 3263 3067 2921 2876 2903 2967 3109 3219 3212 3146 3248 -9999 3370 3108 2917 2992 3287 3501 3611 -9999 -9999 4117 3888 3863 -9999 -9999 -9999 -9999 -9999 -9999 3487 3234 3328 3417 3364 3425 3574 3464 3390 3508 3742 3640 3500 3610 3826 3930 3768 3592 3565 3656
-9999 -9999 -9999 -9999 -9999 -9999 -9999 -9999 -9999 -9999 -9999 -9999 3206 3113 3150 3270 3229 3101 3186 3286 3274 3288 3319 3409 3436 3294 3234 3290 3271 3375 3478 3308 3052 2820 2799 2901 3016 3158 3202 3123 3125 -9999 -9999 3390 3064 2977 3294 -9999 -9999 -9999 -9999 -9999 -9999 -9999 -9999 -9999 -9999 -9999 -9999 -9999 3213 3208 3296 3398 3398 3483 3620 3545 3530 3645 -9999 -9999 3818 3857 3889 3895 3835 3714 3586 3546
-9999 -9999 -9999 -9999 -9999 -9999 -9999 -9999 -9999 -9999 -9999 -9999 -9999 -9999 -9999 -9999 -9999 -9999 -9999 -9999 -9999 -9999 -9999 -9999 3095 3109 3134 3260 3331 3209 3208 3251 3129 2919 2817 2984 3144 3236 3242 3158 -9999 -9999 -9999 -9999 3309 3104 3371 3568 -9999 3824 -9999 4013 3985 -9999 -9999 3937 3670 -9999 -9999 -9999 -9999 3333 3471 3537 3558 3475 3516 3565 3596 3568 3601 -9999 3726 3932 4102 3966 3873 3871 3824 3722
-9999 -9999 -9999 -9999 -9999 -9999 -9999 -9999 -9999 -9999 -9999 -9999 -9999 -9999 -9999 -9999 -9999 -9999 -9999 -9999 -9999 -9999 -9999 -9999 -9999 -9999 -9999 -9999 -9999 -9999 -9999 -9999 -9999 -9999 -9999 -9999 -9999 -9999 -9999 -9999 -9999 -9999 -9999 -9999 -9999 3297 3381 3501 3533 3761 -9999 3878 3869 3894 3902 3853 3668 -9999 -9999 -9999 -9999 3313 3431 3578 3614 3478 3530 3564 3541 3659 -9999 -9999 -9999 4133 4305 4133 3970 3935 3959 3878
3263 3288 3340 3332 -9999 -9999 -9999 -9999 -9999 -9999 -9999 -9999 -9999 -9999 -9999 -9999 -9999 -9999 -9999 -9999 -9999 -9999 -9999 -9999 -9999 -9999 -9999 -9999 -9999 -9999 -9999 -9999 -9999 -9999 -9999 -9999 -9999 -9999 -9999 -9999 -9999 -9999 -9999 -9999 -9999 -9999 -9999 3459 3473 -9999 -9999 3716 -9999 -9999 3708 3748 -9999 -9999 -9999 -9999 -9999 -9999 3434 3407 3421 3412 3584 3550 3408 3457 3448 3751 -9999 4108 4095 3997 3945 3937 3853 3742
3240 3127 3098 3163 3236 3380 3432 3316 3322 3187 3031 3100 -9999 3030 2972 3073 -9999 3144 3071 3051 2956 2866 2754 2725 2857 -9999 -9999 2966 2982 3158 -9999 -9999 -9999 -9999 -9999 -9999 -9999 -9999 -9999 -9999 -9999 -9999 -9999 -9999 -9999 -9999 3458 -9999 -9999 3546 3600 -9999 -9999 3679 3672 3795 -9999 -9999 -9999 -9999 -9999 -9999 -9999 3509 3422 3436 3534 3565 3513 3405 3223 3479 3857 3876 3840 3833 3884 3903 3708 3528
3454 3467 3280 3194 3303 3520 3610 3554 3707 3463 3231 3346 3327 3298 3257 3209 3277 3184 3005 3053 3037 2918 2910 2838 2901 3005 3137 3119 2990 3016 3213 3293 3211 3107 3107 3100 2975 2850 3002 3246 -9999 -9999 -9999 -9999 -9999 -9999 -9999 3538 3495 3461 3533 3820 -9999 3950 3845 3890 3953 3821 3693 3518 3404 3537 3509 3389 3473 3368 3300 3324 3291 3257 3292 3439 3663 3711 3679 3702 3787 3788 3560 3357
3539 3658 3627 3509 3514 3589 3649 3720 3850 3694 3499 3505 3439 3443 3435 3323 3363 3398 3303 3307 3241 3219 3252 3097 3071 3123 3086 3159 3151 3145 3258 3336 3160 2933 2813 2942 3013 2803 2809 3056 3285 3358 3194 2986 -9999 -9999 3498 3452 3419 3553 3696 3931 4176 4166 4005 3981 3971 3811 3718 3460 3239 3312 3284 3279 3381 3246 3143 3149 3080 3155 3281 3477 3615 3705 3650 3583 3596 3575 3442 3361
3691 -9999 -9999 3791 3705 3742 3752 3853 3912 3848 3654 3579 3544 3483 3498 3474 3382 3433 3391 3304 3240 3123 3114 3072 3128 3065 2956 3129 3292 3302 3264 3243 3112 2909 2796 2926 2944 2599 2550 2800 3055 3105 3183 3171 -9999 -9999 3324 3715 3622 3642 3784 3873 3954 4114 4173 4103 3998 3830 3760 3747 3570 3414 3323 3273 3302 3206 3168 3178 3238 3485 3394 3326 3463 3657 -9999 -9999 3349 3388 3441 3423
3735 -9999 -9999 3769 3763 3817 3868 -9999 -9999 -9999 3880 3736 3698 3606 3470 3516 3458 3325 3168 3132 3211 3116 3069 3087 3108 3136 3132 3224 3314 3334 3295 3285 3259 3143 2993 2861 2814 2643 2592 2737 2999 3120 3299 3457 3333 2992 3227 -9999 3635 3594 3725 3876 3890 3949 4057 4027 4007 3794 3576 3633 3750 3597 3405 3167 3156 3256 3238 3208 3323 3519 3239 3008 3227 3500 -9999 -9999 -9999 -9999 -9999 -9999
3670 3712 3738 3758 -9999 -9999 -9999 -9999 -9999 -9999 3903 3842 3838 3763 3603 3634 3541 3317 3309 3434 3455 3274 3297 3377 3365 3336 3352 3341 3338 3365 3394 3398 3386 3296 3077 2865 2915 2913 2793 2811 2955 3148 3323 3491 3323 3016 3175 3480 3553 3482 3692 3871 3824 3704 3825 3887 3818 3784 3564 3452 3662 3567 3320 3225 3274 3310 3225 3234 3196 3236 3153 2939 3080 3367 -9999 -9999 -9999 -9999 -9999 -9999
3701 3746 3734 -9999 -9999 -9999 -9999 -9999 -9999 3967 3830 3788 3812 3756 3655 3667 3533 3435 3558 -9999 3550 3261 3242 3316 3325 3308 3444 3441 3343 3266 3326 3400 3351 3264 3115 2999 3059 3037 2942 2954 3072 3241 3357 3444 3423 3168 3113 3357 3459 3463 3668 3793 3761 3704 3908 3812 3644 3848 3780 3687 3764 3614 3400 3412 3463 3340 3196 3189 3003 3198 3396 3108 3128 3319 -9999 -9999 -9999 -9999 -9999 -9999
