test/g2lab/icchange/view/profile/olddata/change-2010-03-b4.txt
ncols         452
nrows         411
xllcorner     527595,50307841
yllcorner     5934256,8476051
cellsize      5
NODATA_value  -9999
[rows 144 to 179 of 411, columns 160 to 239 of 452]
-9999 -9999 -9999 -9999 -9999 -9999 -9999 -9999 -9999 -9999 3414 -9999 3554 3614 3667 3772 3796 3755 3754 3788 3722 3594 3542 3453 3332 3259 3363 3493 -9999 3460 3507 3604 3672 3717 3862 3971 3987 4201 4268 4032 4000 4186 4317 4377 4378 4266 4365 4361 4495 4626 4657 4483 4222 4213 4138 -9999 3800 3693 -9999 -9999 3900 3799 3614 3598 3662 3596 3565 -9999 3717 3794 3792 3799 3678 3481 3385 3435 3429 3371 3491 3497
-9999 -9999 -9999 -9999 -9999 -9999 -9999 -9999 -9999 -9999 -9999 -9999 -9999 3640 -9999 -9999 -9999 -9999 -9999 3765 3731 3638 3629 3633 3710 3684 3571 3607 -9999 3488 3478 -9999 3617 3629 3800 3949 4017 4243 4242 4051 4038 4207 4332 4271 4363 4312 4208 4161 4530 4642 4434 4321 4139 4078 4147 3963 3742 3681 -9999 -9999 3942 3885 3683 3564 3617 3637 3742 3861 3847 3872 3852 3789 3625 3414 3380 3470 3488 3530 3671 3587
-9999 -9999 -9999 -9999 -9999 -9999 -9999 -9999 -9999 -9999 -9999 -9999 -9999 -9999 -9999 -9999 -9999 -9999 -9999 3636 3610 3625 3727 3865 4108 3972 3668 3698 3515 3394 3470 -9999 3554 3609 3747 3796 3897 4123 4137 4046 4094 4225 4358 4410 4475 4404 4304 4304 4556 4486 4165 4125 4087 4075 4092 3976 3837 -9999 -9999 -9999 -9999 3942 3834 -9999 3686 3742 3803 3912 -9999 3850 3736 3664 3617 3564 3557 3613 3648 3749 3716 3536
-9999 -9999 -9999 -9999 -9999 -9999 -9999 -9999 -9999 -9999 -9999 -9999 -9999 -9999 -9999 -9999 -9999 -9999 -9999 3446 3415 3513 3691 3861 4009 3773 3597 3684 3410 3359 3512 3527 3571 3684 3784 3689 3796 4011 4030 4036 4063 4162 4287 4364 4451 4516 4586 4595 4553 4365 4025 3969 4047 3947 3863 3856 3897 3748 -9999 -9999 -9999 3998 -9999 -9999 -9999 3698 3676 -9999 -9999 3867 3732 3674 3742 3790 3757 3764 3798 3836 3715 3509
-9999 -9999 -9999 -9999 -9999 -9999 -9999 -9999 -9999 -9999 -9999 -9999 -9999 -9999 -9999 -9999 -9999 3311 -9999 3429 3339 3343 3518 -9999 3676 3491 3499 3572 3386 -9999 3541 3535 -9999 3810 3879 3748 3835 3957 3975 3996 4012 4066 4141 4155 4293 4481 4539 4574 4406 4223 3915 3824 3951 3763 3646 3703 3771 3718 -9999 -9999 -9999 -9999 -9999 -9999 -9999 3759 3710 3863 4028 3963 3792 3734 3821 3871 -9999 3763 3761 3789 3775 3603
4317 4051 -9999 -9999 -9999 -9999 -9999 -9999 -9999 -9999 -9999 -9999 -9999 -9999 -9999 -9999 -9999 -9999 -9999 -9999 -9999 -9999 3416 3580 3521 3370 3405 3458 3429 -9999 3499 3542 3690 3873 3934 3876 3954 3932 3901 3940 3951 3973 4016 4032 4125 4222 4188 4216 4154 4011 3917 3860 3830 3677 3654 3685 3761 3757 -9999 -9999 -9999 -9999 -9999 -9999 -9999 -9999 -9999 4000 4049 3848 3666 3701 3820 3818 -9999 3688 3625 3661 3799 -9999
4572 4431 4380 4379 4451 -9999 -9999 -9999 4134 4165 4081 3869 3754 3552 3514 3537 3454 3374 -9999 -9999 -9999 -9999 -9999 -9999 -9999 -9999 -9999 -9999 -9999 -9999 -9999 -9999 3785 3891 3925 3990 4020 3861 3775 3822 3893 3963 4014 4020 3942 3917 3817 3786 3971 3986 3927 3848 3758 3727 3759 3652 3659 3759 3794 -9999 -9999 -9999 -9999 -9999 -9999 -9999 4010 3948 3890 3594 3424 3631 3829 3774 3620 3656 3493 3539 -9999 -9999
4694 4627 4545 4523 4559 4588 4536 4485 4526 4504 4392 4429 4441 4248 4144 3981 3788 3742 3619 3542 3539 -9999 -9999 3298 -9999 -9999 -9999 -9999 -9999 -9999 -9999 -9999 -9999 3799 3824 4034 4026 3802 3740 3835 3962 3998 3962 3931 3860 3802 3661 3609 3956 3922 3790 3779 3745 3731 3692 3502 3497 3760 3911 3755 -9999 -9999 -9999 -9999 -9999 -9999 -9999 3806 3798 3756 3533 3599 3815 3750 3672 3653 3513 3491 -9999 -9999
4687 4531 4445 4556 4627 4569 4404 4291 4475 4689 4607 4608 4587 4415 4327 4107 3931 3977 3896 3866 3954 3937 3901 3885 3862 3714 3536 3474 -9999 -9999 -9999 -9999 -9999 3969 3927 -9999 -9999 3897 3974 4060 4083 4011 3864 3921 3918 3734 3752 3770 3905 3838 3709 3725 3701 3639 3564 3490 3504 3712 3917 -9999 -9999 -9999 -9999 -9999 -9999 -9999 -9999 3720 3643 3682 3511 3541 3692 3625 3662 3704 3640 3512 3559 3603
4655 4390 4356 4506 4545 4526 4465 4406 4379 4474 4438 4371 4432 4436 4362 4221 4028 3961 3921 4042 4147 4108 4063 4055 4051 3934 3771 3757 3823 -9999 -9999 -9999 -9999 4385 4350 4314 4253 4140 4216 4293 -9999 4040 3910 3938 3907 3769 4031 3842 3847 4036 3785 3816 3905 3743 3691 3731 3727 3723 3836 3849 -9999 -9999 -9999 -9999 -9999 -9999 -9999 3657 3588 3567 3469 3548 3595 3563 3668 3716 3692 3598 3523 3484
4665 4372 4486 4586 4502 4484 4500 4399 4178 4228 4271 4218 4339 4297 4286 4397 4285 4215 4214 4209 4174 4055 3996 4003 3939 3793 3657 3660 3732 3681 -9999 4506 4374 4302 4232 4252 4354 4131 4137 4301 4163 4021 3948 3860 4105 4011 3914 3824 4000 4235 3891 4098 4249 4073 4001 4141 4200 -9999 3970 3975 3899 -9999 -9999 -9999 -9999 3778 3831 3682 3714 3716 3632 3633 3567 3584 3688 3623 3592 3578 3507 3418
4581 4481 4646 4676 4559 4527 4539 4357 4177 4309 4397 4371 4345 4162 4159 4280 4197 4222 4324 4317 4253 4116 3968 3884 3787 3691 3627 3651 3671 3718 3980 4325 4370 4254 4126 4061 4111 4039 4159 4233 4023 3895 3914 3903 3970 3796 3663 4056 4089 4148 4073 4220 4312 4271 4303 4541 4660 -9999 -9999 4290 4186 -9999 -9999 -9999 -9999 3853 3846 3758 3826 3873 3807 3688 3591 3601 3697 3688 3657 3612 3564 3510
4722 -9999 4621 4594 4572 4533 4498 4368 4226 4274 4366 4305 4242 4189 4156 4122 4024 4038 4197 4327 4284 4207 4015 3859 3768 3668 3633 3665 3737 3801 3960 4220 4406 4401 4336 4131 4002 3988 4128 4124 3975 3913 3944 3811 3545 3695 3723 3849 3875 4026 4079 3987 3946 4130 4461 4716 4829 4860 4781 4540 4316 4196 4084 -9999 -9999 3893 3870 3759 3790 3875 3787 3631 3592 3641 3686 3725 3732 3656 3518 3449
-9999 4947 4882 4778 4682 4571 4464 4369 4295 4277 4268 4127 4087 4227 4213 4202 4116 4057 4101 4238 4291 4290 4078 3848 3778 3724 3647 3644 3722 3778 3939 4206 4393 4504 4395 4143 4034 4069 4073 3930 3813 3810 3813 3739 3617 3658 3655 3639 3776 3890 3938 3839 3777 3995 4502 4772 4662 4791 4844 4633 4429 4436 4387 3925 -9999 -9999 3961 3843 3796 3796 3669 3535 3568 3667 3653 3668 3707 3691 3624 3516
4820 4928 4918 -9999 4714 4664 4644 -9999 4452 4304 4377 4511 4372 4377 4429 4469 4339 4230 4235 4369 4472 4379 4135 4000 3999 3954 3740 3585 3641 3730 3941 4221 4378 4557 4523 4332 4346 4329 4262 4139 4018 3879 3741 3650 3536 3571 3705 3661 3701 3790 3718 3825 3949 4033 4410 4746 4684 4680 4796 4775 4646 4579 4332 -9999 -9999 -9999 4083 3900 3857 3804 3637 3487 3526 3671 3665 3686 3723 3724 3733 3650
4662 4715 4737 4647 4551 4542 4546 4554 4464 4267 4302 4489 4371 4441 4565 4523 4338 4326 4472 -9999 -9999 4583 4270 4227 4320 4260 4015 3874 3857 3887 3968 4268 4512 4630 4597 4563 4666 4636 4577 4482 4332 4142 3927 3787 3615 3653 3791 3694 3801 3860 3727 3871 4129 4285 4524 4839 4903 4765 4778 4824 4722 4538 4175 -9999 -9999 3948 4007 3789 3860 3860 3679 3501 3548 3674 3716 3700 3680 3657 3656 3606
4551 4576 4651 4639 4507 4414 4361 4390 4439 4374 4396 4323 4207 4370 4500 4350 4143 4332 4475 4461 4578 4550 4382 4375 -9999 -9999 4216 4285 4152 4033 4047 4291 4461 4435 4434 4464 4534 4503 4484 4406 4313 4272 4113 3951 3847 3817 3837 3786 3938 3993 3893 3852 4041 4453 4775 4913 4842 4700 4726 4797 4747 4545 4115 3677 -9999 -9999 -9999 3596 3719 3866 3714 3561 3657 3610 3584 3601 3612 3576 3506 3460
4572 4554 4616 4651 4618 4487 4417 4393 4359 4357 4434 4268 4124 4264 4438 4395 4202 4357 4449 4355 4358 4424 4461 4447 4467 4362 4235 4305 -9999 -9999 -9999 4180 4206 4137 4132 4103 4108 4108 4129 4066 4029 4094 4034 4018 3991 3913 3912 3924 3968 3968 3983 4074 4191 4537 4907 5055 5007 4845 4786 4792 4693 4523 4333 3907 -9999 -9999 3937 3791 3701 3800 3723 3661 3798 3711 3595 3586 3623 3680 3632 3517
4562 4457 4450 4579 4738 4581 4402 4399 4304 4280 4329 4216 4139 4258 4441 4618 4461 4269 4275 4318 4352 4362 4364 4387 4383 4332 4114 4038 -9999 -9999 -9999 4089 4133 4230 4283 4166 4074 4081 4089 4006 3921 3930 3928 4029 4042 3944 4036 3999 3964 4009 4066 4197 4316 4526 4765 4838 4807 4776 4772 4797 4694 4657 4479 4016 -9999 -9999 3947 3795 3623 3733 3875 3763 3760 3802 3737 3639 3648 3677 3699 3614
4499 4383 4332 4486 4673 4504 4368 4435 4379 4327 4326 4277 4225 4268 4340 4366 4374 4249 4256 4360 4498 4514 4453 4379 4345 4339 4273 4137 -9999 -9999 3798 4045 4190 4456 4539 4428 4353 4190 4176 4219 4090 4065 4066 4080 4019 3967 4082 3998 4032 4103 3985 4064 4227 4349 4405 4358 4331 4402 4513 4547 4492 4493 4239 -9999 -9999 -9999 3727 3590 3540 3670 3846 3726 3633 3728 3699 3438 3452 3610 3608 3510
4433 4476 4449 4466 4579 4540 4471 4476 4465 4423 4365 4291 4198 4253 4269 4207 4295 4323 4315 4398 4507 4521 4442 4352 4265 4221 4219 4110 -9999 3883 3875 4068 4288 4400 4309 4280 4414 4344 4379 4410 4210 4306 4296 4099 4028 3965 3952 3848 3944 4071 3940 4009 4174 4246 4225 4178 4110 4095 4108 4092 4052 4102 4035 -9999 -9999 -9999 -9999 3501 3502 3642 3767 3715 3580 3623 3723 3558 3605 3726 3624 3576
4515 4656 4631 4476 4477 4604 4538 4377 4290 4291 4342 4218 4123 4250 4355 4263 4214 4230 4282 4371 4424 4370 4245 4194 4160 4141 4079 3983 3957 3962 3977 4128 4181 4176 4183 4215 4326 4323 4429 4365 4193 4244 4237 4090 4075 3972 3842 3793 3872 4103 4278 4275 4258 4255 4282 4318 4219 4019 3870 3760 3697 3674 -9999 -9999 -9999 -9999 -9999 3717 3832 3864 3775 3709 3685 3681 3881 3976 3929 3888 3699 3575
4620 4594 4485 4367 4376 4450 4467 4407 4254 4253 4366 4235 4116 4193 4286 4287 4127 4164 4269 4380 4391 4309 4156 4079 4098 4173 4051 3834 3828 3847 3915 4079 4051 4030 4123 4114 4079 4149 4319 4286 4104 4026 4083 4085 3996 3900 3821 3881 4000 3967 4116 4221 4195 4132 4152 4213 4212 4055 3846 3691 3644 3604 3610 -9999 -9999 -9999 3668 3851 4063 4029 3841 3839 3913 3777 3908 3954 3841 3886 3697 3466
4713 4592 4433 4385 4467 4476 4468 4512 4435 4425 4451 4221 4198 4201 4097 4311 4388 4319 4349 4426 4427 4327 4158 4040 4060 4140 4015 3705 -9999 3599 3727 3904 3832 3870 3978 3955 3936 4004 4116 4109 4068 4015 4004 3978 3904 3853 3844 3833 3930 3942 3954 3985 3968 3926 3975 4056 4051 3974 3839 3724 3722 3629 3669 3902 3948 3794 3694 3805 3875 3797 3643 3813 3909 3764 3835 3710 3589 3742 3687 3532
4822 4741 4708 4564 4455 4458 4470 4521 4501 4449 4463 4373 4364 4481 4411 4406 4456 4434 4414 4359 4289 4208 4141 4049 3980 3971 4011 3670 -9999 3480 3597 3714 3707 3691 -9999 -9999 3736 3896 4019 3988 3988 3929 3871 3868 3906 3924 3901 3848 3864 3969 3984 3951 3960 3974 3939 3940 3920 3880 3790 3703 3640 3510 -9999 3889 3918 3855 3815 -9999 -9999 3734 3650 3685 3775 3781 3798 3629 3524 3660 3706 3610
4853 4764 4755 4685 4561 4555 4449 4545 4640 4564 4650 4589 4292 4374 4533 4506 4495 4481 4451 4387 4279 4183 4139 4108 4070 4003 3982 3598 3280 -9999 -9999 3583 3609 3517 -9999 -9999 -9999 -9999 4002 3982 3970 3872 3801 3858 3978 4075 4048 3941 3805 3755 3809 3823 3998 4072 3896 3774 3622 3542 3558 3575 -9999 -9999 3779 3914 3838 3812 3850 3852 3758 3873 3826 3677 3739 3806 3818 3773 3600 3648 3729 3568
4850 4806 4805 4800 4745 4615 4443 4586 4737 4683 4759 4729 4556 4592 4637 4748 4793 4765 4642 4512 4427 4323 4229 4179 4149 4064 3794 3404 -9999 -9999 -9999 -9999 -9999 -9999 -9999 -9999 -9999 -9999 3777 3783 3827 3821 3793 3853 3966 4025 3957 3866 3837 3758 3675 3656 3839 3960 -9999 3766 3477 3317 3391 3465 -9999 -9999 -9999 3892 3840 3871 4043 3947 3793 3897 3887 3795 3831 3785 3807 3772 3594 3647 3679 3479
4853 -9999 4864 4775 4652 4461 4358 4585 4613 4562 4657 4763 4769 4727 4632 4672 4758 4736 4612 4507 4482 4432 4292 4149 4074 4047 3731 3266 -9999 -9999 -9999 -9999 -9999 -9999 -9999 -9999 -9999 -9999 -9999 -9999 -9999 -9999 -9999 3820 3814 -9999 -9999 -9999 -9999 3674 -9999 -9999 -9999 -9999 -9999 -9999 -9999 -9999 -9999 -9999 -9999 -9999 -9999 -9999 3900 3990 4154 4094 3853 3895 3923 -9999 3898 3767 3742 3707 3597 3642 3621 3518
4749 -9999 4863 4707 4502 4337 4366 4524 4443 4457 4606 4745 4658 4561 4598 4655 4655 4544 4436 4371 4390 4394 4292 4125 4011 3977 3771 -9999 -9999 -9999 -9999 -9999 -9999 -9999 -9999 -9999 -9999 -9999 -9999 -9999 -9999 -9999 -9999 -9999 -9999 -9999 -9999 -9999 -9999 -9999 -9999 -9999 -9999 -9999 -9999 -9999 -9999 -9999 -9999 -9999 -9999 -9999 -9999 -9999 4062 4001 4098 4272 -9999 -9999 -9999 -9999 3952 -9999 3783 3756 3634 3572 3617 3606
4490 4569 4757 4624 4373 4397 4461 4481 4364 4529 4729 4762 4655 4542 4589 4659 4669 4605 4511 4471 4435 4386 4308 4226 4138 3998 -9999 -9999 -9999 -9999 -9999 -9999 -9999 -9999 -9999 -9999 -9999 -9999 -9999 -9999 -9999 -9999 -9999 -9999 -9999 -9999 -9999 -9999 -9999 -9999 -9999 -9999 -9999 -9999 -9999 -9999 -9999 -9999 -9999 -9999 -9999 -9999 -9999 4184 4135 3980 4002 4163 3931 3769 3907 3926 3902 3838 3798 3821 3574 3433 3639 3661
4307 4351 4519 4462 4360 4463 4518 4414 4399 4683 4765 4783 4750 4600 4592 4679 4679 4683 4699 4697 4593 4431 4319 4283 4339 -9999 -9999 -9999 -9999 -9999 -9999 -9999 -9999 -9999 -9999 -9999 -9999 -9999 -9999 -9999 -9999 -9999 -9999 -9999 -9999 -9999 -9999 -9999 -9999 -9999 -9999 -9999 -9999 -9999 -9999 -9999 -9999 -9999 -9999 -9999 -9999 -9999 -9999 4056 4111 4003 4006 4027 3896 3761 3783 3885 3912 3875 3793 3743 3639 3534 3613 3571
4354 4377 4442 4415 4321 4387 4455 4360 4436 4655 4575 4606 4717 4659 4651 4652 4623 4640 4732 4753 4635 4457 4316 4292 4391 -9999 -9999 -9999 -9999 -9999 -9999 -9999 -9999 -9999 -9999 -9999 -9999 -9999 -9999 -9999 -9999 -9999 -9999 -9999 -9999 -9999 -9999 -9999 -9999 -9999 -9999 -9999 -9999 -9999 -9999 -9999 -9999 -9999 -9999 -9999 -9999 -9999 -9999 3885 4036 4044 4059 3964 3872 3830 3815 3894 3948 3945 3861 3746 3701 3622 3509 3442
4508 4561 4621 4626 4361 4324 4432 4354 4452 4571 4460 4510 4675 4772 4782 4713 4599 4554 4608 4650 4578 4482 4417 4296 4194 -9999 -9999 -9999 -9999 -9999 -9999 -9999 -9999 -9999 -9999 -9999 -9999 -9999 -9999 -9999 -9999 -9999 -9999 -9999 -9999 -9999 -9999 -9999 -9999 -9999 -9999 -9999 -9999 -9999 -9999 -9999 -9999 -9999 -9999 -9999 -9999 -9999 -9999 3930 4023 4065 4015 3833 3828 3938 3876 3839 3872 3913 3919 3815 3690 3639 3622 3545
4532 4604 4578 4570 4500 4451 4463 4388 4420 4507 4576 4648 4692 4822 4864 4802 4658 4575 4591 4594 4561 4515 4568 4313 3941 3705 3680 -9999 -9999 -9999 -9999 -9999 -9999 -9999 -9999 -9999 -9999 -9999 -9999 -9999 -9999 -9999 -9999 -9999 -9999 -9999 -9999 -9999 -9999 -9999 -9999 -9999 -9999 -9999 -9999 -9999 -9999 -9999 -9999 -9999 -9999 -9999 -9999 4051 4039 4024 3957 3831 -9999 3893 3826 3804 -9999 3865 -9999 -9999 -9999 3619 3593 3496
4427 4466 4367 4448 4615 4512 4452 4408 4405 4498 4676 4724 4562 4664 4805 4768 4680 4613 4594 4568 4522 4528 4556 4255 3906 3797 3803 3505 -9999 -9999 -9999 -9999 -9999 -9999 -9999 -9999 -9999 -9999 -9999 -9999 -9999 -9999 -9999 -9999 -9999 -9999 -9999 -9999 -9999 -9999 -9999 -9999 -9999 -9999 -9999 -9999 -9999 -9999 -9999 -9999 -9999 -9999 -9999 4057 4038 4007 3997 3925 3784 3755 3788 3797 3777 3768 -9999 3769 3674 3501 3406 3356
4377 4392 4352 4367 4396 4373 4433 4492 4458 4445 4507 4517 4411 4530 4647 4594 4494 4455 4470 4466 4433 4449 4379 4169 4033 3996 3955 3681 -9999 -9999 -9999 -9999 -9999 -9999 -9999 -9999 -9999 -9999 -9999 -9999 -9999 -9999 -9999 -9999 -9999 -9999 -9999 -9999 -9999 -9999 -9999 -9999 -9999 -9999 -9999 -9999 -9999 -9999 -9999 -9999 3655 3743 3826 3959 3969 3934 3953 3933 3794 3735 3717 3706 3691 3653 3590 3540 3528 3443 3346 3360
