test/g2lab/icchange/view/profile/olddata/change-2010-03-b1.txt
ncols         452
nrows         411
xllcorner     527595,50307841
yllcorner     5934256,8476051
cellsize      5
NODATA_value  -9999
[rows 216 to 251 of 411, columns 0 to 79 of 452]
-9999 -9999 -9999 -9999 -9999 -9999 -9999 -9999 -9999 4741 4735 4949 -9999 -9999 -9999 5255 5285 -9999 -9999 -9999 -9999 5060 5052 -9999 -9999 -9999 -9999 5049 5130 -9999 5201 5276 5237 5180 5192 -9999 -9999 -9999 -9999 5044 5177 5350 5232 5116 5095 5078 5283 5250 4955 5084 5288 5383 5312 5269 5401 5485 5424 5395 5452 5490 5406 5307 5314 5257 5268 5302 5318 5243 5250 5369 5327 5324 5370 5284 5307 5304 5192 5223 5232 5216
-9999 -9999 -9999 -9999 -9999 -9999 -9999 -9999 -9999 -9999 4949 -9999 -9999 -9999 -9999 5225 5313 -9999 -9999 -9999 -9999 -9999 -9999 -9999 -9999 -9999 -9999 -9999 -9999 -9999 5262 5196 5342 5240 5247 -9999 -9999 -9999 -9999 5021 5191 5223 5108 5118 5195 5204 5169 5016 4911 5099 5219 5275 5296 5231 5169 5168 5184 5313 5386 5334 5188 5277 5371 5254 5248 5316 5355 5321 -9999 -9999 -9999 5488 5532 5462 5404 5310 5197 5210 5186 5094
-9999 -9999 -9999 -9999 -9999 -9999 -9999 -9999 -9999 -9999 -9999 -9999 -9999 -9999 -9999 -9999 -9999 -9999 -9999 -9999 -9999 -9999 -9999 -9999 -9999 5232 -9999 -9999 -9999 -9999 5306 5181 5237 5337 -9999 -9999 -9999 -9999 -9999 5059 5220 5205 5057 5048 5222 5251 5152 5113 5191 5254 5132 5123 5123 5167 5203 5171 5198 5344 5490 5371 5203 5351 5432 5303 5324 5351 5382 5399 5489 5552 5511 5507 5418 5349 5312 5280 5253 5224 5165 5075
-9999 -9999 -9999 -9999 -9999 -9999 -9999 -9999 -9999 -9999 -9999 -9999 -9999 -9999 -9999 -9999 -9999 -9999 -9999 -9999 -9999 -9999 -9999 -9999 -9999 -9999 -9999 -9999 -9999 -9999 5214 5182 5232 5358 5076 5072 5194 -9999 -9999 4990 5077 5044 5131 5184 5162 5082 5073 5266 5283 5157 4973 5108 5206 5330 5481 5439 5317 5332 5415 5368 5268 5330 5386 5388 5384 5326 5321 5370 5440 5507 5488 5421 5243 5297 5412 5362 5306 5277 5266 5263
-9999 -9999 -9999 -9999 -9999 -9999 -9999 -9999 -9999 -9999 -9999 -9999 -9999 -9999 -9999 -9999 -9999 -9999 -9999 -9999 -9999 -9999 -9999 -9999 -9999 -9999 -9999 -9999 5234 5219 5246 5308 5202 5144 5091 -9999 -9999 -9999 -9999 5219 5209 5065 5249 5358 5225 5188 5158 5247 5122 5094 5165 5336 5386 5486 5536 5406 5229 5193 5277 5270 5308 5379 5349 5368 5318 5253 5281 5281 5289 5366 5417 5380 5274 5282 5422 5398 5319 5224 5279 5392
-9999 -9999 -9999 -9999 -9999 -9999 -9999 -9999 -9999 -9999 -9999 -9999 -9999 -9999 -9999 5135 -9999 -9999 -9999 -9999 -9999 -9999 -9999 -9999 -9999 -9999 -9999 5153 5136 -9999 -9999 -9999 5184 5175 -9999 -9999 -9999 -9999 -9999 5205 5251 5182 5180 5152 5295 5550 5422 5332 5380 5471 5408 5393 5458 -9999 5540 5436 5301 5251 5300 5281 5286 5297 5256 5269 5196 5152 5242 5199 5178 5252 5277 5294 5263 5162 5200 5236 5160 5091 5187 5355
-9999 -9999 -9999 -9999 -9999 -9999 -9999 -9999 -9999 -9999 -9999 -9999 -9999 -9999 5017 5216 -9999 -9999 -9999 -9999 -9999 -9999 -9999 -9999 -9999 -9999 -9999 -9999 5244 -9999 -9999 5166 5297 -9999 -9999 -9999 -9999 -9999 -9999 5152 5297 5315 5265 5257 -9999 -9999 -9999 -9999 -9999 -9999 5450 5326 5456 5523 5542 5490 5443 5392 5308 5207 5114 5245 5251 5184 5001 5048 5207 5150 5151 5140 5092 5112 5216 5255 5286 5300 5221 5130 5174 5252
-9999 -9999 -9999 -9999 -9999 -9999 -9999 -9999 -9999 -9999 -9999 -9999 -9999 5145 5125 5336 5217 -9999 -9999 -9999 -9999 -9999 -9999 -9999 -9999 -9999 -9999 -9999 -9999 5135 -9999 -9999 5250 -9999 -9999 -9999 -9999 -9999 -9999 5270 5335 5231 5191 5360 5552 -9999 -9999 -9999 5613 5581 5522 5460 5460 5467 5473 5416 5332 5322 5292 5219 5151 5417 5303 5029 5026 5057 5157 5091 5126 5085 5030 5067 5240 5341 5283 5308 5332 5340 5395 5352
-9999 -9999 -9999 -9999 -9999 -9999 -9999 -9999 -9999 -9999 -9999 -9999 -9999 5079 5152 5288 5230 5251 -9999 -9999 -9999 -9999 -9999 -9999 -9999 -9999 -9999 -9999 -9999 4946 5067 5180 5258 -9999 -9999 -9999 -9999 -9999 -9999 5198 5307 5341 5227 5351 5606 5737 5602 5415 5486 5564 5518 5477 5402 5400 5425 5422 5369 5338 5346 5431 5338 5227 5096 5107 5240 5044 5050 5119 5156 5121 5150 5175 5152 5142 5101 5112 5073 5106 5237 5325
-9999 -9999 -9999 -9999 -9999 -9999 -9999 -9999 -9999 -9999 -9999 -9999 -9999 5131 5107 5176 5232 5248 5206 -9999 -9999 -9999 -9999 -9999 -9999 -9999 5148 -9999 -9999 5023 -9999 -9999 -9999 -9999 -9999 -9999 -9999 -9999 -9999 5226 5278 5469 5340 5458 5680 5531 5446 5307 5269 5254 5303 5373 5383 5440 5510 5523 5497 5414 5360 5377 5286 5088 5098 5243 5261 5026 5023 5157 5204 5139 5189 5266 5178 5066 5098 5202 5168 5097 5083 5163
-9999 -9999 -9999 -9999 -9999 -9999 -9999 -9999 -9999 -9999 -9999 -9999 -9999 5206 5082 5115 5213 5263 5248 -9999 -9999 -9999 -9999 -9999 -9999 -9999 5138 -9999 -9999 -9999 -9999 -9999 -9999 -9999 -9999 -9999 -9999 -9999 -9999 5184 5210 5292 5194 5617 5744 -9999 5404 5373 5239 5137 5178 5345 -9999 5547 5599 5571 5531 5431 5301 5247 5336 5290 5208 5264 5379 5293 5183 5193 5257 5254 5277 5404 5421 5297 5243 5296 5326 5293 5304 5334
-9999 -9999 -9999 -9999 -9999 -9999 -9999 -9999 -9999 -9999 -9999 -9999 -9999 5218 5079 5111 5213 5313 5343 -9999 -9999 -9999 -9999 -9999 -9999 -9999 5170 -9999 -9999 5233 5245 -9999 -9999 5141 -9999 -9999 -9999 -9999 -9999 -9999 5284 5345 5402 -9999 -9999 -9999 5589 5273 5153 5236 5246 5346 5470 5532 5545 5502 5460 5411 5342 5322 5442 5403 5186 5179 5468 5561 5382 5298 5290 5381 5430 5449 5344 5208 5174 5255 5214 5078 5181 5337
-9999 -9999 -9999 -9999 -9999 -9999 -9999 -9999 -9999 -9999 -9999 -9999 5252 5150 5119 5203 5247 5282 5346 -9999 -9999 5268 5326 -9999 5215 5180 -9999 -9999 -9999 5256 5256 5218 5171 5141 -9999 -9999 -9999 -9999 -9999 -9999 5339 5466 5437 -9999 -9999 -9999 5513 5145 5054 5272 5272 5274 5301 5369 5424 5438 5415 5411 5450 5406 5408 5513 5261 5126 5393 5505 5397 5264 5225 5408 5553 5522 5392 5152 5105 5284 5298 5178 5223 5289
-9999 -9999 -9999 -9999 -9999 -9999 -9999 -9999 -9999 -9999 -9999 -9999 5170 5078 5183 5270 5225 5172 5220 5278 5209 5247 -9999 5186 5187 5131 5079 -9999 -9999 5176 5196 5185 5176 5180 5187 -9999 -9999 -9999 -9999 -9999 5312 5348 5109 5060 5274 5299 5279 5117 4963 5016 5114 5133 5125 5227 5361 5439 5447 5399 5380 5329 5391 5548 5343 5135 5215 5259 5354 5280 5178 5314 5384 5340 5382 5213 5167 5333 5353 5322 5312 5292
-9999 -9999 -9999 -9999 -9999 -9999 -9999 -9999 -9999 -9999 -9999 -9999 5225 5117 5183 5255 5185 5105 5142 -9999 5161 -9999 -9999 5149 5139 5110 -9999 -9999 -9999 5114 5107 5103 5125 5177 5228 -9999 -9999 -9999 -9999 5131 5242 5176 5012 5087 5299 5109 5019 4980 4890 4951 5080 5109 5092 5168 5361 5480 5507 5355 5244 5263 5328 5407 5321 5181 5126 5197 5399 5414 5226 5152 5088 5167 5291 5172 5117 5232 5305 5356 5258 5173
-9999 -9999 -9999 -9999 -9999 -9999 -9999 -9999 -9999 -9999 -9999 -9999 -9999 -9999 -9999 -9999 -9999 -9999 -9999 -9999 5174 5264 -9999 5135 5124 5151 -9999 -9999 -9999 5152 5114 5104 5134 5179 -9999 -9999 -9999 -9999 -9999 -9999 5289 5098 5029 5165 5244 5060 4919 4909 5001 5110 5196 5161 5100 5101 5323 5523 5578 5507 5354 5330 5256 5278 5263 5198 5235 5321 5397 5373 5272 5153 5117 5207 5254 5120 5065 5127 5307 5445 5371 5216
-9999 -9999 -9999 -9999 -9999 -9999 -9999 -9999 -9999 -9999 -9999 -9999 -9999 -9999 -9999 -9999 -9999 -9999 -9999 -9999 5181 5224 5159 5140 5091 5086 -9999 -9999 -9999 5166 -9999 5145 -9999 -9999 -9999 -9999 -9999 -9999 -9999 -9999 5263 5058 5016 5060 5131 5039 4951 5055 5146 5182 5248 5248 5141 5072 5313 5401 5308 5365 5392 5392 5359 5481 5387 5243 5396 5355 5228 5168 5319 5371 5294 5266 5179 5100 5141 5144 5313 5499 5464 5426
-9999 -9999 -9999 -9999 -9999 -9999 -9999 -9999 -9999 -9999 -9999 -9999 -9999 5137 -9999 -9999 -9999 -9999 -9999 -9999 -9999 -9999 5123 5133 5070 5025 -9999 -9999 -9999 5065 5067 5115 5182 -9999 -9999 -9999 -9999 -9999 -9999 5240 5099 5048 4988 4981 5061 5110 5117 5216 5233 5185 5222 5277 5207 5123 5260 5143 5001 5115 5233 5394 5484 5510 5413 5306 5529 5533 5194 5047 5308 5391 5225 5109 5015 5124 5247 5219 5277 5391 5419 -9999
5203 5212 5250 -9999 -9999 -9999 -9999 -9999 -9999 -9999 -9999 -9999 -9999 -9999 -9999 -9999 -9999 -9999 -9999 5260 -9999 -9999 5120 5111 5029 -9999 -9999 -9999 5084 5010 4978 5017 5061 -9999 -9999 -9999 -9999 -9999 -9999 5045 4998 5083 5023 4989 5085 5167 5131 5126 5230 5286 5291 5295 5282 5294 5271 5064 5026 5189 5286 5249 5240 5243 5398 5387 5351 5351 5266 5107 5224 5327 5164 4950 4917 5128 5292 5227 5195 5210 5365 -9999
5123 5137 5223 5244 5244 5239 -9999 -9999 -9999 -9999 -9999 -9999 -9999 -9999 -9999 4993 -9999 -9999 -9999 5212 -9999 -9999 -9999 -9999 4845 4966 -9999 -9999 5146 5083 5048 5051 5038 -9999 -9999 -9999 -9999 -9999 -9999 5054 5056 5107 5044 5061 5150 5150 5112 5156 5330 5443 5472 5400 5327 5324 5273 5113 5068 5205 5247 4993 5034 5168 5208 5210 5122 5170 5434 5529 5481 5462 5302 5022 4972 5149 5178 5128 5163 5187 5378 -9999
5184 5113 5168 5190 5135 5255 5227 5198 -9999 -9999 -9999 -9999 -9999 -9999 -9999 -9999 -9999 -9999 -9999 -9999 5020 -9999 -9999 -9999 -9999 4975 -9999 -9999 5108 5101 5133 5164 5134 -9999 -9999 -9999 -9999 -9999 -9999 5162 5173 5120 5064 5118 5240 5289 5299 5364 -9999 -9999 5401 5379 5336 5290 5251 5272 5376 5324 5228 5074 5147 5212 5149 5153 5273 5304 5381 5528 -9999 -9999 -9999 -9999 -9999 -9999 5038 5021 -9999 -9999 -9999 -9999
-9999 5226 5238 5129 5100 5280 5223 5232 -9999 -9999 -9999 -9999 -9999 -9999 -9999 -9999 -9999 -9999 -9999 -9999 4992 5027 -9999 -9999 4986 4945 4902 -9999 4940 5015 5133 5186 5130 5093 -9999 -9999 -9999 -9999 -9999 5278 5287 5178 5109 5164 5382 -9999 -9999 -9999 -9999 5374 5321 5406 5482 -9999 -9999 5522 5602 5435 5393 5332 5291 5372 5325 5240 5294 5265 5264 -9999 -9999 -9999 -9999 -9999 -9999 -9999 -9999 -9999 -9999 -9999 -9999 -9999
5152 5208 5235 5146 5074 5135 5048 5213 5295 -9999 -9999 -9999 -9999 -9999 -9999 -9999 -9999 -9999 -9999 -9999 -9999 -9999 -9999 -9999 4912 4934 4952 -9999 -9999 5063 5080 5128 5142 5100 -9999 -9999 -9999 -9999 -9999 5201 5293 5283 5197 5248 -9999 -9999 -9999 -9999 -9999 -9999 -9999 -9999 -9999 -9999 -9999 -9999 -9999 -9999 -9999 -9999 5390 5538 -9999 -9999 -9999 -9999 -9999 -9999 -9999 -9999 -9999 -9999 -9999 -9999 -9999 -9999 -9999 -9999 -9999 -9999
-9999 5199 5207 5249 5217 5140 5066 5140 -9999 -9999 -9999 -9999 -9999 -9999 -9999 -9999 -9999 4912 5005 5056 -9999 -9999 5041 4959 4989 5029 5104 -9999 -9999 -9999 5148 5081 5091 5082 -9999 -9999 -9999 -9999 -9999 5029 5247 5312 5195 5157 5340 -9999 -9999 -9999 -9999 -9999 -9999 -9999 -9999 -9999 -9999 -9999 -9999 -9999 -9999 -9999 -9999 -9999 -9999 -9999 -9999 -9999 -9999 -9999 -9999 -9999 -9999 -9999 -9999 -9999 -9999 -9999 -9999 -9999 -9999 -9999
5265 5233 5170 5189 5210 5235 5201 -9999 -9999 -9999 -9999 -9999 -9999 -9999 4691 -9999 -9999 5002 5053 5150 -9999 -9999 4886 4926 5020 -9999 -9999 -9999 -9999 5140 5097 5062 5056 5074 -9999 -9999 -9999 -9999 -9999 5061 5203 5243 5124 5026 5174 5408 -9999 5337 5347 5469 -9999 -9999 5336 -9999 -9999 -9999 -9999 -9999 -9999 -9999 -9999 -9999 -9999 -9999 -9999 5665 5428 -9999 -9999 -9999 -9999 -9999 -9999 -9999 -9999 -9999 -9999 -9999 -9999 -9999
5055 5136 5161 5161 5168 5185 -9999 -9999 -9999 -9999 -9999 4527 4671 4706 4640 4753 4896 4988 5024 5191 -9999 -9999 4942 4962 5048 -9999 -9999 -9999 5020 5019 5063 5158 5225 5155 -9999 -9999 -9999 -9999 4994 5075 5186 5216 5187 5261 5252 5275 5283 5210 5224 5361 5604 5641 5456 5557 5613 5631 5611 5534 -9999 -9999 -9999 -9999 -9999 -9999 -9999 5602 5420 5417 5420 -9999 -9999 -9999 -9999 -9999 -9999 -9999 -9999 -9999 -9999 -9999
5212 5225 5233 5217 5211 5227 -9999 -9999 -9999 -9999 -9999 4743 4736 4728 4766 4963 5083 5035 4983 5109 5037 -9999 -9999 -9999 5044 5035 5036 -9999 -9999 -9999 -9999 5185 -9999 -9999 -9999 -9999 -9999 -9999 -9999 5189 5309 5232 5153 5250 5193 5162 5236 5183 5180 5315 5454 5504 5413 5433 5477 5549 5600 5551 -9999 -9999 -9999 -9999 -9999 5665 5555 5618 5461 5208 5205 -9999 -9999 -9999 -9999 -9999 -9999 -9999 -9999 -9999 -9999 -9999
5218 5281 5245 5139 5062 5094 -9999 -9999 -9999 -9999 -9999 4756 4702 -9999 4787 4883 5021 4938 4977 5090 4951 -9999 -9999 -9999 5016 4939 4966 -9999 5156 5187 5139 5101 5165 -9999 -9999 -9999 -9999 -9999 -9999 5343 5448 5346 5174 5137 5144 5199 5262 5241 5234 5347 5468 5469 5356 5323 5475 5616 5705 5625 5449 5596 5828 5754 5501 5396 5454 5587 5416 5151 5220 5236 -9999 -9999 -9999 -9999 -9999 -9999 -9999 -9999 -9999 -9999
5159 5252 5297 5219 5104 5042 -9999 -9999 -9999 -9999 -9999 4738 4762 4837 4844 4850 4864 4761 4886 5110 -9999 -9999 4998 4975 4961 5012 5031 5027 5100 5190 5182 5130 5153 -9999 -9999 -9999 -9999 -9999 -9999 5354 5499 5423 5285 5226 5259 5273 5316 5326 5317 5397 5500 5481 5375 5295 5357 5399 5568 5600 5485 5549 5596 5500 5338 5277 5375 5382 5338 5247 5266 5259 -9999 -9999 -9999 -9999 -9999 -9999 -9999 -9999 -9999 -9999
5150 5151 5175 5179 5170 5103 -9999 -9999 -9999 4680 -9999 -9999 4796 4774 4871 4903 4982 4965 5005 5179 5213 -9999 -9999 5083 5071 5095 5163 5093 5033 5016 5146 5229 5100 -9999 -9999 -9999 -9999 -9999 -9999 -9999 -9999 5444 5372 5370 5350 5299 5304 5359 5410 5484 5571 5537 5417 5278 5277 5389 5572 5603 5502 5516 5424 5376 5365 5202 5219 5282 5297 5270 5177 5092 -9999 -9999 -9999 -9999 -9999 -9999 -9999 -9999 -9999 -9999
5104 5153 5195 5129 5007 -9999 -9999 -9999 -9999 4592 4659 4788 4745 4716 4739 4721 4985 5166 5109 5112 5027 4945 5083 -9999 -9999 4898 4997 5015 4944 4940 5009 5053 4969 -9999 -9999 -9999 -9999 -9999 -9999 -9999 -9999 -9999 5369 5508 5404 5259 5275 5369 5496 5565 5603 5573 5453 5355 5335 5561 5742 5708 5573 5468 5387 5454 5439 5297 5317 5312 5260 5243 5388 -9999 -9999 -9999 -9999 -9999 -9999 -9999 -9999 -9999 -9999 -9999
5199 5300 5395 5360 5106 -9999 -9999 -9999 -9999 4823 4718 4715 4732 4780 4833 4878 5118 5203 5104 5077 5060 -9999 -9999 -9999 5061 4983 5008 4991 5040 5167 5253 5101 4977 -9999 -9999 -9999 -9999 -9999 -9999 -9999 -9999 5400 5390 5536 5388 5259 5327 5433 5550 5589 5588 5608 5609 5530 5385 5526 -9999 -9999 5505 5411 5430 5532 5485 5324 5295 5288 5270 5345 5595 -9999 -9999 -9999 -9999 -9999 -9999 -9999 -9999 -9999 -9999 -9999
5263 5278 5300 5268 5059 -9999 -9999 -9999 -9999 4823 4737 4707 4673 4618 4731 4962 5131 5127 4956 4889 5014 -9999 -9999 -9999 5081 5017 5001 5074 5056 5155 5256 5080 -9999 -9999 -9999 -9999 -9999 -9999 5014 -9999 -9999 5212 5310 -9999 -9999 5266 5369 -9999 -9999 -9999 -9999 -9999 -9999 -9999 -9999 -9999 -9999 -9999 -9999 -9999 -9999 -9999 -9999 5213 -9999 -9999 -9999 5330 -9999 -9999 -9999 -9999 -9999 -9999 -9999 -9999 -9999 -9999 -9999 -9999
5239 5265 5210 -9999 -9999 -9999 -9999 -9999 4760 4780 4681 4766 4750 4665 4774 4867 5071 5195 5155 4962 4914 -9999 -9999 -9999 5141 5000 -9999 -9999 5094 5200 5214 4997 -9999 -9999 -9999 -9999 -9999 -9999 -9999 -9999 -9999 -9999 -9999 -9999 -9999 -9999 -9999 -9999 -9999 -9999 -9999 -9999 -9999 -9999 -9999 -9999 -9999 -9999 -9999 -9999 -9999 -9999 -9999 -9999 -9999 -9999 -9999 -9999 -9999 -9999 -9999 -9999 -9999 -9999 -9999 -9999 -9999 -9999 -9999 -9999
5141 5196 5097 -9999 -9999 -9999 -9999 4673 4798 4843 4747 4776 4736 4785 4942 4888 4988 5202 5279 5188 5047 5047 5010 5005 -9999 -9999 -9999 -9999 5063 5198 5296 5118 -9999 -9999 -9999 -9999 -9999 -9999 -9999 -9999 -9999 -9999 -9999 -9999 -9999 -9999 -9999 -9999 -9999 -9999 -9999 -9999 -9999 -9999 -9999 -9999 -9999 -9999 -9999 -9999 -9999 -9999 -9999 -9999 -9999 -9999 -9999 -9999 -9999 -9999 -9999 -9999 -9999 -9999 -9999 -9999 -9999 -9999 -9999 -9999
5048 5069 4920 4816 -9999 -9999 4689 4651 4638 4725 4719 4681 4674 4660 4757 4764 4888 5041 5074 5064 5038 -9999 -9999 -9999 4865 5020 -9999 5095 4994 4997 5172 5221 5111 -9999 -9999 -9999 -9999 -9999 -9999 -9999 -9999 -9999 -9999 -9999 -9999 -9999 -9999 -9999 -9999 -9999 -9999 -9999 -9999 -9999 -9999 -9999 -9999 -9999 -9999 -9999 -9999 -9999 -9999 -9999 -9999 -9999 -9999 -9999 -9999 -9999 -9999 -9999 -9999 -9999 -9999 -9999 -9999 -9999 -9999 -9999
