test/g2lab/icchange/view/profile/olddata/change-2010-03-b3.txt
ncols         452
nrows         411
xllcorner     527595,50307841
yllcorner     5934256,8476051
cellsize      5
NODATA_value  -9999
[rows 0 to 35 of 411, columns 240 to 319 of 452]
3175 3134 3019 2999 3172 3237 3091 2970 2946 2877 2878 2849 2781 2780 2818 3016 3141 3078 3127 3198 3158 3007 2906 3021 3228 3084 2895 2943 2990 2859 2824 2938 2902 2782 2742 2751 2848 2941 2966 2882 2757 2743 2889 2924 2797 2802 2796 3080 -9999 -9999 -9999 -9999 -9999 -9999 -9999 -9999 -9999 -9999 3087 -9999 -9999 -9999 -9999 -9999 3289 -9999 -9999 -9999 -9999 -9999 3502 3590 -9999 -9999 -9999 -9999 -9999 -9999 -9999 -9999
2799 2874 3050 3106 3137 3148 3009 2901 3071 3073 2905 2901 2864 2895 2983 3165 3201 3068 3053 3123 3146 3091 3020 3125 3225 3065 3023 3137 3208 2932 2736 2852 2905 2866 2791 2754 2799 2862 2867 2808 2768 2816 2940 2912 2674 2663 2914 -9999 -9999 -9999 -9999 -9999 -9999 -9999 -9999 -9999 -9999 -9999 3102 -9999 -9999 -9999 -9999 -9999 -9999 -9999 -9999 -9999 -9999 -9999 -9999 -9999 -9999 -9999 -9999 -9999 -9999 -9999 -9999 -9999
2850 3021 3265 3237 3043 3042 3097 3090 3141 3108 2994 3010 2945 2978 3125 3263 3247 3102 3071 3162 3172 3122 3092 3163 3099 2907 2940 3120 3157 2952 2846 2923 2995 2975 2927 2924 2961 2874 2790 2752 2743 2833 2902 2859 2599 2670 3158 -9999 -9999 -9999 -9999 -9999 -9999 -9999 -9999 -9999 -9999 -9999 3150 -9999 -9999 -9999 -9999 -9999 -9999 3183 3241 3367 -9999 -9999 -9999 3621 -9999 -9999 -9999 -9999 -9999 -9999 -9999 -9999
3194 3254 3295 3280 3142 3150 3266 3160 3063 3218 3226 3108 2991 3017 3118 3186 3195 3098 3096 3214 3123 3041 3058 3122 2965 2786 2843 3003 2975 2776 2711 2865 3001 2969 2939 3015 3066 2927 2866 2776 2657 2675 2870 2900 2742 2702 3032 -9999 -9999 -9999 -9999 -9999 -9999 -9999 -9999 -9999 -9999 -9999 -9999 -9999 -9999 -9999 -9999 -9999 -9999 3109 3164 3334 -9999 -9999 -9999 3446 -9999 -9999 -9999 -9999 -9999 -9999 -9999 -9999
3190 3227 3326 3312 3307 3269 3262 3116 3116 3396 3375 3205 3087 3101 3034 3044 3111 3064 3136 3203 3054 2994 3084 3144 3003 2890 2967 3096 3033 2778 2654 2816 2920 2839 2798 2920 3005 2944 2978 2862 2692 2680 2925 2983 2721 2743 2949 -9999 -9999 -9999 -9999 -9999 -9999 -9999 -9999 -9999 -9999 -9999 -9999 -9999 -9999 -9999 -9999 -9999 3084 2898 2962 3236 -9999 -9999 3424 3290 -9999 -9999 -9999 -9999 -9999 -9999 -9999 -9999
3248 3222 3270 3215 3248 3260 3256 3281 3307 3374 3295 3183 3143 3125 2973 3022 3117 3104 3176 3168 3063 3017 3109 3168 3079 3027 3104 3186 3107 2857 2773 2950 2979 2841 2751 2867 2891 2874 2948 2871 2780 2786 2766 2702 2652 2835 3042 3112 -9999 -9999 -9999 -9999 -9999 -9999 -9999 -9999 -9999 3172 -9999 -9999 -9999 -9999 -9999 -9999 3003 2729 2858 3133 -9999 -9999 3408 3358 -9999 -9999 -9999 -9999 -9999 -9999 -9999 -9999
3196 3215 3195 3203 3294 3348 3381 3459 3386 3361 3320 3215 3133 3008 2821 2913 3068 3107 3142 3102 2985 2969 3059 3091 3007 2976 3051 3097 3003 2776 2723 2888 2963 2871 2863 2988 2946 2941 2913 2778 2647 2732 2789 2650 2611 2806 -9999 -9999 -9999 -9999 -9999 -9999 3122 -9999 -9999 -9999 -9999 3005 -9999 -9999 -9999 -9999 -9999 -9999 -9999 2899 2944 3146 -9999 -9999 3451 3517 -9999 -9999 -9999 -9999 -9999 -9999 -9999 -9999
3217 3308 3383 3290 3258 3372 3382 3377 3429 3388 3325 3206 3032 2851 2855 3013 3000 2975 2959 2977 2904 2906 2990 3020 2937 2888 2934 2991 2853 2637 2667 2859 2927 2798 2871 2968 2905 2927 2891 2770 2675 2727 2850 2738 2629 2786 -9999 -9999 -9999 -9999 -9999 -9999 -9999 -9999 -9999 -9999 -9999 3010 3098 -9999 -9999 -9999 -9999 -9999 -9999 -9999 3091 3251 -9999 -9999 3464 -9999 -9999 -9999 -9999 -9999 -9999 -9999 -9999 -9999
3288 3186 3307 3266 3203 3312 3424 3396 3381 3392 3230 3135 3081 2973 3065 3147 2916 2808 2874 2975 2890 2902 3020 3034 2906 2820 2916 3062 3014 2766 2658 2871 2951 2841 2953 2931 2767 2756 2734 2618 2577 2671 2783 2792 2697 2704 2930 -9999 -9999 -9999 -9999 -9999 -9999 -9999 -9999 -9999 -9999 3089 3128 -9999 -9999 -9999 -9999 -9999 3063 2979 3086 3256 3347 3466 3421 3449 -9999 -9999 -9999 -9999 -9999 -9999 -9999 -9999
3335 3340 3318 3259 3424 3430 3290 3340 3379 3457 3307 3135 3065 3022 3084 3060 2910 2950 3031 3026 2895 2821 2941 3020 2870 2744 2801 2971 2945 2749 2591 2806 2800 2750 2909 2846 2727 2707 2696 2551 2501 2716 2827 2765 2707 2744 2893 -9999 -9999 -9999 -9999 -9999 -9999 -9999 -9999 -9999 -9999 3170 -9999 -9999 -9999 -9999 -9999 -9999 -9999 2903 3091 3277 -9999 3655 3542 3486 -9999 -9999 -9999 -9999 -9999 -9999 -9999 -9999
3430 3530 3355 3109 3247 3339 3207 3387 3405 3185 3048 3127 3004 2927 3107 3151 3072 3098 3100 2958 2826 2841 2888 2940 2820 2800 2788 2802 2743 2671 2788 2964 2762 2712 2763 2620 2518 2539 2613 2557 2449 2561 2739 2710 2752 2928 3080 3080 3064 -9999 -9999 -9999 -9999 -9999 -9999 -9999 -9999 3088 -9999 -9999 -9999 -9999 -9999 -9999 -9999 2953 3247 3337 3490 -9999 -9999 -9999 -9999 -9999 3516 3328 -9999 -9999 -9999 -9999
3372 3290 3252 3202 3289 3291 3270 3234 3353 3147 2991 3231 3166 2922 2905 3031 3059 2957 2922 2803 2853 2979 2868 2868 2834 2772 2793 2881 2900 2713 2757 2890 2789 2839 2797 2559 2444 2461 2484 2403 2284 2444 2731 2696 2782 3016 -9999 3011 2937 -9999 -9999 -9999 -9999 -9999 -9999 -9999 -9999 3154 -9999 -9999 -9999 -9999 -9999 -9999 -9999 3127 -9999 -9999 -9999 3504 -9999 -9999 -9999 -9999 -9999 3385 3332 -9999 -9999 -9999
3508 3316 3221 3330 3371 3138 3277 3338 3277 3190 3135 3092 2943 2869 2851 2939 3045 3126 3043 2916 2915 3025 2963 3000 2836 2702 2905 3049 2961 2726 2739 2828 2794 2761 2644 2488 2485 2563 2489 2402 2463 2607 2738 2671 2732 2894 -9999 2956 3019 -9999 -9999 -9999 -9999 3032 -9999 -9999 -9999 -9999 -9999 -9999 -9999 -9999 -9999 -9999 -9999 -9999 3260 3364 -9999 3491 3480 3535 -9999 -9999 -9999 3387 3240 -9999 -9999 -9999
3424 3186 3185 3240 3292 3218 3316 3319 3121 3072 3265 3235 2977 2981 3153 3147 3014 3087 3149 3043 2861 2884 2872 2799 2724 2723 2914 2987 2942 2852 2947 3059 2920 2665 2505 2473 2501 2554 2526 2566 2752 2782 2610 2556 2684 2765 2831 2910 -9999 -9999 3009 3001 2985 2966 3035 2999 2996 -9999 -9999 -9999 -9999 -9999 -9999 -9999 -9999 3136 3121 3308 -9999 -9999 -9999 -9999 -9999 -9999 -9999 3325 3303 -9999 -9999 -9999
3267 3208 3298 3369 3308 3248 3252 3228 3286 3296 3368 3272 3059 2968 3016 3114 3042 3033 3049 2991 2862 3008 2791 2512 2625 2748 2960 3040 2999 2873 2878 3025 2907 2653 2592 2709 2793 2722 2618 2583 2758 2911 2655 2533 2700 2776 2661 2674 2846 2744 2624 2636 2760 2944 2969 2836 2808 3060 -9999 -9999 3441 3429 -9999 -9999 -9999 3040 3045 3215 3432 -9999 -9999 -9999 -9999 -9999 -9999 3356 -9999 -9999 -9999 -9999
3328 3381 3290 3206 3210 3234 3234 3103 3224 3403 3330 3075 3080 3150 3089 3054 3133 3158 3074 2967 2946 3098 2899 2673 2779 2717 2931 3103 2975 2744 2710 2874 2840 2729 2734 2886 2926 2776 2612 2583 2793 2925 2721 2614 2690 2746 2559 2553 2631 2514 2594 2703 2769 2915 2935 2870 2866 3021 -9999 -9999 -9999 -9999 -9999 -9999 -9999 3057 3124 3192 3305 3487 -9999 -9999 -9999 -9999 3438 3342 -9999 -9999 -9999 -9999
3252 3277 3143 3099 3257 3212 3216 3184 3246 3388 3347 3135 3227 3291 3132 2952 2988 3066 3013 3013 2967 2889 2752 2691 2736 2671 2739 2850 2797 2696 2761 2863 2831 2804 2851 2894 2791 2728 2652 2651 2796 2854 2763 2796 2893 2834 2644 2700 2757 2656 2703 2803 2825 2812 2671 2627 2800 3007 3098 3189 -9999 -9999 -9999 -9999 -9999 -9999 3144 3167 3206 -9999 -9999 -9999 3311 3333 3290 3250 3264 -9999 -9999 3227
3177 3146 3098 3274 3349 3155 3191 3305 3306 3293 3216 3160 3284 3185 3065 3039 3165 3222 3123 3071 3116 2994 2831 2705 2697 2760 2807 2764 2745 2808 2941 2921 2800 2805 2938 2881 2703 2729 2641 2636 2818 2864 2769 2800 2915 2888 2780 2811 2855 2860 2844 -9999 2905 2863 2716 2694 2824 2990 2992 2957 -9999 -9999 -9999 -9999 -9999 -9999 3026 3064 3150 -9999 3371 3117 3116 3165 3151 3129 3084 3068 3069 3065
3205 3153 3146 3352 3347 3117 3180 3341 3344 3247 3149 3212 3259 3026 2940 3103 3299 3407 3214 3041 3260 2998 2784 2807 2716 2673 2708 2801 2794 2821 2904 2921 2842 2864 3024 2987 2754 2704 2676 2713 2879 2944 2822 2749 2849 2910 2936 -9999 -9999 3044 3006 -9999 -9999 -9999 2955 3007 2884 2891 2972 2864 3001 -9999 -9999 -9999 -9999 2932 2878 2902 3020 3162 3181 3060 3042 3082 3085 3040 2986 2984 3011 2997
3307 3243 3226 3332 3292 3167 3241 3444 3396 3192 3130 3251 3319 3133 3108 3161 3272 3356 3300 3146 3156 2866 2736 2874 2737 2704 2784 2909 2833 2721 2813 2982 2987 2917 2969 2963 2775 2734 -9999 -9999 2955 2962 2814 2770 2942 -9999 -9999 -9999 -9999 -9999 -9999 -9999 -9999 -9999 -9999 -9999 3002 3055 -9999 3058 3153 -9999 -9999 -9999 -9999 -9999 2865 2834 2923 3031 3143 3055 3006 3064 3080 3031 2981 2976 2947 2937
3364 3346 3268 3244 3284 3200 3291 3497 3382 3158 3122 3218 3349 3339 3293 3193 3227 3295 3265 3073 2963 3009 2919 2837 2752 2852 2888 2974 3025 2795 2834 -9999 -9999 2858 2787 2870 2814 2832 -9999 2904 2832 2824 2781 2799 2996 -9999 -9999 -9999 -9999 3054 -9999 -9999 -9999 -9999 -9999 -9999 -9999 -9999 -9999 -9999 3198 -9999 -9999 -9999 -9999 -9999 2902 2899 2910 3070 3254 3040 2973 3095 3075 3009 2954 2953 2867 2835
3324 3356 3248 3218 3267 3137 3244 3425 3332 3181 3101 3180 3383 3413 3272 3170 3194 3208 3109 2974 2906 2916 2842 2748 2735 2779 2740 2754 2884 2853 2895 3007 2956 2785 2814 -9999 -9999 2710 2695 2732 2717 2785 2852 2897 2991 -9999 -9999 -9999 -9999 -9999 -9999 -9999 -9999 3020 -9999 -9999 3096 3247 -9999 -9999 -9999 -9999 -9999 -9999 -9999 -9999 2918 2999 2899 2893 3042 3014 2992 3085 3023 2942 2924 2894 2794 2764
3202 3289 3205 3244 3221 3054 3140 3327 3325 3266 3117 3186 3407 3353 3238 3191 3184 3138 3006 2885 2840 2802 2749 2723 2736 2768 2727 2600 2692 2872 2890 2958 2905 2805 -9999 -9999 2737 2620 2723 2864 2835 2984 3096 3047 -9999 -9999 -9999 -9999 -9999 -9999 -9999 -9999 -9999 -9999 -9999 -9999 3070 3218 -9999 -9999 -9999 3313 3311 -9999 -9999 -9999 2938 3088 3031 2849 2892 3059 2943 3061 3126 3016 2944 2871 2771 2763
3147 3228 3143 3244 3215 3075 3103 3268 3342 3275 3085 3192 3429 3364 3300 3222 3135 3078 2948 2828 2812 2782 2771 2777 2823 2838 2803 2734 2807 2925 2917 -9999 2878 2757 -9999 -9999 2811 2787 -9999 -9999 2958 2962 2944 2962 3010 -9999 -9999 -9999 -9999 -9999 -9999 -9999 -9999 -9999 -9999 -9999 3125 -9999 -9999 -9999 -9999 -9999 -9999 -9999 -9999 -9999 2867 2838 2935 2935 2944 2949 2887 3093 -9999 3079 2973 2966 2942 2917
3184 3152 3108 3266 3312 3157 3113 3261 3299 3146 3008 3152 3340 3316 3276 3165 3066 3010 2904 2825 2811 2793 2804 2851 2894 2835 2745 2743 2862 2947 2978 3001 2832 2737 -9999 -9999 2899 2749 -9999 3008 2889 2751 2633 2670 -9999 -9999 -9999 -9999 -9999 -9999 -9999 -9999 -9999 -9999 -9999 -9999 3197 -9999 -9999 -9999 -9999 -9999 -9999 -9999 -9999 3016 2876 2796 2901 3043 3090 3006 2962 3092 3109 2989 2915 2996 3028 2934
3076 2987 3100 3332 3408 3227 3160 3307 3214 3036 2956 3068 3193 3219 3155 3054 2970 2929 2882 2833 2794 2774 2806 2844 2839 2776 2688 2740 2879 2919 -9999 -9999 2821 2786 -9999 -9999 -9999 2860 2912 2926 2857 2880 2928 2803 -9999 -9999 -9999 -9999 -9999 -9999 3135 -9999 -9999 -9999 -9999 -9999 -9999 -9999 -9999 -9999 -9999 -9999 -9999 -9999 -9999 -9999 -9999 3037 2976 2971 2997 2986 3009 3080 3064 2981 2943 2984 2966 2949
3073 3018 3106 3278 3279 3205 3204 3281 3166 3029 2992 3077 3143 3185 3082 2955 2922 2917 2883 2848 2810 2804 2830 2803 2764 2728 2660 2743 2870 2886 -9999 -9999 2823 2862 -9999 -9999 -9999 2856 2943 2979 2863 2891 2978 2902 -9999 -9999 3274 -9999 -9999 -9999 -9999 -9999 -9999 -9999 -9999 -9999 -9999 -9999 -9999 -9999 -9999 -9999 -9999 -9999 -9999 -9999 3068 3096 3014 2885 2887 2961 3021 3073 -9999 3013 3014 3019 2958 2913
3173 3171 3050 3127 3225 3232 3125 3136 3126 3064 3023 3122 3207 3254 3147 2993 2976 2957 2893 2840 2820 2858 2886 2839 2740 2663 2650 2761 2855 2887 -9999 2909 2823 2894 -9999 -9999 -9999 2771 2928 2950 2818 2830 2862 2958 -9999 -9999 -9999 -9999 -9999 -9999 -9999 -9999 -9999 3036 -9999 -9999 -9999 -9999 3046 -9999 -9999 -9999 -9999 -9999 -9999 -9999 2886 2958 2988 2929 2964 3072 -9999 3115 3041 2991 3004 3040 3018 3007
3036 3064 3007 3146 3303 3271 3136 3085 3096 3053 2962 3080 3215 3225 3127 3055 3033 2998 2869 2746 2752 2852 2913 2846 2705 2614 2659 2769 2809 2874 2933 2836 2812 2865 -9999 2814 2724 2770 2963 2947 2793 2790 2835 -9999 -9999 -9999 -9999 -9999 -9999 -9999 -9999 -9999 -9999 -9999 -9999 -9999 -9999 -9999 -9999 -9999 -9999 -9999 -9999 -9999 -9999 -9999 2988 2868 2920 3027 -9999 -9999 3065 3076 3028 2910 2865 2974 3170 -9999
2951 2935 3022 3164 3264 3147 2977 2987 3053 3057 3008 3138 3273 3149 2972 3079 3097 2932 2757 2641 2641 2758 2816 2783 2706 2635 2702 2795 2778 2857 2868 2794 2819 2853 -9999 2772 2723 2831 -9999 2984 2831 2809 2885 -9999 -9999 -9999 -9999 -9999 -9999 -9999 -9999 -9999 -9999 -9999 -9999 -9999 3105 -9999 -9999 -9999 -9999 -9999 -9999 -9999 -9999 2955 -9999 2919 2843 3014 3052 2976 2989 3104 3129 3059 3054 3193 -9999 -9999
3012 2933 2966 3102 3141 3017 2920 2982 3047 3093 3165 3292 3325 3166 2918 3003 3024 2824 2688 2747 2792 2730 2636 2736 2783 2711 2804 2846 2791 2863 2828 2782 2856 -9999 -9999 2687 2685 -9999 -9999 3004 2888 2861 2959 2999 -9999 -9999 -9999 -9999 -9999 -9999 -9999 -9999 3306 3209 -9999 -9999 -9999 -9999 -9999 -9999 -9999 -9999 -9999 -9999 -9999 -9999 -9999 3190 2980 3082 -9999 3125 3158 -9999 -9999 -9999 -9999 -9999 -9999 -9999
3068 3051 2997 3004 3021 2996 3082 3189 3212 3130 3190 3254 3114 3029 2901 2876 2903 2858 2732 2734 2746 2658 2568 2732 2871 2828 2861 2831 2819 2853 2735 2758 2877 -9999 2757 2618 2681 2744 2924 2979 2905 2910 2989 3053 -9999 -9999 -9999 -9999 -9999 -9999 -9999 -9999 -9999 3230 -9999 -9999 -9999 -9999 -9999 -9999 -9999 -9999 -9999 -9999 -9999 -9999 -9999 -9999 -9999 -9999 -9999 -9999 -9999 -9999 -9999 -9999 -9999 -9999 -9999 -9999
3002 3126 3040 2998 2967 2969 3089 3226 3177 3007 3004 2964 2847 2995 2945 2791 2774 2770 2710 2642 2644 2661 2675 2746 2826 2821 2766 2686 2761 2855 2778 2753 2830 2828 2778 2762 2731 2684 2873 2949 2877 2898 2989 -9999 -9999 -9999 -9999 -9999 -9999 -9999 -9999 -9999 -9999 -9999 -9999 -9999 -9999 -9999 -9999 -9999 -9999 -9999 -9999 -9999 -9999 -9999 -9999 -9999 -9999 -9999 -9999 -9999 -9999 -9999 -9999 -9999 -9999 -9999 -9999 -9999
2865 3058 3089 3093 2987 2938 3000 3042 2968 2898 2952 2926 2919 3027 2909 2741 2677 2694 2683 2706 2755 2699 2728 2736 2713 2723 2714 2685 2823 2979 2926 2760 2823 2925 2932 -9999 2789 2688 -9999 2916 2810 2854 -9999 -9999 -9999 -9999 -9999 -9999 -9999 -9999 -9999 -9999 -9999 -9999 -9999 -9999 -9999 -9999 -9999 -9999 -9999 -9999 -9999 -9999 -9999 -9999 -9999 -9999 -9999 -9999 -9999 -9999 -9999 -9999 -9999 -9999 -9999 -9999 -9999 -9999
2969 -9999 3165 3210 3145 3083 3009 2929 2825 2887 3053 3111 3073 2933 2773 2741 2737 2703 2646 2738 2785 2683 2628 2674 2664 2609 2555 2676 2885 -9999 2913 2758 -9999 -9999 -9999 2819 2784 2793 -9999 2838 2750 2844 -9999 -9999 -9999 -9999 -9999 -9999 3179 -9999 -9999 -9999 -9999 -9999 -9999 -9999 -9999 -9999 -9999 -9999 -9999 -9999 -9999 -9999 -9999 -9999 -9999 -9999 -9999 -9999 -9999 -9999 -9999 -9999 -9999 -9999 -9999 -9999 -9999 -9999
3303 -9999 -9999 3082 3034 3135 3142 2967 2766 2809 3059 3135 3073 2893 2739 2782 2808 2657 2486 2586 2721 2650 2441 2469 2606 2624 2556 2652 2887 -9999 2948 2883 -9999 -9999 -9999 2747 2853 -9999 2796 2725 2646 2722 2950 -9999 -9999 -9999 -9999 -9999 -9999 -9999 -9999 -9999 -9999 -9999 -9999 -9999 -9999 -9999 -9999 -9999 -9999 -9999 -9999 -9999 -9999 -9999 -9999 -9999 -9999 -9999 -9999 -9999 -9999 -9999 -9999 -9999 -9999 -9999 -9999 -9999
