test/g2lab/icchange/view/profile/olddata/change-2010-03-b1.txt
ncols         452
nrows         411
xllcorner     527595,50307841
yllcorner     5934256,8476051
cellsize      5
NODATA_value  -9999
[rows 216 to 251 of 411, columns 160 to 239 of 452]
5087 5297 5589 5631 5471 5209 5186 5226 5361 5454 5493 5455 5374 5337 5272 5329 5407 5356 5221 5101 5060 5032 5144 5193 5140 5132 5128 4972 4963 5038 5077 5152 5200 5195 5176 5215 5363 5455 5308 5265 5344 5468 5382 5320 5423 5398 5364 5307 5268 5211 5172 5103 5098 5133 5202 5275 5143 5040 5181 5318 5328 5211 5103 5250 5336 5077 5035 5085 5089 5076 5022 4999 5005 -9999 -9999 -9999 -9999 -9999 -9999 -9999
-9999 5177 5468 5358 5354 5365 5364 5314 5437 5556 5552 5483 5423 5422 5381 5431 5441 5281 5141 5113 5108 5027 5161 5307 5249 5129 5055 5008 4993 4938 4928 5007 5101 5125 5083 5045 5079 5177 5156 5183 5220 5242 5215 5254 5362 5297 5229 5188 5153 5088 5111 5145 5203 5195 5201 5219 5097 5134 5287 5329 5263 5137 5075 5174 5110 4897 4919 4974 4997 4957 4895 4840 4922 -9999 -9999 -9999 -9999 -9999 -9999 -9999
-9999 -9999 -9999 -9999 5146 5212 5232 5195 5310 5420 5390 5280 5290 5356 5416 5394 5403 5318 5217 5278 5300 5190 5219 5255 5241 5205 5138 5134 5096 4971 4874 4902 4979 5055 5082 5072 5084 5031 5039 5116 5119 5105 5121 5068 5167 5233 5173 5150 5106 5010 5062 5059 5081 5260 5261 5171 5087 5214 5215 5149 5198 5188 5217 5251 5220 5070 4991 4993 5073 5092 5044 4897 4894 -9999 -9999 -9999 -9999 -9999 -9999 -9999
-9999 -9999 -9999 -9999 -9999 -9999 4922 -9999 -9999 -9999 -9999 -9999 -9999 5440 5433 5406 5468 5540 5510 5573 5468 5316 5269 5171 5265 5338 5195 5158 5136 5057 4979 4977 5034 5073 5132 5195 5238 5064 4977 5065 5042 5085 5109 5023 5137 5142 5029 5118 5236 5234 5158 4990 5024 5302 5280 5041 5007 5261 5127 5052 5276 5290 5175 5242 5478 5437 5286 5224 5223 5269 5231 5062 4986 -9999 -9999 -9999 -9999 -9999 -9999 -9999
-9999 -9999 -9999 -9999 -9999 -9999 -9999 -9999 -9999 -9999 -9999 -9999 -9999 -9999 5395 5487 5455 5474 5520 5546 5430 5367 5337 5177 5181 5276 5161 5144 5080 5005 5006 5081 5134 5106 5088 5123 5172 5076 4960 5007 5047 5060 5090 5065 5154 5043 4936 5052 5114 5061 4999 5043 5050 5153 5148 5034 5098 5327 5240 5078 5142 5189 5080 5067 5308 5291 5215 5195 5175 5094 5072 5060 5044 -9999 -9999 -9999 -9999 -9999 -9999 -9999
-9999 -9999 -9999 -9999 -9999 -9999 -9999 -9999 -9999 -9999 -9999 -9999 -9999 -9999 5342 5415 5412 5437 5415 5382 5373 5394 5385 5258 5129 5183 5272 5222 5082 4899 4878 4976 5084 5087 5024 4921 4983 5071 4978 5038 5069 4967 5051 5125 5129 5043 4977 5066 5173 5045 5007 5121 5040 5060 5136 5193 5176 5273 5249 5059 4958 5122 5299 5199 5137 5097 5097 5084 5099 5029 5041 5029 4995 -9999 -9999 -9999 -9999 -9999 -9999 -9999
-9999 -9999 -9999 -9999 -9999 -9999 -9999 -9999 -9999 -9999 -9999 -9999 -9999 -9999 5510 5537 5499 5494 5462 5391 5327 5304 5315 5355 5335 5233 5279 5246 5117 4962 4886 4951 5033 5090 5099 5069 5044 5071 5015 5113 5082 4971 5130 5123 5078 5097 5187 5064 5023 5106 5173 5137 4933 4946 5157 5202 4986 4981 5087 5044 4957 5043 5165 5052 4987 5184 5359 5246 5045 4970 5009 5017 5003 -9999 -9999 -9999 -9999 -9999 -9999 -9999
-9999 -9999 -9999 -9999 -9999 -9999 -9999 -9999 -9999 -9999 -9999 -9999 -9999 5269 5277 5402 5497 5478 5399 5301 5230 5209 5200 5189 5187 5142 5192 5148 4998 5010 4982 4977 5011 5034 5052 5109 5081 5041 5056 5137 5086 5066 5164 5061 4998 5071 5156 4970 4799 4981 5079 5054 4933 4960 5131 5166 4964 5078 5133 5080 4981 5015 5043 4953 4919 5065 5246 5159 5029 4867 4798 4946 5096 -9999 -9999 -9999 -9999 -9999 -9999 -9999
-9999 -9999 -9999 -9999 -9999 -9999 -9999 -9999 -9999 -9999 -9999 -9999 -9999 5206 5074 5208 5382 5498 5435 5326 5243 5281 5344 5410 5197 5038 5107 5086 5001 5038 5003 4953 4981 5082 4986 4962 5036 5046 5018 5038 5051 5053 5081 4983 4884 4873 4961 5095 5145 5083 4943 4977 5080 5114 5120 5009 4999 5289 5243 5070 5033 5084 5098 5013 4953 4974 5020 5016 5096 4960 4859 5011 5099 -9999 -9999 -9999 -9999 -9999 -9999 -9999
-9999 -9999 -9999 -9999 -9999 -9999 -9999 -9999 -9999 -9999 -9999 -9999 -9999 5259 5224 5214 5245 5310 5347 5341 5329 5325 5408 5518 5194 4923 5039 5089 5072 5004 4946 4937 5017 5091 4887 4838 4964 4992 4890 4885 4978 4931 4948 4904 4758 4772 4880 4985 5057 4954 4850 4970 5084 5146 5096 5009 4922 4999 5039 5026 5057 5131 5157 5107 5010 4931 4882 4973 5110 4973 4943 5064 5033 -9999 -9999 -9999 -9999 -9999 -9999 -9999
-9999 -9999 -9999 -9999 -9999 -9999 -9999 -9999 -9999 -9999 -9999 -9999 -9999 -9999 5222 5246 5249 5208 5148 5150 5219 5304 5362 5304 5097 4956 5076 5195 5152 5037 4988 5015 5066 5045 4939 4956 5069 5083 4925 4874 5003 5060 5108 5043 4864 4885 4995 4981 4866 4825 4943 -9999 -9999 -9999 -9999 5214 5166 5027 4939 4986 5012 5050 5077 5065 4994 4922 4863 4937 4986 4812 4932 5126 -9999 -9999 -9999 -9999 -9999 -9999 -9999 -9999
-9999 -9999 -9999 -9999 -9999 -9999 -9999 -9999 -9999 -9999 -9999 -9999 -9999 -9999 5263 5261 5332 5389 5376 5311 5289 5317 5403 5335 5138 5043 5159 5273 5202 5088 5067 5121 5085 5032 5054 5237 5258 5182 5097 5087 5107 5140 5136 5241 5189 5072 4974 -9999 -9999 -9999 -9999 -9999 -9999 -9999 -9999 -9999 -9999 -9999 5004 -9999 -9999 -9999 -9999 -9999 -9999 -9999 -9999 -9999 -9999 4786 4883 -9999 -9999 -9999 -9999 -9999 -9999 -9999 -9999 -9999
-9999 5074 5126 -9999 -9999 -9999 -9999 5337 -9999 -9999 -9999 -9999 -9999 -9999 5233 5165 5140 5198 5288 5357 5333 5272 5255 5249 5148 5067 5157 5208 -9999 5042 5096 5139 5080 5102 5118 5197 5190 5040 5000 5115 5151 4990 4896 5070 -9999 -9999 -9999 -9999 -9999 -9999 -9999 -9999 -9999 -9999 -9999 -9999 -9999 -9999 -9999 -9999 -9999 -9999 -9999 -9999 -9999 -9999 -9999 -9999 -9999 -9999 -9999 -9999 -9999 -9999 -9999 -9999 -9999 -9999 -9999 -9999
5163 5104 5092 5182 5187 4981 5153 5213 5017 5164 5265 5151 5188 5266 5182 5121 5083 5047 5074 5152 5221 5224 5170 5138 5077 5013 5067 5026 4928 4924 5041 5094 5063 5135 4932 4879 5022 4969 4987 5097 5155 5029 4922 5029 -9999 -9999 -9999 -9999 -9999 -9999 -9999 -9999 -9999 -9999 -9999 -9999 -9999 -9999 -9999 -9999 -9999 -9999 -9999 -9999 -9999 -9999 -9999 -9999 -9999 -9999 -9999 -9999 -9999 -9999 -9999 -9999 -9999 -9999 -9999 -9999
5097 5121 5063 5081 5011 4929 5031 4978 4877 4937 4975 4950 4929 5135 5118 4981 4954 4985 5017 5038 5024 5010 4996 4970 4985 4941 4914 4895 4834 4838 4940 4976 5014 5034 4868 4859 4971 4937 4997 5067 5038 4888 4891 5008 5036 -9999 -9999 -9999 -9999 -9999 -9999 -9999 -9999 -9999 -9999 -9999 -9999 -9999 -9999 -9999 -9999 -9999 -9999 -9999 -9999 -9999 -9999 -9999 -9999 -9999 -9999 -9999 -9999 -9999 -9999 -9999 -9999 -9999 -9999 -9999
4978 4964 4930 4935 4942 4845 4798 4790 4818 4860 4828 4851 4953 5084 5071 4975 4893 4895 4869 4885 4899 4868 4792 4817 4925 4900 4921 4949 4862 4797 4841 4905 4931 5010 5014 5033 4947 4856 4910 4982 4923 4826 4915 5062 5168 -9999 -9999 -9999 -9999 -9999 -9999 -9999 -9999 -9999 -9999 -9999 -9999 -9999 -9999 -9999 -9999 -9999 -9999 -9999 -9999 -9999 -9999 -9999 -9999 -9999 -9999 -9999 -9999 -9999 -9999 -9999 -9999 -9999 -9999 -9999
4934 4881 4819 4880 5017 4903 4793 4828 4885 5001 5032 4995 4965 4963 4993 5081 5080 5007 4899 4884 4988 5044 4977 4919 4945 4894 5023 5122 4997 4820 4832 4919 4882 4936 5074 5113 4936 4772 4833 4951 4982 4960 5041 5093 5194 5268 -9999 -9999 -9999 -9999 -9999 -9999 -9999 -9999 -9999 -9999 -9999 -9999 -9999 -9999 -9999 -9999 -9999 -9999 -9999 -9999 -9999 -9999 -9999 -9999 -9999 -9999 -9999 -9999 -9999 -9999 -9999 -9999 -9999 -9999
4990 4928 4826 4901 5022 4870 4843 4916 4923 5001 5077 5043 4940 4841 4841 4911 4917 4876 4868 4918 4926 4927 4904 4908 4882 4852 4905 4984 4958 4869 4896 4893 4777 4882 5005 5088 5021 4939 4928 4992 5019 5067 5072 4989 5086 -9999 -9999 -9999 -9999 -9999 -9999 -9999 -9999 -9999 -9999 -9999 -9999 -9999 -9999 -9999 -9999 -9999 -9999 -9999 -9999 -9999 -9999 -9999 -9999 -9999 -9999 -9999 -9999 -9999 -9999 -9999 -9999 -9999 -9999 -9999
4964 4998 4914 4950 4978 4857 4914 4918 4874 4904 5044 5037 4901 4865 4921 4926 4802 4695 4771 4911 4906 4890 4854 4822 4810 4822 4841 4841 4891 4951 5004 5034 4885 4876 4937 4914 4920 5034 5059 4925 4814 4911 4991 4947 5024 -9999 -9999 -9999 -9999 -9999 -9999 -9999 -9999 -9999 -9999 -9999 -9999 -9999 -9999 -9999 -9999 -9999 -9999 -9999 -9999 -9999 -9999 -9999 -9999 -9999 -9999 -9999 -9999 5186 5261 -9999 -9999 -9999 -9999 -9999
4954 5039 5026 5067 5062 4989 4981 4918 4886 4917 5032 5002 4874 4892 5002 5003 4854 4762 4840 4955 4902 4953 4992 4907 4805 4776 4837 4872 4880 4872 4889 4989 4889 4711 4835 4859 4898 5026 5132 4997 4800 4821 4922 4987 5004 5186 -9999 -9999 -9999 -9999 -9999 -9999 -9999 -9999 -9999 -9999 -9999 -9999 -9999 -9999 -9999 -9999 -9999 -9999 -9999 -9999 -9999 -9999 -9999 -9999 -9999 -9999 -9999 5195 5221 -9999 -9999 -9999 -9999 -9999
5087 5074 4948 4947 5074 5121 5043 4915 4885 4938 4980 4948 4840 4847 4947 4944 4828 4787 4901 4936 4845 4808 4808 4824 4801 4774 4788 4831 4853 4840 4750 4671 4763 4835 4902 4904 4947 5022 5069 4893 4743 4791 4817 4770 4944 5271 -9999 -9999 -9999 -9999 -9999 -9999 -9999 -9999 -9999 -9999 -9999 -9999 -9999 -9999 -9999 -9999 -9999 -9999 -9999 -9999 -9999 -9999 -9999 -9999 -9999 5064 5142 5134 5228 -9999 5247 5214 -9999 -9999
5021 5041 4875 4769 4860 4911 4895 4851 4891 4828 4851 4913 4883 4856 4864 4804 4713 4743 4889 4866 4874 4944 4876 4815 4838 4891 4937 4929 4899 4900 4884 4808 4783 4867 4882 4843 4877 4980 4980 4805 4671 4887 5116 4849 4938 5295 -9999 -9999 -9999 -9999 -9999 -9999 -9999 -9999 -9999 -9999 -9999 -9999 -9999 -9999 -9999 -9999 -9999 -9999 -9999 -9999 -9999 -9999 -9999 -9999 -9999 5044 5130 5198 -9999 -9999 5226 5260 -9999 -9999
4904 5047 5012 5031 5059 4923 4862 4894 4997 4833 4827 4985 4955 5009 5040 4953 4803 4773 4863 4847 4828 4904 4916 4857 4762 4759 4824 4875 4864 4824 4744 4754 4780 4809 4814 4754 4747 4849 4934 4880 4794 4936 5141 4914 4925 -9999 -9999 -9999 -9999 -9999 -9999 -9999 -9999 -9999 -9999 -9999 -9999 -9999 -9999 -9999 -9999 -9999 -9999 -9999 -9999 -9999 -9999 -9999 -9999 -9999 -9999 4806 5023 5330 -9999 -9999 -9999 5073 4980 5124
4924 5000 4976 5069 5104 5001 5002 4817 4819 4930 4953 4970 4867 4874 4956 4988 4921 4867 4820 4768 4760 4773 4859 4921 4948 4868 4786 4745 4801 4835 4790 4745 4830 4886 4929 4873 4793 4799 4875 4890 4858 4807 4905 4972 5021 5128 -9999 -9999 -9999 -9999 -9999 -9999 -9999 -9999 -9999 -9999 -9999 -9999 -9999 -9999 -9999 -9999 -9999 -9999 -9999 -9999 -9999 -9999 -9999 -9999 5173 4981 5259 -9999 -9999 -9999 -9999 5229 5179 5084
5010 5033 4994 4956 4953 4991 5043 4866 4842 5040 4922 4910 4875 4823 4874 4854 4832 4879 4853 4844 4895 4848 4805 4848 4950 5014 4972 4891 4850 4849 4858 4782 4721 4816 4912 4955 4898 4880 4948 5042 4986 4811 4839 4962 5000 5215 -9999 -9999 -9999 -9999 -9999 -9999 -9999 -9999 -9999 -9999 -9999 -9999 -9999 -9999 -9999 -9999 -9999 -9999 -9999 -9999 -9999 -9999 -9999 5022 4964 5095 5366 -9999 -9999 -9999 -9999 -9999 5189 5025
5081 5122 5025 4902 4938 5020 5089 5053 4900 4870 4830 4949 4941 4891 5006 4896 4792 4888 4951 4979 4996 4910 4775 4698 4717 4771 4832 4862 4875 4789 4828 4972 4903 4847 4862 4867 4808 4783 4878 5048 5112 4965 4824 4830 5036 5320 -9999 -9999 -9999 -9999 -9999 -9999 -9999 -9999 -9999 -9999 -9999 -9999 -9999 -9999 -9999 -9999 -9999 -9999 -9999 -9999 -9999 -9999 -9999 4957 5020 5112 -9999 -9999 -9999 -9999 -9999 -9999 -9999 -9999
5060 5158 5018 4894 4967 5008 5086 5055 4800 4880 5041 5031 4870 4788 4855 4858 4920 4945 4932 4896 4933 4965 4874 4748 4707 4715 4746 4832 4905 4922 4933 5019 4993 4927 4927 4964 4925 4841 4831 4905 4973 4883 4750 4846 5072 5327 -9999 -9999 -9999 -9999 -9999 -9999 -9999 -9999 -9999 -9999 5294 -9999 -9999 -9999 -9999 -9999 -9999 -9999 -9999 -9999 -9999 -9999 -9999 5061 5164 -9999 -9999 -9999 -9999 -9999 -9999 -9999 -9999 -9999
5017 5113 4978 4956 5027 4981 4988 4998 4885 4870 5029 4947 4733 4789 4971 5019 5094 4951 4750 4757 4858 5001 4990 4880 4775 4774 4804 4862 4930 4961 4819 4854 4934 4871 4846 4934 5013 4984 4940 4957 4961 4798 4785 4973 5005 5187 -9999 -9999 -9999 -9999 -9999 -9999 5321 5318 -9999 -9999 5438 -9999 -9999 -9999 -9999 -9999 -9999 -9999 -9999 -9999 -9999 -9999 5031 5014 -9999 -9999 5260 -9999 -9999 -9999 -9999 5244 -9999 -9999
5021 5084 5000 5056 5052 4953 4933 4928 4901 4754 4826 4968 4873 4846 4998 5059 5004 4886 4757 4795 4834 4906 4917 4870 4813 4826 4877 4896 4846 4806 4732 4822 4982 4885 4778 4863 4976 4939 4888 4882 4901 4776 4851 5024 4902 -9999 -9999 -9999 -9999 -9999 -9999 5385 5360 -9999 -9999 -9999 -9999 -9999 -9999 -9999 -9999 -9999 -9999 -9999 -9999 -9999 -9999 -9999 4934 5049 -9999 -9999 5234 -9999 -9999 -9999 -9999 -9999 5102 5149
5030 5060 5046 5059 5030 4902 4850 4910 4958 4950 4854 4877 4925 4805 4774 4953 4970 4801 4841 4880 4885 4900 4884 4847 4819 4826 4867 4855 4713 4790 4868 4691 4755 4860 4841 4892 4975 4917 4828 4823 4854 4817 4903 4954 4930 5209 -9999 -9999 -9999 -9999 -9999 -9999 -9999 -9999 -9999 -9999 -9999 -9999 -9999 -9999 -9999 -9999 -9999 -9999 -9999 -9999 -9999 5151 4981 5137 -9999 -9999 -9999 -9999 -9999 -9999 -9999 -9999 -9999 5163
4996 5050 5021 4989 5008 4875 4832 4998 4935 4889 4907 4911 4938 4946 4797 4707 4783 4748 4859 4921 4880 4876 4883 4891 4892 4886 4886 4848 4757 4912 5014 4797 4786 4934 4967 4862 4866 4903 4887 4895 5002 4995 4902 4855 5045 -9999 -9999 -9999 -9999 -9999 -9999 -9999 -9999 -9999 -9999 -9999 -9999 -9999 -9999 -9999 -9999 -9999 -9999 -9999 -9999 -9999 -9999 5100 5151 5175 5263 5241 -9999 -9999 -9999 -9999 -9999 -9999 -9999 -9999
4975 5039 4937 4886 4987 4878 4805 4872 4934 4885 4943 5011 4835 4765 4768 4672 4756 4916 4866 4843 4793 4798 4852 4897 4909 4898 4900 4897 4839 4805 4900 4920 4925 4986 5023 4924 4883 4961 4932 4792 4843 4960 4918 4861 5050 -9999 -9999 -9999 -9999 -9999 -9999 -9999 -9999 -9999 -9999 -9999 -9999 -9999 -9999 -9999 -9999 -9999 -9999 -9999 -9999 -9999 -9999 5197 5226 5220 5328 5258 -9999 -9999 -9999 -9999 -9999 -9999 -9999 5091
4978 4924 4974 4973 4970 4870 4966 5000 4949 4818 4771 4798 4743 4790 4899 4911 4803 4867 4877 4821 4758 4728 4756 4797 4806 4823 4870 4876 4908 4871 4881 4814 4731 4776 4916 4967 4935 4951 4888 4776 4822 4980 5082 5051 5065 5359 -9999 -9999 -9999 -9999 -9999 -9999 -9999 -9999 -9999 -9999 -9999 -9999 -9999 -9999 -9999 -9999 -9999 -9999 -9999 -9999 -9999 5216 -9999 -9999 5266 5200 -9999 -9999 -9999 -9999 -9999 -9999 5156 5222
4938 5011 5144 5118 4934 4848 4953 4997 4919 4832 4901 4894 4873 4975 4887 4810 4823 4961 5031 4928 4833 4781 4771 4767 4743 4754 4806 4812 4971 5098 5054 4964 4818 4774 4856 4873 4814 4803 4857 4940 5047 5090 5027 4949 4973 5414 -9999 -9999 -9999 -9999 -9999 -9999 -9999 -9999 -9999 -9999 -9999 -9999 -9999 -9999 -9999 -9999 -9999 -9999 -9999 -9999 5040 5143 5148 5172 5247 5234 -9999 5340 5465 -9999 -9999 -9999 -9999 -9999
5078 5157 5214 5252 5038 4928 4983 5006 5140 5085 4948 4974 5035 5105 5034 4965 5029 5112 5161 5110 5053 5013 4961 4902 4847 4841 4871 4882 4961 4938 4904 4955 4971 4952 4966 4940 4896 4911 4994 4967 4976 5049 4990 4908 4994 -9999 -9999 -9999 -9999 -9999 -9999 -9999 -9999 -9999 -9999 -9999 -9999 -9999 -9999 -9999 -9999 -9999 -9999 -9999 -9999 -9999 5123 5164 5226 5212 5371 -9999 -9999 5220 5288 5267 5144 -9999 -9999 -9999
5191 5250 5412 5471 5201 5158 5229 5196 5341 5204 4943 -9999 -9999 -9999 5200 5199 5130 5153 5216 5258 5255 5213 5138 5072 5055 5065 5071 5073 5049 4890 4889 5039 5074 4962 4929 4989 5118 5181 5183 5143 5130 5150 5119 5163 -9999 -9999 -9999 -9999 -9999 -9999 -9999 -9999 -9999 -9999 -9999 -9999 -9999 -9999 -9999 -9999 -9999 -9999 -9999 -9999 -9999 -9999 -9999 5258 5262 5278 5444 -9999 -9999 -9999 5203 5177 -9999 -9999 -9999 -9999
