test/g2lab/icchange/view/profile/olddata/change-2010-03-b2.txt
ncols         452
nrows         411
xllcorner     527595,50307841
yllcorner     5934256,8476051
cellsize      5
NODATA_value  -9999
[rows 0 to 35 of 411, columns 240 to 319 of 452]
4403 4369 4221 4114 4100 4127 4068 4069 4156 4062 4050 4128 4066 3927 4030 4185 4214 4278 4363 4378 4306 4221 4166 4027 3979 4022 3996 4031 4095 4088 3983 3935 3993 4065 4021 3972 3984 3833 3817 3856 3757 3762 3913 3964 3898 3913 4010 4063 -9999 -9999 -9999 -9999 -9999 -9999 -9999 -9999 -9999 -9999 4004 -9999 -9999 -9999 -9999 -9999 4246 -9999 -9999 -9999 -9999 -9999 4517 4610 -9999 -9999 -9999 -9999 -9999 -9999 -9999 -9999
4157 4196 4234 4180 4158 4158 4088 4145 4184 4088 4111 4166 4133 3944 4026 4267 4324 4323 4279 4223 4155 4142 4140 4037 3993 4030 4030 4074 4083 4021 3954 3976 4075 4115 4004 4007 3991 3832 3928 4019 3919 3881 3998 4047 3955 4031 4134 -9999 -9999 -9999 -9999 -9999 -9999 -9999 -9999 -9999 -9999 -9999 3966 -9999 -9999 -9999 -9999 -9999 -9999 -9999 -9999 -9999 -9999 -9999 -9999 -9999 -9999 -9999 -9999 -9999 -9999 -9999 -9999 -9999
3993 4091 4260 4195 4149 4140 4151 4230 4253 4194 4215 4210 4096 3970 4062 4247 4278 4180 4055 4034 4056 4093 4134 4099 4041 4076 4116 4097 4058 4013 3978 3998 4057 4062 3999 4070 4049 3925 4040 4045 3944 3913 4035 4023 3896 3921 4163 -9999 -9999 -9999 -9999 -9999 -9999 -9999 -9999 -9999 -9999 -9999 4019 -9999 -9999 -9999 -9999 -9999 -9999 4137 4354 4439 -9999 -9999 -9999 4565 -9999 -9999 -9999 -9999 -9999 -9999 -9999 -9999
4100 4190 4249 4173 4116 4108 4157 4207 4229 4223 4217 4192 4133 4050 4096 4143 4168 4138 4062 4048 4101 4098 4093 4066 4032 4045 4096 4096 4062 4049 4011 3962 3960 4034 3983 3908 3941 3972 3999 3939 3831 3835 3955 3937 3844 3876 4046 -9999 -9999 -9999 -9999 -9999 -9999 -9999 -9999 -9999 -9999 -9999 -9999 -9999 -9999 -9999 -9999 -9999 -9999 3897 4063 4315 -9999 -9999 -9999 4489 -9999 -9999 -9999 -9999 -9999 -9999 -9999 -9999
4168 4277 4315 4224 4145 4141 4177 4231 4251 4235 4157 4112 4196 4172 4099 4092 4121 4122 4107 4128 4138 4117 4108 4106 4055 3993 4029 4089 4079 4057 3969 3894 3905 4023 3964 3813 3926 3962 3988 3953 3871 3840 3915 3947 3952 3925 3900 -9999 -9999 -9999 -9999 -9999 -9999 -9999 -9999 -9999 -9999 -9999 -9999 -9999 -9999 -9999 -9999 -9999 4100 3892 3939 4198 -9999 -9999 4324 4410 -9999 -9999 -9999 -9999 -9999 -9999 -9999 -9999
4316 4298 4349 4278 4214 4251 4245 4315 4361 4308 4204 4182 4285 4210 4090 4088 4112 4134 4124 4103 4099 4084 4078 4118 4083 4036 4063 4082 4043 3962 3879 3863 3934 4031 4018 3991 4051 3910 3871 3949 3972 3943 3941 3960 3970 3949 3960 4091 -9999 -9999 -9999 -9999 -9999 -9999 -9999 -9999 -9999 4150 -9999 -9999 -9999 -9999 -9999 -9999 4210 4019 3953 4155 -9999 -9999 4345 4413 -9999 -9999 -9999 -9999 -9999 -9999 -9999 -9999
4267 4285 4331 4241 4235 4282 4246 4375 4437 4357 4302 4252 4239 4158 4071 4070 4117 4141 4094 4034 4012 3983 3997 4048 4029 4006 4026 4039 3982 3875 3809 3802 3904 4000 4029 4026 4015 3905 3819 3820 3870 3871 3933 3948 3881 3853 -9999 -9999 -9999 -9999 -9999 -9999 4056 -9999 -9999 -9999 -9999 4152 -9999 -9999 -9999 -9999 -9999 -9999 -9999 4013 4001 4193 -9999 -9999 4341 4413 -9999 -9999 -9999 -9999 -9999 -9999 -9999 -9999
4187 4345 4359 4272 4310 4275 4217 4345 4352 4267 4257 4209 4136 4083 4050 4083 4138 4134 4052 3948 3909 3915 3939 3956 3931 3941 3979 4001 3967 3850 3777 3792 3890 3924 3904 3927 3954 3950 3868 3750 3734 3791 3911 3977 3901 3813 -9999 -9999 -9999 -9999 -9999 -9999 -9999 -9999 -9999 -9999 -9999 4119 4081 -9999 -9999 -9999 -9999 -9999 -9999 -9999 4096 4203 -9999 -9999 4308 -9999 -9999 -9999 -9999 -9999 -9999 -9999 -9999 -9999
4122 4295 4276 4198 4314 4302 4309 4432 4316 4163 4151 4179 4103 4049 4063 4119 4167 4127 4037 3937 3916 3936 3931 3909 3885 3914 3960 3964 3931 3867 3839 3887 3966 3876 3755 3797 3856 3887 3841 3739 3704 3784 3859 3909 3879 3832 3854 -9999 -9999 -9999 -9999 -9999 -9999 -9999 -9999 -9999 -9999 4083 4207 -9999 -9999 -9999 -9999 -9999 4052 3861 4100 4166 4246 4326 4353 4430 -9999 -9999 -9999 -9999 -9999 -9999 -9999 -9999
4259 4378 4237 4116 4225 4309 4327 4364 4319 4198 4166 4215 4145 4081 4100 4136 4177 4137 4052 3994 4000 3997 3933 3906 3905 3920 3954 3948 3910 3895 3897 3960 4019 3953 3799 3746 3760 3759 3720 3694 3729 3802 3840 3813 3856 3938 4003 -9999 -9999 -9999 -9999 -9999 -9999 -9999 -9999 -9999 -9999 4065 -9999 -9999 -9999 -9999 -9999 -9999 -9999 3923 4050 4213 -9999 4442 4435 4402 -9999 -9999 -9999 -9999 -9999 -9999 -9999 -9999
4347 4413 4300 4238 4286 4336 4242 4262 4362 4354 4319 4244 4151 4126 4131 4162 4175 4148 4060 4025 4063 4017 3916 3917 3939 3968 3980 3962 3915 3884 3879 3944 3994 3999 3922 3837 3798 3727 3647 3643 3703 3759 3757 3747 3835 3979 4060 4032 3951 -9999 -9999 -9999 -9999 -9999 -9999 -9999 -9999 4037 -9999 -9999 -9999 -9999 -9999 -9999 -9999 4050 4021 4221 4398 -9999 -9999 -9999 -9999 -9999 4654 4596 -9999 -9999 -9999 -9999
4308 4325 4264 4277 4307 4317 4273 4318 4394 4397 4348 4159 4077 4162 4189 4201 4177 4138 4061 3997 4035 3975 3905 3926 3947 3981 3992 3982 3949 3904 3882 3915 3878 3796 3753 3730 3724 3716 3693 3729 3821 3858 3845 3770 3789 3900 -9999 3981 3980 -9999 -9999 -9999 -9999 -9999 -9999 -9999 -9999 4048 -9999 -9999 -9999 -9999 -9999 -9999 -9999 4114 -9999 -9999 -9999 4513 -9999 -9999 -9999 -9999 -9999 4566 4429 -9999 -9999 -9999
4261 4258 4258 4279 4277 4321 4353 4421 4397 4317 4257 4093 4055 4167 4173 4235 4159 4021 4016 4029 4011 3945 3903 3900 3907 3937 3964 3981 3972 3947 3929 3932 3876 3777 3727 3721 3694 3626 3595 3657 3811 3928 3994 3869 3771 3845 -9999 3869 3909 -9999 -9999 -9999 -9999 4024 -9999 -9999 -9999 -9999 -9999 -9999 -9999 -9999 -9999 -9999 -9999 -9999 4121 4162 -9999 4522 4557 4487 -9999 -9999 -9999 4445 4297 -9999 -9999 -9999
4282 4292 4296 4280 4268 4366 4490 4507 4357 4325 4253 4105 4090 4123 4119 4203 4121 3995 4082 4137 4058 3940 3910 3931 3898 3873 3895 3893 3913 3946 3956 3941 3854 3794 3834 3901 3924 3842 3736 3702 3720 3773 3812 3802 3797 3863 3863 3851 -9999 -9999 4017 3991 3933 3907 4006 4040 3964 -9999 -9999 -9999 -9999 -9999 -9999 -9999 -9999 4095 4167 4195 -9999 -9999 -9999 -9999 -9999 -9999 -9999 4250 4180 -9999 -9999 -9999
4309 4346 4316 4284 4322 4453 4556 4442 4268 4356 4312 4160 4175 4116 4116 4188 4120 4107 4157 4152 4052 3918 3910 3999 3894 3763 3881 3963 3900 3869 3852 3901 3929 3841 3843 3920 3977 3956 3880 3842 3809 3756 3726 3757 3835 3862 3821 3786 3832 3926 3960 3929 3841 3804 3925 3993 3948 3967 -9999 -9999 4351 4336 -9999 -9999 -9999 4085 4026 4175 4415 -9999 -9999 -9999 -9999 -9999 -9999 4277 -9999 -9999 -9999 -9999
4315 4325 4277 4265 4361 4473 4473 4290 4180 4366 4316 4229 4238 4125 4131 4202 4153 4192 4198 4121 4048 3924 3866 3911 3768 3714 3958 4144 3916 3730 3910 4024 4044 3888 3858 3885 3872 3836 3801 3795 3798 3763 3754 3773 3821 3831 3768 3722 3753 3839 3866 3832 3786 3793 3881 3938 3939 3974 -9999 -9999 -9999 -9999 -9999 -9999 -9999 4190 4147 4185 4349 4385 -9999 -9999 -9999 -9999 4306 4416 -9999 -9999 -9999 -9999
4333 4287 4219 4241 4348 4408 4344 4179 4176 4329 4260 4268 4255 4148 4195 4236 4196 4224 4148 4070 4078 3964 3846 3809 3723 3757 3926 4044 3793 3733 4056 4032 4059 3985 3878 3787 3753 3727 3711 3774 3849 3851 3809 3864 3906 3893 3808 3726 3715 3733 3760 3764 3783 3752 3790 3871 3921 3985 4062 4072 -9999 -9999 -9999 -9999 -9999 -9999 3940 4049 4133 -9999 -9999 -9999 4166 4190 4200 4209 4131 -9999 -9999 4141
4395 4270 4170 4227 4315 4310 4248 4239 4262 4280 4223 4298 4288 4235 4289 4262 4238 4227 4073 4089 4118 3989 3826 3772 3798 3829 3931 3958 3826 3817 3937 3906 4031 4074 3917 3764 3764 3826 3814 3838 3975 3972 3768 3811 3936 3943 3884 3838 3840 3827 3817 -9999 3802 3724 3763 3894 3912 3999 4073 4064 -9999 -9999 -9999 -9999 -9999 -9999 3798 3997 4191 -9999 4243 4222 4183 4238 4222 4157 4158 4117 4146 4128
4413 4274 4189 4217 4269 4196 4311 4415 4313 4242 4260 4370 4345 4338 4366 4313 4323 4248 4073 4127 4149 3984 3827 3826 3897 3918 3948 4001 3973 3861 3979 4014 3976 4018 4005 3894 3832 3846 3879 3883 3986 4025 3893 3884 3920 3904 3870 -9999 -9999 4016 3973 -9999 -9999 -9999 3887 3957 3953 4042 4144 4129 4013 -9999 -9999 -9999 -9999 3847 3871 3969 4077 4158 4225 4189 4128 4133 4114 4145 4112 4079 4127 4115
4355 4326 4337 4313 4263 4195 4428 4521 4305 4216 4326 4432 4361 4400 4400 4326 4369 4291 4162 4232 4181 3983 3854 3918 3979 3960 3955 4086 4033 3873 4006 4014 3847 3844 3875 3928 3924 3877 -9999 -9999 4068 4096 4041 4009 3986 -9999 -9999 -9999 -9999 -9999 -9999 -9999 -9999 -9999 -9999 -9999 4002 4095 -9999 4152 4047 -9999 -9999 -9999 -9999 -9999 3823 3882 3963 4002 4020 4007 4052 4092 4067 4137 4127 4054 4089 4045
4292 4319 4382 4373 4300 4265 4359 4432 4317 4262 4359 4422 4332 4379 4289 4236 4323 4278 4241 4259 4180 4000 3912 4011 3985 3916 3937 4114 3968 3804 3959 -9999 -9999 3907 3932 3973 4040 4070 -9999 3931 3958 4004 3977 3986 4002 -9999 -9999 -9999 -9999 4010 -9999 -9999 -9999 -9999 -9999 -9999 -9999 -9999 -9999 -9999 4050 -9999 -9999 -9999 -9999 -9999 3866 3877 4023 4091 4104 4061 4043 4137 4183 4122 4056 4020 4044 4016
4352 4342 4335 4351 4357 4392 4421 4360 4332 4308 4333 4381 4352 4306 4159 4123 4209 4167 4203 4198 4124 4033 3984 3995 3942 3881 3938 4053 3792 3815 4014 3878 3874 3979 4012 -9999 -9999 3994 4030 3858 3798 3964 3980 3987 4017 -9999 -9999 -9999 -9999 -9999 -9999 -9999 -9999 4008 -9999 -9999 4037 4184 -9999 -9999 -9999 -9999 -9999 -9999 -9999 -9999 3979 3917 3936 3934 4042 4052 3961 3938 4008 4017 3977 3992 4006 3992
4368 4333 4271 4278 4308 4399 4410 4278 4236 4256 4288 4352 4374 4311 4209 4124 4130 4106 4136 4115 4036 4036 3977 3926 3906 3883 3936 3937 3745 3954 4103 3875 3842 3924 -9999 -9999 3853 3907 3958 3873 3876 3986 3975 4000 -9999 -9999 -9999 -9999 -9999 -9999 -9999 -9999 -9999 -9999 -9999 -9999 4093 4129 -9999 -9999 -9999 4297 4435 -9999 -9999 -9999 4063 4169 4072 3895 3910 3925 3959 3995 4020 4014 3955 3981 3972 3977
4316 4287 4272 4301 4339 4343 4327 4280 4267 4260 4276 4298 4325 4302 4242 4172 4190 4174 4118 4120 4015 3943 3912 3868 3856 3870 3904 3897 3809 3890 3994 -9999 3879 3873 -9999 -9999 3915 3930 -9999 -9999 3943 3992 3982 4006 4069 -9999 -9999 -9999 -9999 -9999 -9999 -9999 -9999 -9999 -9999 -9999 4091 -9999 -9999 -9999 -9999 -9999 -9999 -9999 -9999 -9999 3961 4136 4075 3946 3923 3824 3868 4038 -9999 4054 4018 4037 3973 3951
4260 4225 4244 4349 4426 4399 4345 4318 4312 4282 4258 4278 4300 4302 4263 4218 4235 4081 3974 4095 3972 3818 3789 3731 3806 3870 3872 3917 3900 3871 3963 4089 4086 4010 -9999 -9999 3930 3966 -9999 3882 3996 3995 3985 4027 -9999 -9999 -9999 -9999 -9999 -9999 -9999 -9999 -9999 -9999 -9999 -9999 4112 -9999 -9999 -9999 -9999 -9999 -9999 -9999 -9999 3887 3766 3950 3885 3909 3923 3853 3882 4010 4120 4083 4078 4064 3979 3941
4230 4193 4228 4327 4421 4383 4289 4282 4284 4253 4217 4229 4279 4309 4263 4194 4179 4072 4006 4044 3926 3880 3856 3788 3894 3882 3796 3872 3860 3895 -9999 -9999 4040 4015 -9999 -9999 -9999 3854 3985 4002 4019 3986 3986 4045 -9999 -9999 -9999 -9999 -9999 -9999 4190 -9999 -9999 -9999 -9999 -9999 -9999 -9999 -9999 -9999 -9999 -9999 -9999 -9999 -9999 -9999 -9999 3940 3912 4041 4019 3957 4044 4027 3996 3991 4042 4029 3973 3950
4209 4215 4242 4299 4352 4331 4252 4250 4221 4168 4142 4172 4272 4315 4256 4142 4109 4164 4198 4131 4006 4001 3987 3982 4046 3928 3792 3820 3785 3800 -9999 -9999 4007 3946 -9999 -9999 -9999 3829 4113 4077 3958 3976 3996 4059 -9999 -9999 4203 -9999 -9999 -9999 -9999 -9999 -9999 -9999 -9999 -9999 -9999 -9999 -9999 -9999 -9999 -9999 -9999 -9999 -9999 -9999 3892 3915 3977 4120 4029 3957 4024 3969 -9999 3851 3969 3975 3952 3990
4183 4241 4313 4383 4405 4396 4352 4302 4234 4140 4117 4162 4281 4325 4237 4120 4034 4074 4137 4079 3981 3972 3948 3986 4013 3888 3782 3854 3972 3893 -9999 4042 3923 3841 -9999 -9999 -9999 3885 4049 3970 3925 3996 4028 4080 -9999 -9999 -9999 -9999 -9999 -9999 -9999 -9999 -9999 4054 -9999 -9999 -9999 -9999 4182 -9999 -9999 -9999 -9999 -9999 -9999 -9999 3982 3991 4016 4044 3984 4005 -9999 4009 3840 3795 3935 4019 4004 4019
4113 4129 4200 4330 4447 4475 4429 4353 4274 4174 4152 4219 4298 4313 4206 4104 3991 3970 4022 3999 3908 3893 3925 4004 3978 3831 3763 3754 3848 3865 3896 3859 3803 3933 -9999 3791 3872 3972 4085 4043 3965 3989 4062 -9999 -9999 -9999 -9999 -9999 -9999 -9999 -9999 -9999 -9999 -9999 -9999 -9999 -9999 -9999 -9999 -9999 -9999 -9999 -9999 -9999 -9999 -9999 3994 4052 4001 3955 -9999 -9999 4022 4042 3956 3865 3912 4013 4009 -9999
4340 4178 4041 4133 4322 4430 4403 4314 4250 4200 4192 4249 4280 4255 4133 4054 4077 4062 4055 4029 3930 3934 4006 4035 4000 3899 3860 3803 3802 3908 4057 4015 3903 3997 -9999 3950 3868 3723 -9999 4094 3984 3912 3979 -9999 -9999 -9999 -9999 -9999 -9999 -9999 -9999 -9999 -9999 -9999 -9999 -9999 4047 -9999 -9999 -9999 -9999 -9999 -9999 -9999 -9999 4012 -9999 4011 3930 3911 3930 3942 3898 3977 4078 4076 4076 4083 -9999 -9999
4408 4192 3995 4146 4291 4336 4283 4227 4173 4152 4178 4220 4218 4172 4071 4040 4129 4147 4135 4044 3915 3950 4018 3992 3957 3851 3871 3983 3923 3899 3973 3970 3908 -9999 -9999 3780 3755 -9999 -9999 4078 4074 4028 3957 4033 -9999 -9999 -9999 -9999 -9999 -9999 -9999 -9999 4258 4150 -9999 -9999 -9999 -9999 -9999 -9999 -9999 -9999 -9999 -9999 -9999 -9999 -9999 3991 3954 4046 -9999 4039 3966 -9999 -9999 -9999 -9999 -9999 -9999 -9999
4266 4142 4077 4254 4189 4192 4235 4205 4161 4155 4168 4185 4151 4073 4043 4006 4022 4045 4072 3928 3809 3909 3930 3879 3837 3747 3847 4054 3977 3853 3825 3852 3889 -9999 3820 3798 3797 3876 3985 3984 3955 3956 3915 3960 -9999 -9999 -9999 -9999 -9999 -9999 -9999 -9999 -9999 4187 -9999 -9999 -9999 -9999 -9999 -9999 -9999 -9999 -9999 -9999 -9999 -9999 -9999 -9999 -9999 -9999 -9999 -9999 -9999 -9999 -9999 -9999 -9999 -9999 -9999 -9999
4226 4127 4189 4264 4099 4089 4202 4231 4223 4198 4198 4213 4234 4129 4026 3969 3987 4051 4079 3870 3784 3922 3898 3916 3920 3849 3808 3929 3958 3935 3891 3901 3945 4014 3989 3920 3840 3947 4079 3942 3835 3867 3926 -9999 -9999 -9999 -9999 -9999 -9999 -9999 -9999 -9999 -9999 -9999 -9999 -9999 -9999 -9999 -9999 -9999 -9999 -9999 -9999 -9999 -9999 -9999 -9999 -9999 -9999 -9999 -9999 -9999 -9999 -9999 -9999 -9999 -9999 -9999 -9999 -9999
4136 4095 4177 4242 4149 4115 4256 4325 4248 4188 4199 4219 4241 4114 3957 3929 3907 3987 4054 3919 3895 3973 3907 4001 4100 4044 3917 3896 3971 4016 4074 3970 3891 3939 3964 -9999 3890 3904 -9999 3998 3942 3963 -9999 -9999 -9999 -9999 -9999 -9999 -9999 -9999 -9999 -9999 -9999 -9999 -9999 -9999 -9999 -9999 -9999 -9999 -9999 -9999 -9999 -9999 -9999 -9999 -9999 -9999 -9999 -9999 -9999 -9999 -9999 -9999 -9999 -9999 -9999 -9999 -9999 -9999
4099 -9999 4139 4233 4204 4156 4349 4352 4178 4093 4142 4156 4074 3986 3937 3950 3909 3912 3993 4011 4026 3987 3903 3952 4009 4024 3983 3955 3886 -9999 4016 3945 -9999 -9999 -9999 3923 3957 3792 -9999 4078 4054 3983 -9999 -9999 -9999 -9999 -9999 -9999 4168 -9999 -9999 -9999 -9999 -9999 -9999 -9999 -9999 -9999 -9999 -9999 -9999 -9999 -9999 -9999 -9999 -9999 -9999 -9999 -9999 -9999 -9999 -9999 -9999 -9999 -9999 -9999 -9999 -9999 -9999 -9999
4265 -9999 -9999 4190 4097 4141 4381 4289 4074 4023 4136 4104 4048 4045 4035 4016 3976 3979 4008 4037 4013 3947 3865 3855 3880 3922 3963 3965 3882 -9999 3990 3897 -9999 -9999 -9999 3827 3910 -9999 3858 3978 3966 3867 3851 -9999 -9999 -9999 -9999 -9999 -9999 -9999 -9999 -9999 -9999 -9999 -9999 -9999 -9999 -9999 -9999 -9999 -9999 -9999 -9999 -9999 -9999 -9999 -9999 -9999 -9999 -9999 -9999 -9999 -9999 -9999 -9999 -9999 -9999 -9999 -9999 -9999
