test/g2lab/icchange/view/profile/olddata/change-2010-03-b3.txt
ncols         452
nrows         411
xllcorner     527595,50307841
yllcorner     5934256,8476051
cellsize      5
NODATA_value  -9999
[rows 216 to 251 of 411, columns 0 to 79 of 452]
-9999 -9999 -9999 -9999 -9999 -9999 -9999 -9999 -9999 2337 2552 3111 -9999 -9999 -9999 3069 2833 -9999 -9999 -9999 -9999 2912 2723 -9999 -9999 -9999 -9999 2686 2848 -9999 2910 2955 2958 2957 2943 -9999 -9999 -9999 -9999 2929 3087 3187 3317 3349 3172 3006 3019 3076 3098 3060 3012 3232 3404 3378 3381 3380 3418 3552 3623 3595 3631 3424 3277 3426 3404 3416 3431 3265 3238 3372 3437 3434 3396 3255 3134 3256 3496 3569 3399 3201
-9999 -9999 -9999 -9999 -9999 -9999 -9999 -9999 -9999 -9999 2794 -9999 -9999 -9999 -9999 2963 2856 -9999 -9999 -9999 -9999 -9999 -9999 -9999 -9999 -9999 -9999 -9999 -9999 -9999 2854 2905 2983 2995 3060 -9999 -9999 -9999 -9999 2862 3039 3222 3303 3307 3170 2986 2958 2981 3012 3011 2970 3058 3238 3223 3275 3257 3256 3362 3434 3404 3407 3362 3364 3515 3491 3466 3385 3273 -9999 -9999 -9999 3376 3271 3265 3232 3154 3182 3176 3059 2944
-9999 -9999 -9999 -9999 -9999 -9999 -9999 -9999 -9999 -9999 -9999 -9999 -9999 -9999 -9999 -9999 -9999 -9999 -9999 -9999 -9999 -9999 -9999 -9999 -9999 2718 -9999 -9999 -9999 -9999 2797 2826 2924 3002 -9999 -9999 -9999 -9999 -9999 2851 2993 3150 3224 3204 3130 3071 3060 3070 3058 3034 3007 2965 3153 3266 3236 3189 3292 3465 3493 3305 3249 3426 3533 3565 3554 3576 3535 3551 3721 3764 3683 3550 3457 3551 3594 3401 3252 3131 3019 2948
-9999 -9999 -9999 -9999 -9999 -9999 -9999 -9999 -9999 -9999 -9999 -9999 -9999 -9999 -9999 -9999 -9999 -9999 -9999 -9999 -9999 -9999 -9999 -9999 -9999 -9999 -9999 -9999 -9999 -9999 2899 2982 2984 2993 3162 3035 2846 -9999 -9999 2902 3021 3079 3188 3171 3109 3126 3162 3125 3059 2992 3007 3053 3390 3478 3341 3308 3485 3602 3507 3215 3164 3410 3478 3492 3519 3601 3670 3527 3584 3788 3860 3777 3644 3603 3642 3591 3529 3318 3265 3262
-9999 -9999 -9999 -9999 -9999 -9999 -9999 -9999 -9999 -9999 -9999 -9999 -9999 -9999 -9999 -9999 -9999 -9999 -9999 -9999 -9999 -9999 -9999 -9999 -9999 -9999 -9999 -9999 2734 2831 2870 2942 2924 2823 2863 -9999 -9999 -9999 -9999 3081 3200 3084 3087 3170 3202 3142 3083 3206 3329 3335 3157 3321 3720 3809 3636 3546 3586 3546 3347 3163 3139 3258 3316 3298 3355 3473 3531 3237 3297 3730 3887 3713 3519 3541 3601 3667 3589 3249 3213 3377
-9999 -9999 -9999 -9999 -9999 -9999 -9999 -9999 -9999 -9999 -9999 -9999 -9999 -9999 -9999 2871 -9999 -9999 -9999 -9999 -9999 -9999 -9999 -9999 -9999 -9999 -9999 2716 2790 -9999 -9999 -9999 2804 2886 -9999 -9999 -9999 -9999 -9999 3099 3146 3123 3201 3334 3554 3609 3548 3636 3942 4024 3559 3571 3988 -9999 3904 3729 3615 3383 3231 3194 3169 3172 3151 3132 3230 3350 3310 2938 3069 3551 3683 3518 3336 3362 3431 3511 3445 3242 3298 3410
-9999 -9999 -9999 -9999 -9999 -9999 -9999 -9999 -9999 -9999 -9999 -9999 -9999 -9999 3038 3022 -9999 -9999 -9999 -9999 -9999 -9999 -9999 -9999 -9999 -9999 -9999 -9999 2924 -9999 -9999 2783 2809 -9999 -9999 -9999 -9999 -9999 -9999 3190 3198 3332 3519 3654 -9999 -9999 -9999 -9999 -9999 -9999 3968 3839 3938 3953 3934 3801 3562 3335 3278 3268 3201 3183 3126 3120 3229 3298 3203 2998 3045 3308 3377 3174 3151 3233 3294 3374 3363 3289 3321 3388
-9999 -9999 -9999 -9999 -9999 -9999 -9999 -9999 -9999 -9999 -9999 -9999 -9999 3024 2941 2916 2827 -9999 -9999 -9999 -9999 -9999 -9999 -9999 -9999 -9999 -9999 -9999 -9999 2917 -9999 -9999 2890 -9999 -9999 -9999 -9999 -9999 -9999 3190 3307 3506 3648 3809 4129 -9999 -9999 -9999 4091 4084 4013 3810 3804 3787 3707 3632 3516 3373 3349 3332 3281 3249 3179 3119 3130 3100 3246 3178 3026 3091 3013 2920 3101 3198 3246 3286 3377 3337 3282 3356
-9999 -9999 -9999 -9999 -9999 -9999 -9999 -9999 -9999 -9999 -9999 -9999 -9999 3070 2920 2811 2761 2816 -9999 -9999 -9999 -9999 -9999 -9999 -9999 -9999 -9999 -9999 -9999 2777 2825 2800 2938 -9999 -9999 -9999 -9999 -9999 -9999 3124 3328 3521 3628 3676 3788 3983 3863 3677 3551 3565 3596 3459 3525 3539 3499 3510 3492 3377 3287 3351 3305 3215 3145 3018 2923 2961 3214 3124 2872 2887 2919 2995 3090 3061 3064 3181 3372 3320 3294 3377
-9999 -9999 -9999 -9999 -9999 -9999 -9999 -9999 -9999 -9999 -9999 -9999 -9999 2991 2806 2816 2864 2889 2941 -9999 -9999 -9999 -9999 -9999 -9999 -9999 2817 -9999 -9999 2752 -9999 -9999 -9999 -9999 -9999 -9999 -9999 -9999 -9999 3278 3489 3634 3623 3667 3855 3991 3598 3351 3288 3088 3214 3437 3600 3573 3615 3617 3481 3356 3283 3331 3237 3106 3019 2905 2939 3026 3132 3001 2865 2998 3165 3196 3059 2909 2894 3094 3277 3196 3226 3280
-9999 -9999 -9999 -9999 -9999 -9999 -9999 -9999 -9999 -9999 -9999 -9999 -9999 3039 2807 2920 3001 2943 2887 -9999 -9999 -9999 -9999 -9999 -9999 -9999 2857 -9999 -9999 -9999 -9999 -9999 -9999 -9999 -9999 -9999 -9999 -9999 -9999 3209 3495 3677 3731 3833 4103 -9999 3612 3581 3439 3057 3128 3475 -9999 3688 3712 3750 3633 3533 3363 3334 3349 3309 3247 3151 3208 3195 3142 3123 3119 3309 3488 3524 3235 2948 2948 3089 3184 3106 3163 3171
-9999 -9999 -9999 -9999 -9999 -9999 -9999 -9999 -9999 -9999 -9999 -9999 -9999 3042 2869 2858 2870 2848 2803 -9999 -9999 -9999 -9999 -9999 -9999 -9999 2885 -9999 -9999 2883 2962 -9999 -9999 3042 -9999 -9999 -9999 -9999 -9999 -9999 3457 3606 3841 -9999 -9999 -9999 3544 3541 3459 3233 3208 3253 3439 3523 3576 3763 3833 3679 3405 3388 3580 3581 3668 3636 3560 3468 3397 3418 3391 3649 3917 3857 3421 3133 3159 3217 3253 3229 3235 3173
-9999 -9999 -9999 -9999 -9999 -9999 -9999 -9999 -9999 -9999 -9999 -9999 2974 2757 2819 2841 2729 2839 2895 -9999 -9999 2879 3011 -9999 2826 2656 -9999 -9999 -9999 2861 2911 2787 2779 2957 -9999 -9999 -9999 -9999 -9999 -9999 3561 3578 3771 -9999 -9999 -9999 3535 3409 3355 3337 3259 3210 3343 3489 3518 3690 3740 3642 3536 3505 3545 3545 3690 3766 3696 3658 3595 3480 3456 3681 3823 3690 3347 3205 3262 3285 3387 3406 3388 3363
-9999 -9999 -9999 -9999 -9999 -9999 -9999 -9999 -9999 -9999 -9999 -9999 2890 2690 2855 2827 2736 2963 3008 2922 2891 2967 -9999 2834 2625 2579 2614 -9999 -9999 2808 2836 2881 2806 2907 3021 -9999 -9999 -9999 -9999 -9999 3472 3428 3434 3341 3269 3409 3225 3083 3151 3260 3319 3278 3365 3471 3613 3751 3660 3623 3649 3516 3340 3303 3416 3476 3492 3517 3546 3426 3350 3419 3295 3339 3273 3019 3087 3254 3403 3424 3427 3463
-9999 -9999 -9999 -9999 -9999 -9999 -9999 -9999 -9999 -9999 -9999 -9999 2940 2779 2894 2771 2735 2947 2970 -9999 2928 -9999 -9999 2695 2603 2696 -9999 -9999 -9999 2795 2877 3068 2871 2904 3121 -9999 -9999 -9999 -9999 3252 3488 3342 3148 3125 3144 3243 3094 3012 3114 3122 3126 3164 3255 3293 3516 3700 3583 3648 3679 3531 3285 3168 3188 3190 3186 3252 3324 3274 3265 3261 3098 3112 3092 2846 3059 3234 3285 3331 3434 3444
-9999 -9999 -9999 -9999 -9999 -9999 -9999 -9999 -9999 -9999 -9999 -9999 -9999 -9999 -9999 -9999 -9999 -9999 -9999 -9999 2848 2922 -9999 2709 2710 2787 -9999 -9999 -9999 2820 2849 2978 2971 3089 -9999 -9999 -9999 -9999 -9999 -9999 3560 3303 3005 3118 3124 3204 3276 3149 3015 2958 2972 3047 3175 3236 3388 3487 3489 3691 3711 3507 3345 3314 3307 3237 3166 3219 3284 3233 3224 3227 3122 3020 3084 3107 3164 3217 3213 3326 3523 3589
-9999 -9999 -9999 -9999 -9999 -9999 -9999 -9999 -9999 -9999 -9999 -9999 -9999 -9999 -9999 -9999 -9999 -9999 -9999 -9999 2738 2755 2735 2701 2623 2653 -9999 -9999 -9999 2846 -9999 2836 -9999 -9999 -9999 -9999 -9999 -9999 -9999 -9999 3264 3009 2968 3140 3026 2999 3092 3014 3068 3163 3205 3254 3489 3522 3357 3211 3335 3617 3745 3660 3537 3526 3480 3418 3369 3397 3405 3368 3344 3378 3247 3066 3176 3190 3146 3221 3203 3352 3609 3727
-9999 -9999 -9999 -9999 -9999 -9999 -9999 -9999 -9999 -9999 -9999 -9999 -9999 2864 -9999 -9999 -9999 -9999 -9999 -9999 -9999 -9999 2718 2640 2704 2664 -9999 -9999 -9999 2628 2671 2736 2743 -9999 -9999 -9999 -9999 -9999 -9999 3380 3191 2978 2937 3084 3093 3005 3095 3190 3289 3505 3438 3290 3509 3559 3277 3050 3084 3388 3611 3716 3723 3764 3752 3707 3603 3500 3352 3270 3289 3358 3237 3038 3109 3060 3100 3229 3196 3388 3765 -9999
3085 3002 3030 -9999 -9999 -9999 -9999 -9999 -9999 -9999 -9999 -9999 -9999 -9999 -9999 -9999 -9999 -9999 -9999 2684 -9999 -9999 2671 2538 2641 -9999 -9999 -9999 2669 2679 2719 2808 2973 -9999 -9999 -9999 -9999 -9999 -9999 3410 3446 3088 2914 3047 3212 3142 3280 3385 3266 3366 3301 3199 3356 3303 3110 3001 3059 3143 3298 3471 3551 3578 3609 3709 3734 3646 3493 3434 3348 3235 3144 2874 2833 3006 3169 3260 3267 3431 3778 -9999
2986 3048 2983 2995 3141 3051 -9999 -9999 -9999 -9999 -9999 -9999 -9999 -9999 -9999 2800 -9999 -9999 -9999 2621 -9999 -9999 -9999 -9999 2491 2547 -9999 -9999 2579 2816 2779 2646 2832 -9999 -9999 -9999 -9999 -9999 -9999 3456 3532 3245 3116 3164 3268 3256 3276 3368 3553 3746 3519 3444 3638 3531 3305 3238 3279 3072 3046 3211 3226 3144 3205 3401 3527 3565 3637 3846 3707 3431 3373 2895 2840 3187 3278 3303 3302 3405 3566 -9999
2998 3133 2954 2803 2822 2781 2840 2968 -9999 -9999 -9999 -9999 -9999 -9999 -9999 -9999 -9999 -9999 -9999 -9999 2688 -9999 -9999 -9999 -9999 2555 -9999 -9999 2439 2635 2656 2669 2836 -9999 -9999 -9999 -9999 -9999 -9999 3277 3362 3384 3371 3259 3312 3281 3262 3530 -9999 -9999 3838 3487 3490 3654 3671 3510 3474 3317 3269 3283 3169 3000 2971 3082 3152 3253 3650 4046 -9999 -9999 -9999 -9999 -9999 -9999 3230 3176 -9999 -9999 -9999 -9999
-9999 2965 2814 2758 2762 2747 2831 3012 -9999 -9999 -9999 -9999 -9999 -9999 -9999 -9999 -9999 -9999 -9999 -9999 2619 2547 -9999 -9999 2582 2599 2634 -9999 2692 2761 2622 2743 2842 2723 -9999 -9999 -9999 -9999 -9999 3123 3200 3324 3345 3350 3598 -9999 -9999 -9999 -9999 3816 3609 3603 3591 -9999 -9999 3548 3484 3720 3769 3595 3335 3137 3256 3279 3192 3172 3639 -9999 -9999 -9999 -9999 -9999 -9999 -9999 -9999 -9999 -9999 -9999 -9999 -9999
3064 2873 2807 2909 2982 2891 2815 2906 3022 -9999 -9999 -9999 -9999 -9999 -9999 -9999 -9999 -9999 -9999 -9999 -9999 -9999 -9999 -9999 2545 2617 2634 -9999 -9999 2690 2636 2686 2830 2800 -9999 -9999 -9999 -9999 -9999 3177 3233 3088 3186 3556 -9999 -9999 -9999 -9999 -9999 -9999 -9999 -9999 -9999 -9999 -9999 -9999 -9999 -9999 -9999 -9999 3602 3656 -9999 -9999 -9999 -9999 -9999 -9999 -9999 -9999 -9999 -9999 -9999 -9999 -9999 -9999 -9999 -9999 -9999 -9999
-9999 2979 2843 2933 3020 2875 2708 2766 -9999 -9999 -9999 -9999 -9999 -9999 -9999 -9999 -9999 2500 2704 2709 -9999 -9999 2650 2533 2499 2515 2594 -9999 -9999 -9999 2750 2775 2800 2860 -9999 -9999 -9999 -9999 -9999 3380 3307 3007 3196 3522 3818 -9999 -9999 -9999 -9999 -9999 -9999 -9999 -9999 -9999 -9999 -9999 -9999 -9999 -9999 -9999 -9999 -9999 -9999 -9999 -9999 -9999 -9999 -9999 -9999 -9999 -9999 -9999 -9999 -9999 -9999 -9999 -9999 -9999 -9999 -9999
3199 3037 2811 2823 2936 2847 2758 -9999 -9999 -9999 -9999 -9999 -9999 -9999 2302 -9999 -9999 2673 2618 2545 -9999 -9999 2685 2560 2558 -9999 -9999 -9999 -9999 2650 2670 2719 2748 2874 -9999 -9999 -9999 -9999 -9999 3400 3386 3148 3273 3155 3342 3632 -9999 3886 3842 4002 -9999 -9999 3969 -9999 -9999 -9999 -9999 -9999 -9999 -9999 -9999 -9999 -9999 -9999 -9999 4009 3933 -9999 -9999 -9999 -9999 -9999 -9999 -9999 -9999 -9999 -9999 -9999 -9999 -9999
2982 3031 2947 2913 2933 2861 -9999 -9999 -9999 -9999 -9999 2138 2239 2190 2226 2299 2556 2698 2544 2544 -9999 -9999 2626 2581 2552 -9999 -9999 -9999 2713 2697 2689 2754 2800 2745 -9999 -9999 -9999 -9999 2939 3286 3454 3323 3180 3042 3406 3571 3371 3244 3227 3469 3756 3866 3861 3920 3989 3969 3927 4075 -9999 -9999 -9999 -9999 -9999 -9999 -9999 4049 3798 3797 3834 -9999 -9999 -9999 -9999 -9999 -9999 -9999 -9999 -9999 -9999 -9999
2855 2942 2909 2973 2912 2783 -9999 -9999 -9999 -9999 -9999 2220 2285 2158 2187 2348 2391 2571 2568 2563 2669 -9999 -9999 -9999 2533 2549 2620 -9999 -9999 -9999 -9999 2867 -9999 -9999 -9999 -9999 -9999 -9999 -9999 3472 3491 3334 3253 3278 3247 3332 3101 3016 3298 3396 3442 3581 3603 3594 3758 3849 3884 3983 -9999 -9999 -9999 -9999 -9999 4174 3984 3988 3735 3312 3151 -9999 -9999 -9999 -9999 -9999 -9999 -9999 -9999 -9999 -9999 -9999
2811 2824 2783 2862 2819 2788 -9999 -9999 -9999 -9999 -9999 2084 2196 -9999 2210 2343 2410 2548 2530 2523 2726 -9999 -9999 -9999 2556 2555 2613 -9999 2680 2730 2781 2886 2796 -9999 -9999 -9999 -9999 -9999 -9999 3619 3518 3489 3336 3323 3257 3390 3410 3290 3535 3454 3340 3473 3678 3592 3597 3866 3919 3875 3911 4058 3902 3810 3716 3793 3883 3854 3640 3175 2926 3238 -9999 -9999 -9999 -9999 -9999 -9999 -9999 -9999 -9999 -9999
2923 2855 2841 2892 2861 2864 -9999 -9999 -9999 -9999 -9999 2130 2204 2273 2128 2467 2642 2536 2491 2509 -9999 -9999 2678 2659 2619 2616 2629 2643 2661 2687 2762 2835 2730 -9999 -9999 -9999 -9999 -9999 -9999 3709 3695 3560 3422 3426 3437 3296 3447 3455 3544 3680 3539 3466 3476 3476 3565 3801 3710 3675 3619 3670 3449 3449 3605 3492 3597 3587 3458 3355 3172 3221 -9999 -9999 -9999 -9999 -9999 -9999 -9999 -9999 -9999 -9999
3023 2908 2860 2860 2830 2792 -9999 -9999 -9999 2310 -9999 -9999 2247 2161 2187 2574 2692 2591 2663 2610 2624 -9999 -9999 2683 2670 2655 2638 2640 2658 2663 2706 2734 2694 -9999 -9999 -9999 -9999 -9999 -9999 -9999 -9999 3785 3606 3451 3419 3392 3460 3431 3548 3836 3516 3468 3486 3433 3456 3545 3520 3600 3588 3434 3417 3489 3505 3301 3282 3340 3325 3533 3584 3503 -9999 -9999 -9999 -9999 -9999 -9999 -9999 -9999 -9999 -9999
2988 2912 2879 2801 2700 -9999 -9999 -9999 -9999 2285 2274 2264 2242 2167 2226 2423 2586 2594 2646 2649 2623 2660 2687 -9999 -9999 2631 2617 2631 2642 2641 2658 2691 2710 -9999 -9999 -9999 -9999 -9999 -9999 -9999 -9999 -9999 3709 3687 3711 3486 3360 3589 3601 3658 3580 3741 3659 3297 3253 3576 3840 3823 3781 3533 3376 3566 3539 3321 3157 3401 3476 3545 3729 -9999 -9999 -9999 -9999 -9999 -9999 -9999 -9999 -9999 -9999 -9999
2983 2944 2880 2827 2698 -9999 -9999 -9999 -9999 2035 2024 2117 2219 2189 2186 2427 2667 2653 2576 2617 2606 -9999 -9999 -9999 2636 2601 2581 2594 2615 2641 2667 2708 2680 -9999 -9999 -9999 -9999 -9999 -9999 -9999 -9999 3510 3572 3714 3714 3380 3393 3744 3583 3741 3954 3882 3797 3566 3511 3810 -9999 -9999 3746 3500 3465 3698 3562 3360 3356 3590 3492 3381 3657 -9999 -9999 -9999 -9999 -9999 -9999 -9999 -9999 -9999 -9999 -9999
3025 2934 2855 2839 2704 -9999 -9999 -9999 -9999 2085 2023 2122 2214 2207 2237 2469 2708 2679 2590 2623 2678 -9999 -9999 -9999 2614 2546 2539 2579 2615 2674 2670 2612 -9999 -9999 -9999 -9999 -9999 -9999 2932 -9999 -9999 3508 3405 -9999 -9999 3270 3404 -9999 -9999 -9999 -9999 -9999 -9999 -9999 -9999 -9999 -9999 -9999 -9999 -9999 -9999 -9999 -9999 3393 -9999 -9999 -9999 3427 -9999 -9999 -9999 -9999 -9999 -9999 -9999 -9999 -9999 -9999 -9999 -9999
3004 2865 2784 -9999 -9999 -9999 -9999 -9999 2312 2277 2166 2269 2284 2267 2308 2463 2562 2509 2429 2581 2746 -9999 -9999 -9999 2644 2597 -9999 -9999 2657 2725 2688 2621 -9999 -9999 -9999 -9999 -9999 -9999 -9999 -9999 -9999 -9999 -9999 -9999 -9999 -9999 -9999 -9999 -9999 -9999 -9999 -9999 -9999 -9999 -9999 -9999 -9999 -9999 -9999 -9999 -9999 -9999 -9999 -9999 -9999 -9999 -9999 -9999 -9999 -9999 -9999 -9999 -9999 -9999 -9999 -9999 -9999 -9999 -9999 -9999
2931 2770 2737 -9999 -9999 -9999 -9999 2235 2334 2243 2189 2279 2218 2199 2293 2426 2530 2517 2484 2595 2760 2725 2490 2564 -9999 -9999 -9999 -9999 2727 2795 2789 2756 -9999 -9999 -9999 -9999 -9999 -9999 -9999 -9999 -9999 -9999 -9999 -9999 -9999 -9999 -9999 -9999 -9999 -9999 -9999 -9999 -9999 -9999 -9999 -9999 -9999 -9999 -9999 -9999 -9999 -9999 -9999 -9999 -9999 -9999 -9999 -9999 -9999 -9999 -9999 -9999 -9999 -9999 -9999 -9999 -9999 -9999 -9999 -9999
2844 2713 2769 2578 -9999 -9999 2111 2241 2194 2068 2147 2223 2130 2153 2245 2372 2480 2635 2630 2582 2609 -9999 -9999 -9999 2654 2589 -9999 2698 2816 2797 2838 2739 2740 -9999 -9999 -9999 -9999 -9999 -9999 -9999 -9999 -9999 -9999 -9999 -9999 -9999 -9999 -9999 -9999 -9999 -9999 -9999 -9999 -9999 -9999 -9999 -9999 -9999 -9999 -9999 -9999 -9999 -9999 -9999 -9999 -9999 -9999 -9999 -9999 -9999 -9999 -9999 -9999 -9999 -9999 -9999 -9999 -9999 -9999 -9999
