test/g2lab/icchange/view/profile/olddata/change-2010-03-b2.txt
ncols         452
nrows         411
xllcorner     527595,50307841
yllcorner     5934256,8476051
cellsize      5
NODATA_value  -9999
[rows 216 to 251 of 411, columns 160 to 239 of 452]
4194 4354 4620 4681 4665 4518 4431 4561 4626 4595 4572 4678 4709 4532 4596 4572 4459 4318 4173 4115 4072 4206 4208 4089 4151 4080 3969 3965 4015 4027 3928 4064 4301 4309 4148 4127 4257 4298 4257 4389 4484 4276 4192 4270 4368 4447 4467 4388 4292 4182 4107 4104 4199 4274 4315 4331 4327 4283 4273 4327 4339 4281 4329 4248 4156 4164 4176 4179 4140 4102 4025 3986 4022 -9999 -9999 -9999 -9999 -9999 -9999 -9999
-9999 4176 4501 4601 4596 4396 4309 4488 4576 4601 4676 4795 4691 4520 4579 4528 4379 4321 4302 4359 4374 4371 4270 4184 4250 4161 4062 4028 3986 4097 4063 3983 4143 4258 4191 4176 4240 4302 4283 4339 4426 4377 4287 4242 4256 4297 4349 4334 4278 4231 4183 4174 4225 4303 4363 4365 4309 4232 4200 4229 4298 4338 4332 4267 4156 4126 4124 4144 4134 4070 4018 4015 4062 -9999 -9999 -9999 -9999 -9999 -9999 -9999
-9999 -9999 -9999 -9999 4237 4196 4140 4267 4322 4363 4473 4601 4583 4593 4667 4627 4541 4483 4446 4550 4650 4580 4465 4300 4249 4222 4169 4098 4063 4100 3993 3951 4174 4291 4287 4217 4177 4170 4263 4396 4393 4358 4319 4324 4315 4293 4274 4206 4150 4146 4151 4161 4217 4298 4405 4390 4287 4193 4143 4192 4265 4340 4386 4389 4274 4268 4236 4094 4082 4047 3976 3975 4053 -9999 -9999 -9999 -9999 -9999 -9999 -9999
-9999 -9999 -9999 -9999 -9999 -9999 3862 -9999 -9999 -9999 -9999 -9999 -9999 4603 4756 4704 4546 4607 4727 4736 4718 4611 4498 4402 4329 4278 4169 3999 3951 3993 3959 4041 4238 4186 4116 4118 4097 3998 4116 4296 4235 4172 4158 4173 4150 4117 4112 4109 4129 4181 4215 4163 4187 4285 4400 4402 4287 4202 4147 4188 4274 4348 4398 4376 4288 4361 4254 4010 4079 4113 4054 4027 3987 -9999 -9999 -9999 -9999 -9999 -9999 -9999
-9999 -9999 -9999 -9999 -9999 -9999 -9999 -9999 -9999 -9999 -9999 -9999 -9999 -9999 4710 4698 4571 4812 4986 4860 4763 4634 4523 4471 4453 4378 4227 4067 3968 4044 4110 4009 4123 4196 4076 4110 4238 4102 4076 4125 4105 4138 4146 4106 4032 3953 3919 3930 3986 4103 4206 4180 4184 4267 4334 4345 4281 4209 4173 4194 4278 4331 4292 4266 4288 4401 4238 4031 4087 4094 4102 4058 3919 -9999 -9999 -9999 -9999 -9999 -9999 -9999
-9999 -9999 -9999 -9999 -9999 -9999 -9999 -9999 -9999 -9999 -9999 -9999 -9999 -9999 4635 4776 4755 4919 4989 4837 4684 4553 4440 4425 4453 4406 4271 4159 4076 4140 4191 4018 4104 4317 4233 4008 4081 4194 4109 4004 4013 4063 4109 4094 4046 4002 3967 3970 3990 4008 4133 4231 4216 4226 4240 4249 4245 4216 4209 4214 4259 4264 4171 4162 4309 4410 4266 4130 4112 4070 4056 4037 4017 -9999 -9999 -9999 -9999 -9999 -9999 -9999
-9999 -9999 -9999 -9999 -9999 -9999 -9999 -9999 -9999 -9999 -9999 -9999 -9999 -9999 4645 4838 4819 4777 4816 4714 4527 4418 4341 4328 4347 4316 4197 4088 4045 4097 4162 4095 4089 4142 4146 4014 4142 4239 4098 3972 4010 4116 4091 4067 4014 4024 4073 4081 4079 4088 4142 4200 4174 4179 4178 4186 4224 4257 4260 4235 4224 4245 4217 4199 4322 4381 4251 4181 4096 4015 3959 3894 3964 -9999 -9999 -9999 -9999 -9999 -9999 -9999
-9999 -9999 -9999 -9999 -9999 -9999 -9999 -9999 -9999 -9999 -9999 -9999 -9999 4309 4601 4686 4693 4640 4655 4584 4464 4381 4347 4327 4286 4212 4082 4029 4011 3974 4091 4144 4104 4069 4099 4151 4234 4123 4003 4048 4133 4166 4109 4156 4074 3970 3988 4042 4014 3999 3972 4000 4070 4115 4123 4154 4221 4270 4293 4271 4235 4330 4347 4260 4306 4264 4120 4052 4019 3954 3888 3804 3915 -9999 -9999 -9999 -9999 -9999 -9999 -9999
-9999 -9999 -9999 -9999 -9999 -9999 -9999 -9999 -9999 -9999 -9999 -9999 -9999 4175 4448 4514 4569 4574 4565 4528 4492 4464 4456 4434 4340 4182 4054 4139 4085 3934 4087 4156 4068 3986 4002 4064 4084 3915 3913 4094 4116 4103 4073 4107 4030 3836 3803 4008 3964 3874 3861 3875 3967 4051 4059 4122 4188 4223 4240 4213 4202 4308 4314 4252 4244 4137 3939 3874 3966 3942 3907 3916 3980 -9999 -9999 -9999 -9999 -9999 -9999 -9999
-9999 -9999 -9999 -9999 -9999 -9999 -9999 -9999 -9999 -9999 -9999 -9999 -9999 4106 4332 4411 4501 4523 4501 4490 4500 4535 4549 4498 4379 4176 4090 4260 4147 4011 4134 4102 3956 3862 3871 3863 3902 3916 3953 4001 4009 4027 4034 4044 4008 3867 3827 3942 3851 3824 3965 4026 3980 4001 4043 4091 4155 4146 4083 4020 4023 4100 4114 4099 4074 4022 3852 3793 3880 3849 3921 4071 4135 -9999 -9999 -9999 -9999 -9999 -9999 -9999
-9999 -9999 -9999 -9999 -9999 -9999 -9999 -9999 -9999 -9999 -9999 -9999 -9999 -9999 4199 4395 4486 4432 4396 4371 4407 4473 4535 4483 4367 4192 4111 4180 4104 4091 4120 3984 3860 3843 3881 3837 4048 4197 4073 3958 3981 4073 4049 4115 4101 3969 3778 3700 3707 3681 3783 -9999 -9999 -9999 -9999 4035 3952 3943 3915 3844 3834 3823 3773 3793 3870 3889 3789 3767 3774 3707 3792 4019 -9999 -9999 -9999 -9999 -9999 -9999 -9999 -9999
-9999 -9999 -9999 -9999 -9999 -9999 -9999 -9999 -9999 -9999 -9999 -9999 -9999 -9999 4280 4449 4493 4382 4343 4304 4338 4397 4479 4479 4353 4246 4088 4027 4000 4060 4020 3917 3904 4037 4135 4077 4246 4370 4224 4082 4111 4149 4055 4178 4206 3967 3619 -9999 -9999 -9999 -9999 -9999 -9999 -9999 -9999 -9999 -9999 -9999 3927 -9999 -9999 -9999 -9999 -9999 -9999 -9999 -9999 -9999 -9999 3635 3685 -9999 -9999 -9999 -9999 -9999 -9999 -9999 -9999 -9999
-9999 3891 3825 -9999 -9999 -9999 -9999 4166 -9999 -9999 -9999 -9999 -9999 -9999 4398 4436 4407 4309 4314 4319 4445 4448 4329 4300 4274 4261 4152 3954 -9999 3910 3921 3920 4013 4218 4278 4156 4172 4224 4160 4102 4182 4092 3970 4088 -9999 -9999 -9999 -9999 -9999 -9999 -9999 -9999 -9999 -9999 -9999 -9999 -9999 -9999 -9999 -9999 -9999 -9999 -9999 -9999 -9999 -9999 -9999 -9999 -9999 -9999 -9999 -9999 -9999 -9999 -9999 -9999 -9999 -9999 -9999 -9999
4072 3993 4096 4190 4166 4074 4086 4102 4093 4092 4101 4090 4083 4150 4215 4173 4152 4157 4197 4255 4413 4344 4089 4062 3960 3946 4011 3873 3757 3785 3831 3861 3937 4061 4121 4010 3915 3933 3917 3966 4121 3985 3862 3942 -9999 -9999 -9999 -9999 -9999 -9999 -9999 -9999 -9999 -9999 -9999 -9999 -9999 -9999 -9999 -9999 -9999 -9999 -9999 -9999 -9999 -9999 -9999 -9999 -9999 -9999 -9999 -9999 -9999 -9999 -9999 -9999 -9999 -9999 -9999 -9999
3948 3886 4034 4162 4083 3907 3919 4029 4061 3984 3933 3960 4018 4038 4008 3931 3926 4011 4024 4062 4182 4115 4028 4043 3924 3852 3870 3766 3726 3743 3776 3759 3755 3820 3906 3924 3862 3831 3756 3858 3983 3877 3841 3933 3980 -9999 -9999 -9999 -9999 -9999 -9999 -9999 -9999 -9999 -9999 -9999 -9999 -9999 -9999 -9999 -9999 -9999 -9999 -9999 -9999 -9999 -9999 -9999 -9999 -9999 -9999 -9999 -9999 -9999 -9999 -9999 -9999 -9999 -9999 -9999
4028 4060 4058 3984 3965 3894 3893 3966 4010 3922 3827 3824 3988 4057 3969 3880 3908 3991 3926 3925 3971 3897 3874 3907 3895 3841 3810 3785 3809 3836 3817 3774 3815 3876 3895 3891 3956 3916 3762 3804 3866 3831 3867 3984 3996 -9999 -9999 -9999 -9999 -9999 -9999 -9999 -9999 -9999 -9999 -9999 -9999 -9999 -9999 -9999 -9999 -9999 -9999 -9999 -9999 -9999 -9999 -9999 -9999 -9999 -9999 -9999 -9999 -9999 -9999 -9999 -9999 -9999 -9999 -9999
3931 3968 3983 3902 3958 3968 3900 3863 3880 3863 3805 3816 4013 4089 3926 3850 3944 4023 3903 3932 3921 3794 3780 3795 3775 3737 3766 3836 3896 3924 3913 3861 3869 3901 3845 3760 3838 3945 3903 3850 3822 3788 3826 3976 4031 3965 -9999 -9999 -9999 -9999 -9999 -9999 -9999 -9999 -9999 -9999 -9999 -9999 -9999 -9999 -9999 -9999 -9999 -9999 -9999 -9999 -9999 -9999 -9999 -9999 -9999 -9999 -9999 -9999 -9999 -9999 -9999 -9999 -9999 -9999
3954 3864 3968 3948 3863 3882 3876 3825 3824 3881 3894 3871 3912 3974 3862 3803 3960 3965 3841 3919 3873 3779 3788 3812 3770 3726 3807 3860 3875 3906 3961 3939 3875 3831 3748 3726 3836 4015 4046 3904 3874 3875 3914 3986 4050 -9999 -9999 -9999 -9999 -9999 -9999 -9999 -9999 -9999 -9999 -9999 -9999 -9999 -9999 -9999 -9999 -9999 -9999 -9999 -9999 -9999 -9999 -9999 -9999 -9999 -9999 -9999 -9999 -9999 -9999 -9999 -9999 -9999 -9999 -9999
4092 3985 3963 3898 3800 3821 3916 3977 3940 3931 3921 3833 3790 3936 3880 3807 3962 3837 3739 3830 3835 3803 3825 3869 3850 3851 3896 3855 3809 3845 3929 3938 3866 3819 3765 3798 3917 4008 4058 4025 4009 3959 3922 3979 4082 -9999 -9999 -9999 -9999 -9999 -9999 -9999 -9999 -9999 -9999 -9999 -9999 -9999 -9999 -9999 -9999 -9999 -9999 -9999 -9999 -9999 -9999 -9999 -9999 -9999 -9999 -9999 -9999 4104 4219 -9999 -9999 -9999 -9999 -9999
3999 3954 3905 3863 3849 3888 3953 4019 3989 3894 3859 3879 3867 3914 3804 3885 4024 3825 3764 3855 3867 3807 3859 3950 3927 3942 3926 3844 3736 3768 3871 3883 3839 3827 3867 3924 3960 3979 3987 4035 4017 3907 3762 3862 4045 3964 -9999 -9999 -9999 -9999 -9999 -9999 -9999 -9999 -9999 -9999 -9999 -9999 -9999 -9999 -9999 -9999 -9999 -9999 -9999 -9999 -9999 -9999 -9999 -9999 -9999 -9999 -9999 4127 4265 -9999 -9999 -9999 -9999 -9999
3930 3995 3974 3878 3848 3897 3943 3946 3915 3888 3904 3981 3925 3787 3701 3900 4002 3810 3882 3969 3947 3859 3917 3953 3890 3903 3891 3808 3731 3770 3857 3835 3776 3828 3933 3974 3950 3887 3877 3941 3963 3880 3752 3845 4088 4141 -9999 -9999 -9999 -9999 -9999 -9999 -9999 -9999 -9999 -9999 -9999 -9999 -9999 -9999 -9999 -9999 -9999 -9999 -9999 -9999 -9999 -9999 -9999 -9999 -9999 3971 4022 4171 4297 -9999 4139 4169 -9999 -9999
3883 4059 4074 3967 3927 3935 3922 3856 3801 3752 3778 3863 3881 3805 3799 3934 3982 3865 3917 3995 3882 3736 3801 3878 3834 3828 3827 3799 3773 3807 3844 3813 3777 3834 3908 3919 3930 3920 3901 3909 3926 3884 3845 3936 4121 4245 -9999 -9999 -9999 -9999 -9999 -9999 -9999 -9999 -9999 -9999 -9999 -9999 -9999 -9999 -9999 -9999 -9999 -9999 -9999 -9999 -9999 -9999 -9999 -9999 -9999 3954 4029 4203 -9999 -9999 4198 4201 -9999 -9999
3845 4018 4015 3991 3975 3962 3919 3836 3763 3702 3679 3766 3906 3919 3912 3959 4036 3922 3799 3816 3771 3644 3657 3864 3874 3764 3803 3792 3760 3772 3803 3846 3866 3873 3892 3895 3925 4015 3994 3903 3856 3849 3903 3982 4089 -9999 -9999 -9999 -9999 -9999 -9999 -9999 -9999 -9999 -9999 -9999 -9999 -9999 -9999 -9999 -9999 -9999 -9999 -9999 -9999 -9999 -9999 -9999 -9999 -9999 -9999 4063 4141 4243 -9999 -9999 -9999 4240 4180 4243
3838 3966 3965 3994 3991 3940 3892 3824 3782 3779 3825 3856 3919 3945 3944 3960 3975 3862 3683 3678 3784 3821 3749 3759 3809 3778 3803 3762 3648 3634 3734 3882 3957 3955 3950 3875 3870 3969 3942 3866 3848 3865 3887 3957 4015 4169 -9999 -9999 -9999 -9999 -9999 -9999 -9999 -9999 -9999 -9999 -9999 -9999 -9999 -9999 -9999 -9999 -9999 -9999 -9999 -9999 -9999 -9999 -9999 -9999 3883 4130 4240 -9999 -9999 -9999 -9999 4177 4166 4145
3895 3942 3961 3998 4035 4004 3928 3849 3785 3806 3890 3838 3833 3919 3902 3910 3915 3855 3740 3674 3703 3708 3700 3695 3804 3795 3780 3786 3643 3614 3738 3893 4016 4008 3965 3835 3826 3913 3891 3916 3981 4012 3977 3935 4005 4229 -9999 -9999 -9999 -9999 -9999 -9999 -9999 -9999 -9999 -9999 -9999 -9999 -9999 -9999 -9999 -9999 -9999 -9999 -9999 -9999 -9999 -9999 -9999 3928 3909 4138 4301 -9999 -9999 -9999 -9999 -9999 4113 4271
3943 3929 3933 3963 3985 3974 3910 3844 3768 3741 3791 3764 3830 3912 3874 3865 3900 3898 3826 3745 3735 3738 3729 3791 3825 3759 3747 3782 3715 3844 3929 3918 3955 3956 3905 3827 3936 4032 3987 3997 4077 4102 4016 3931 4050 4292 -9999 -9999 -9999 -9999 -9999 -9999 -9999 -9999 -9999 -9999 -9999 -9999 -9999 -9999 -9999 -9999 -9999 -9999 -9999 -9999 -9999 -9999 -9999 4041 3977 4156 -9999 -9999 -9999 -9999 -9999 -9999 -9999 -9999
3939 3896 3847 3804 3794 3813 3824 3810 3780 3754 3744 3790 3902 3935 3859 3832 3879 3893 3839 3805 3883 3890 3731 3742 3791 3748 3739 3670 3646 3836 3911 3860 3881 3886 3880 3894 4023 4128 4057 3975 3953 3907 3900 3982 4102 4280 -9999 -9999 -9999 -9999 -9999 -9999 -9999 -9999 -9999 -9999 4560 -9999 -9999 -9999 -9999 -9999 -9999 -9999 -9999 -9999 -9999 -9999 -9999 4021 4068 -9999 -9999 -9999 -9999 -9999 -9999 -9999 -9999 -9999
4005 3981 3938 3845 3745 3711 3719 3760 3799 3850 3775 3751 3861 3887 3834 3803 3831 3801 3736 3747 3922 3922 3719 3731 3784 3808 3817 3728 3712 3811 3824 3866 3887 3856 3881 3928 3954 4000 4021 3956 3872 3744 3844 4094 4156 4152 -9999 -9999 -9999 -9999 -9999 -9999 4458 4421 -9999 -9999 4503 -9999 -9999 -9999 -9999 -9999 -9999 -9999 -9999 -9999 -9999 -9999 4064 4076 -9999 -9999 4300 -9999 -9999 -9999 -9999 4235 -9999 -9999
4096 4058 4048 4028 3955 3864 3810 3755 3766 3812 3721 3658 3743 3788 3816 3803 3791 3714 3634 3657 3810 3895 3816 3793 3806 3862 3893 3842 3814 3824 3814 3874 3895 3860 3877 3928 3953 3928 3907 3916 3929 3903 3858 3998 4071 -9999 -9999 -9999 -9999 -9999 -9999 4500 4439 -9999 -9999 -9999 -9999 -9999 -9999 -9999 -9999 -9999 -9999 -9999 -9999 -9999 -9999 -9999 4083 4210 -9999 -9999 4246 -9999 -9999 -9999 -9999 -9999 4325 4252
4027 4025 3956 3904 3873 3867 3847 3765 3645 3671 3741 3649 3653 3734 3798 3809 3777 3727 3689 3733 3822 3854 3848 3811 3815 3813 3822 3816 3795 3793 3806 3849 3902 3879 3853 3864 3878 3864 3838 3815 3868 3948 3924 3956 4099 4153 -9999 -9999 -9999 -9999 -9999 -9999 -9999 -9999 -9999 -9999 -9999 -9999 -9999 -9999 -9999 -9999 -9999 -9999 -9999 -9999 -9999 4102 4142 4335 -9999 -9999 -9999 -9999 -9999 -9999 -9999 -9999 -9999 4279
3972 4027 4022 3930 3844 3796 3816 3816 3760 3749 3813 3709 3644 3732 3806 3785 3782 3798 3812 3865 3822 3727 3723 3764 3776 3720 3709 3707 3689 3731 3794 3840 3892 3887 3831 3820 3835 3895 3931 3924 3928 3971 4013 4123 4252 -9999 -9999 -9999 -9999 -9999 -9999 -9999 -9999 -9999 -9999 -9999 -9999 -9999 -9999 -9999 -9999 -9999 -9999 -9999 -9999 -9999 -9999 4035 4191 4377 4315 4239 -9999 -9999 -9999 -9999 -9999 -9999 -9999 -9999
3978 3999 4007 3958 3898 3858 3834 3868 3902 3775 3796 3841 3750 3760 3799 3747 3754 3796 3803 3787 3739 3637 3657 3758 3768 3694 3749 3734 3710 3761 3833 3845 3847 3879 3899 3887 3864 3908 3980 3989 3950 3869 3893 4012 4189 -9999 -9999 -9999 -9999 -9999 -9999 -9999 -9999 -9999 -9999 -9999 -9999 -9999 -9999 -9999 -9999 -9999 -9999 -9999 -9999 -9999 -9999 4040 4201 4350 4315 4262 -9999 -9999 -9999 -9999 -9999 -9999 -9999 4244
3905 3876 3895 3890 3864 3867 3868 3927 3896 3691 3769 3927 3868 3842 3792 3705 3656 3692 3676 3607 3746 3769 3721 3793 3734 3724 3849 3836 3838 3875 3873 3815 3789 3869 3971 3959 3855 3803 3808 3864 3886 3806 3791 3939 4095 4328 -9999 -9999 -9999 -9999 -9999 -9999 -9999 -9999 -9999 -9999 -9999 -9999 -9999 -9999 -9999 -9999 -9999 -9999 -9999 -9999 -9999 4099 -9999 -9999 4312 4280 -9999 -9999 -9999 -9999 -9999 -9999 4312 4244
3892 3890 3914 3919 3955 3977 3964 4008 3910 3728 3856 3960 3961 3965 3880 3764 3717 3772 3732 3640 3755 3802 3808 3817 3612 3636 3834 3858 3944 3946 3884 3831 3797 3858 3936 3936 3825 3735 3680 3769 3893 3925 3928 4025 4176 4363 -9999 -9999 -9999 -9999 -9999 -9999 -9999 -9999 -9999 -9999 -9999 -9999 -9999 -9999 -9999 -9999 -9999 -9999 -9999 -9999 4004 4160 4200 4287 4298 4275 -9999 4391 4402 -9999 -9999 -9999 -9999 -9999
4089 4108 4135 4149 4164 4120 4052 4031 3947 3904 3998 3959 3944 3997 3999 3974 4023 4090 4101 4010 3917 3846 3928 3960 3803 3765 3836 3868 3970 3938 3881 3942 3876 3852 3898 3922 3943 3913 3839 3847 3995 4099 4087 4114 4213 -9999 -9999 -9999 -9999 -9999 -9999 -9999 -9999 -9999 -9999 -9999 -9999 -9999 -9999 -9999 -9999 -9999 -9999 -9999 -9999 -9999 4064 4125 4193 4285 4281 -9999 -9999 4396 4334 4219 4198 -9999 -9999 -9999
4314 4345 4352 4305 4259 4175 4102 4073 4021 4072 4086 -9999 -9999 -9999 4140 4157 4222 4315 4337 4226 4095 4064 4125 4130 4032 3969 3972 3952 3936 3939 3943 4032 3945 3894 3938 4000 4107 4150 4101 4067 4071 4090 4053 4074 -9999 -9999 -9999 -9999 -9999 -9999 -9999 -9999 -9999 -9999 -9999 -9999 -9999 -9999 -9999 -9999 -9999 -9999 -9999 -9999 -9999 -9999 -9999 4083 4148 4258 4312 -9999 -9999 -9999 4239 4086 -9999 -9999 -9999 -9999
