test/g2lab/icchange/view/profile/olddata/rastert_delta054.txt
ncols         452
nrows         411
xllcorner     527595,50307841
yllcorner     5934256,8476051
cellsize      5
NODATA_value  -9999
[rows 315 to 349 of 411, columns 79 to 157 of 452]
-9999 -9999 -9999 -9999 -9999 -9999 4984 4831 -9999 -9999 -9999 -9999 -9999 -9999 -9999 -9999 -9999 -9999 -9999 -9999 -9999 4741 -9999 -9999 -9999 5250 5369 5268 5837 6250 5839 5454 5406 -9999 5124 5115 5434 5405 4981 4966 5059 5100 4876 4719 4793 4722 4740 4924 4870 4830 5043 5389 5395 5519 5692 5758 5647 5489 5600 5817 5713 5531 5447 5438 5547 5375 5168 5225 5104 4861 4757 4627 4513 4504 4525 4441 4374 4493 4613
-9999 -9999 -9999 -9999 -9999 -9999 4867 4780 -9999 -9999 -9999 -9999 -9999 -9999 -9999 4921 -9999 4965 5025 5112 5017 5201 5345 5372 5603 5527 5391 5293 5464 5665 5408 4981 4947 5085 5108 4888 4776 4910 5014 4969 4888 4924 4774 4668 4975 5014 4792 4743 4795 -9999 5200 5624 5403 5433 5563 5724 5826 5882 5845 5883 5884 5854 5650 5536 5566 5385 5303 5412 5419 5020 4813 4776 4657 4626 4611 4573 4548 4661 4809
-9999 -9999 5030 -9999 5234 5184 5100 5030 5081 5155 -9999 5013 5016 5247 5167 4938 4933 5119 5167 5079 4960 5038 5146 5317 5399 5152 5096 5140 5132 5077 5042 4919 4954 5087 5027 4723 4443 4561 4867 4930 4754 4711 4826 4946 4978 4786 4765 4689 4717 -9999 -9999 5538 5408 5615 5582 5660 5853 5987 6067 5939 5945 6016 5931 5759 5640 5475 5459 5421 5259 4927 -9999 4720 4623 4654 4702 4595 4494 4589 4794
-9999 5033 5256 5177 5164 5256 5227 4983 4935 5069 4891 4817 4856 4936 4782 4756 4831 4869 4743 4782 4975 5098 5064 5038 5148 5140 5111 4922 4881 5027 5106 4753 4601 4817 4720 4875 4828 4767 4943 4925 4659 4551 4736 4964 4902 4648 4891 4895 4618 -9999 -9999 5414 5529 5907 5783 5793 5844 5889 6161 6138 6012 6066 6068 6027 5830 5590 5555 5264 4895 4821 -9999 -9999 4517 4574 4710 4645 4548 4675 4863
5287 5236 5388 5291 5059 5049 5050 4917 4911 4873 4588 4623 4821 4846 4655 4649 4729 4764 4710 4714 4943 5134 5078 4958 4990 5107 5067 4666 4665 4809 4808 4625 4684 4728 4641 5051 5178 5067 5055 4853 4569 4547 4765 4770 4863 4757 4668 4599 4394 4741 -9999 5480 5395 5696 5929 5942 5934 5850 5861 5964 5987 5969 5973 6005 5823 5635 5505 5175 4615 -9999 -9999 -9999 -9999 -9999 4680 4641 4498 4521 4704
5489 5385 5226 5178 5045 4937 4954 4904 4851 4771 4591 4506 4664 4770 4702 4619 4590 4701 4749 4706 4915 4984 4945 4951 5134 5155 4870 4507 4792 4821 4746 4921 5033 4992 4836 5070 5249 5211 5021 4795 4636 4704 4739 4573 4744 4642 4603 4768 4615 4957 5519 5573 5542 5721 5976 5889 5860 5730 5619 5764 5948 5898 5854 5950 5913 5820 5483 5051 -9999 -9999 -9999 -9999 -9999 -9999 4693 4660 4520 4348 4344
5390 5251 4942 4809 4907 4847 4861 4825 4640 4655 4617 4574 4658 4715 4765 4754 4732 4636 4731 4832 5006 5030 4985 5005 5098 4983 4684 4530 4828 4662 4884 5081 4769 4754 4867 4972 5082 5113 4968 4704 4584 4632 4694 4618 4715 4624 4774 5107 5052 5248 5565 5715 5773 5799 5883 5824 5721 5713 5675 5755 5963 5946 5840 5923 6015 5941 5315 4723 -9999 -9999 -9999 4437 4480 4498 4542 4595 4615 4545 4428
5156 5090 5009 4695 4553 4702 4916 4680 4427 4654 4831 4792 4705 4703 4791 4803 4729 4610 4832 4930 4867 4921 5004 4866 4736 4761 4724 4711 4760 4608 4897 5213 5004 4965 4918 4961 4850 4813 4862 4809 4638 4517 4739 4868 4885 4900 4909 4979 5167 5459 5707 5874 5836 5691 5770 5747 5675 5794 5877 5860 5871 5817 5814 5871 5844 5593 5034 4610 -9999 -9999 4236 4391 4517 4465 4374 -9999 -9999 4523 4611
5056 5036 4952 4631 4443 4719 5009 4714 4416 4666 4768 4746 4659 4661 4726 4614 4617 4794 4978 4946 4837 4891 4935 4779 4691 4827 4871 4796 4778 4844 4874 5116 5177 5079 4911 5142 5129 4803 4816 5000 4972 4860 5060 4942 4942 5096 5058 4999 5213 5541 5695 6023 6026 5789 5783 5748 5719 5810 5940 5861 5740 5762 5869 5725 5501 5147 4828 4510 -9999 -9999 -9999 -9999 -9999 4487 4417 4455 -9999 -9999 -9999
5008 4849 4621 4550 4561 4587 4600 4386 4535 4616 4457 4548 4746 4742 4569 4439 4555 4814 4929 4842 4856 4870 4859 4830 4796 4831 4811 4761 4560 4615 4746 4835 4861 4924 5021 5024 5066 4888 4783 4843 4825 4839 4971 4796 4804 4940 4979 4945 5221 5412 5451 5771 5958 5910 5870 5868 5745 5786 5888 5776 5811 5984 5965 5530 5180 4872 -9999 4377 -9999 4378 4240 -9999 4513 4559 4615 4530 -9999 -9999 -9999
4825 4710 4449 4376 4533 4591 4434 4361 4684 4698 4507 4545 4626 4584 4462 4489 4626 4804 4804 4709 4766 4712 4732 4880 4780 4663 4735 4896 4797 4699 4676 4575 4786 5054 4979 4636 4839 4978 4957 4883 4860 4787 4831 4899 5090 -9999 4908 4926 5260 5459 5567 5815 5946 5933 6006 6122 5937 5777 5774 5799 5951 6136 5938 5344 5027 -9999 -9999 4273 4313 4351 4445 -9999 4434 4510 4552 4392 -9999 -9999 -9999
4629 4714 4650 -9999 -9999 4580 4547 4489 4556 4287 4263 4444 4372 4354 4508 4650 4716 4781 4764 4704 4738 4630 4721 4877 4726 4648 4704 4846 4900 4874 -9999 4509 4737 4882 4824 4644 4797 4763 4855 4982 5059 4959 5070 5077 4966 -9999 -9999 -9999 5150 5292 5605 5906 5947 5842 5817 6021 6035 5790 5782 5904 5991 5889 5730 5272 -9999 -9999 -9999 -9999 -9999 4399 4562 -9999 4318 4370 4316 4333 -9999 -9999 -9999
4521 -9999 -9999 -9999 -9999 4523 4486 4464 4362 4074 4163 4442 4474 4346 4592 4772 4741 4763 4789 4717 4681 4677 4705 4934 4874 4522 4571 4692 4784 4925 -9999 4550 4661 4710 4803 4918 4897 4729 4786 4961 5023 4912 4947 -9999 -9999 -9999 -9999 -9999 4890 5215 5572 5789 5901 5929 5907 6009 6041 5798 5944 6089 5843 5439 5524 5100 -9999 -9999 -9999 -9999 -9999 4420 4522 4420 4306 4397 4261 -9999 -9999 -9999 -9999
4675 4628 4612 4588 -9999 -9999 4461 4328 -9999 -9999 4278 4382 4457 4498 4709 4776 4712 4743 4826 4689 4643 4664 4584 4648 4696 4558 4676 4804 4745 4673 4702 4702 -9999 -9999 4573 4635 4820 4867 4845 4728 4761 4828 -9999 -9999 -9999 -9999 -9999 -9999 5017 5405 5661 5623 5819 6109 6107 6094 5946 5882 6142 6134 5685 5271 5401 -9999 -9999 -9999 -9999 -9999 -9999 4401 4355 4301 4458 4529 -9999 -9999 -9999 -9999 -9999
4677 4475 4376 4549 4606 -9999 4467 4332 4357 -9999 -9999 4354 4521 -9999 -9999 4776 4696 4745 4833 4654 4651 4532 4344 4454 4551 4760 4789 4686 4613 4581 4710 -9999 -9999 -9999 4572 4498 4716 5020 5040 4803 4747 4951 -9999 -9999 -9999 -9999 -9999 5181 5273 5491 5726 5707 5823 6020 6011 6081 6020 6091 6152 5899 5606 5225 4995 -9999 -9999 -9999 -9999 -9999 -9999 -9999 -9999 4297 4610 4674 -9999 -9999 -9999 -9999 -9999
4536 4448 4465 4594 4604 4574 4495 4427 4426 -9999 -9999 -9999 -9999 4536 4591 4659 4462 4606 4775 4675 4689 4500 4409 4588 4468 4685 4861 4678 4553 4701 -9999 -9999 -9999 -9999 -9999 4629 4746 5026 5047 4825 4804 4980 4987 4840 -9999 5111 5176 5247 5295 5552 5845 5894 5706 5893 6096 6042 5940 6042 5901 5561 5517 4937 4423 -9999 -9999 -9999 -9999 -9999 -9999 -9999 -9999 4325 4609 4657 -9999 -9999 -9999 -9999 -9999
4551 4609 4532 4449 4438 4515 -9999 -9999 4243 -9999 -9999 -9999 -9999 4319 4421 -9999 -9999 4484 4644 4595 4597 4690 4592 4676 4727 4785 4749 4583 4457 -9999 -9999 -9999 -9999 -9999 -9999 -9999 4767 4933 4922 4695 4630 4790 4843 4798 5044 5257 5364 5214 5069 5238 5618 5731 5500 5445 5681 5731 5605 5740 5498 5141 5074 4558 4182 -9999 -9999 -9999 -9999 -9999 -9999 4438 4366 4387 4506 4528 -9999 -9999 -9999 -9999 -9999
4363 4525 4487 4333 -9999 -9999 -9999 4315 4252 4431 4702 4808 -9999 4514 -9999 -9999 4548 4494 4561 4605 4637 -9999 -9999 -9999 -9999 4782 4570 -9999 -9999 -9999 -9999 -9999 -9999 -9999 -9999 -9999 -9999 -9999 -9999 -9999 4557 4575 -9999 4589 4617 4981 5233 5209 5000 4970 5166 5391 5417 5373 5352 5473 5446 5422 5150 4846 4697 4515 -9999 -9999 -9999 -9999 -9999 -9999 4402 4573 4612 4489 4456 4519 -9999 -9999 -9999 -9999 -9999
4519 4508 4525 4475 -9999 -9999 4612 4461 4392 4488 4609 4846 4821 4692 -9999 -9999 4537 4437 4564 4757 4652 -9999 -9999 4423 4491 4681 4615 4386 4533 4641 -9999 -9999 -9999 -9999 -9999 -9999 -9999 -9999 -9999 4520 4535 4559 -9999 4346 4456 4919 5163 5360 5444 5380 5312 5254 5432 5568 5378 5473 5556 5425 5176 4841 -9999 -9999 -9999 -9999 -9999 -9999 4302 -9999 -9999 4571 4693 4550 4504 -9999 -9999 -9999 -9999 -9999 -9999
4679 4585 4599 4537 4607 -9999 -9999 4380 4390 4564 4603 4555 4561 4508 -9999 4610 4590 4624 4725 4810 4738 4647 4714 4554 4272 4361 4567 4485 4515 4455 4306 -9999 4524 4385 4393 -9999 4399 4201 4301 4489 4526 4677 4679 4071 4498 5183 5389 5419 5508 5531 5421 5302 5256 5437 5618 5718 5698 5528 5230 4879 -9999 4619 -9999 -9999 -9999 -9999 -9999 -9999 -9999 4409 4594 4619 4569 -9999 -9999 -9999 -9999 -9999 -9999
4617 4640 4578 4482 4510 -9999 -9999 -9999 -9999 4655 4547 4240 4360 4541 4640 4658 4689 4874 5045 5013 4847 4759 4748 4669 4458 4485 4669 4679 4635 4437 4394 4573 4593 4408 4388 4606 4592 4435 4458 4548 4408 4284 4315 4366 4978 5492 5667 5573 5504 5470 5465 5465 5483 5418 5571 5672 5561 5281 4901 4650 -9999 -9999 -9999 -9999 -9999 -9999 4299 -9999 -9999 4463 4554 4661 -9999 -9999 -9999 -9999 -9999 -9999 -9999
4448 4603 -9999 -9999 -9999 -9999 -9999 -9999 -9999 -9999 -9999 -9999 -9999 -9999 -9999 4641 4553 4609 4797 4850 4753 4770 4848 4824 4686 4669 4641 4693 4734 4604 4694 4750 4619 4521 4557 4674 4657 4548 4589 4638 4486 4269 4322 4863 5285 5438 5494 5431 5411 5426 5498 5572 5621 5560 5475 5465 5330 5045 4722 4568 -9999 -9999 -9999 -9999 -9999 -9999 -9999 -9999 -9999 -9999 -9999 -9999 -9999 -9999 -9999 -9999 -9999 -9999 -9999
4582 4654 -9999 4700 4608 4518 4490 -9999 -9999 -9999 -9999 -9999 -9999 -9999 -9999 4598 4593 -9999 -9999 4609 4674 4768 4879 4913 4795 4676 4554 4594 4692 4700 4841 4836 4639 4565 4608 4621 4610 4623 4715 4616 4356 4297 4473 4896 5344 5372 5323 5274 5365 5501 5597 5550 5591 5700 5580 5359 4967 4607 -9999 -9999 -9999 -9999 -9999 -9999 -9999 -9999 -9999 -9999 -9999 -9999 -9999 -9999 -9999 -9999 -9999 -9999 -9999 -9999 -9999
4748 4651 4564 4579 4583 4512 4445 4482 4491 4408 4347 4444 -9999 -9999 -9999 4662 4634 -9999 -9999 -9999 4683 4849 4839 4882 4850 4732 4638 4694 4751 4738 4753 4787 4661 4558 4585 4608 4620 4639 4663 4456 4048 4197 4800 5127 5349 5351 5317 5240 5158 5317 5501 5448 5424 5446 5299 5041 4625 -9999 -9999 -9999 -9999 -9999 -9999 4498 -9999 -9999 -9999 -9999 -9999 -9999 4663 -9999 -9999 -9999 -9999 -9999 -9999 -9999 -9999
4743 4664 4622 4708 4651 4616 4602 4635 4573 4600 4652 4624 4618 -9999 -9999 4713 -9999 -9999 -9999 -9999 -9999 4791 -9999 4861 4903 4875 4858 4912 -9999 -9999 -9999 -9999 -9999 4613 -9999 -9999 -9999 -9999 4433 4270 4095 4506 5215 5311 5383 5320 5248 5245 5117 5069 5267 5404 5460 5349 5002 4640 4598 -9999 4587 -9999 -9999 -9999 4522 -9999 -9999 -9999 -9999 -9999 -9999 -9999 -9999 -9999 -9999 -9999 -9999 -9999 -9999 -9999 -9999
-9999 -9999 -9999 4827 4728 4705 4713 4777 4857 4835 4829 4783 4735 -9999 -9999 -9999 4689 -9999 -9999 -9999 -9999 -9999 -9999 -9999 -9999 -9999 -9999 -9999 -9999 -9999 -9999 -9999 -9999 -9999 -9999 -9999 -9999 -9999 4257 4093 4134 4745 5338 5426 5446 5465 5480 5411 5208 4944 4961 5161 5291 5168 4768 4432 -9999 -9999 -9999 -9999 -9999 -9999 -9999 -9999 -9999 4347 4292 -9999 -9999 -9999 -9999 -9999 -9999 -9999 -9999 -9999 -9999 -9999 -9999
-9999 -9999 -9999 -9999 -9999 -9999 -9999 -9999 -9999 -9999 -9999 -9999 -9999 -9999 4785 -9999 -9999 -9999 -9999 -9999 -9999 -9999 -9999 -9999 -9999 -9999 -9999 -9999 -9999 -9999 -9999 -9999 -9999 -9999 -9999 -9999 -9999 4544 4415 4510 4782 5043 5361 5446 5421 5403 5488 5436 5203 4987 5026 5171 5123 4896 4804 4551 4471 -9999 -9999 -9999 -9999 -9999 -9999 -9999 -9999 4322 -9999 -9999 -9999 -9999 -9999 -9999 -9999 -9999 -9999 -9999 -9999 -9999 -9999
-9999 -9999 -9999 -9999 -9999 -9999 -9999 -9999 -9999 -9999 -9999 -9999 -9999 -9999 -9999 -9999 -9999 -9999 -9999 -9999 -9999 -9999 -9999 -9999 -9999 -9999 -9999 -9999 -9999 -9999 -9999 -9999 -9999 -9999 -9999 -9999 -9999 4422 4413 4791 5289 5375 5439 5418 5254 5154 5245 5305 5161 5026 5132 5149 4975 4754 4693 -9999 4391 -9999 -9999 -9999 -9999 -9999 -9999 -9999 4431 4522 -9999 -9999 4510 -9999 -9999 -9999 -9999 -9999 -9999 -9999 -9999 -9999 -9999
-9999 -9999 -9999 -9999 -9999 -9999 -9999 -9999 -9999 -9999 -9999 -9999 -9999 -9999 -9999 -9999 -9999 -9999 -9999 -9999 -9999 -9999 -9999 -9999 -9999 -9999 -9999 -9999 -9999 -9999 -9999 -9999 -9999 -9999 -9999 -9999 -9999 4470 4470 4720 5280 5567 5399 5274 5110 5059 5159 5223 5168 5089 5066 4930 4832 4694 -9999 -9999 -9999 -9999 -9999 -9999 4454 -9999 -9999 -9999 -9999 -9999 -9999 -9999 -9999 -9999 -9999 -9999 -9999 -9999 -9999 -9999 -9999 -9999 -9999
4436 4395 4583 4686 -9999 -9999 -9999 -9999 -9999 -9999 -9999 -9999 -9999 4733 4571 -9999 4551 4579 4578 4553 -9999 -9999 -9999 -9999 -9999 -9999 -9999 -9999 -9999 -9999 -9999 -9999 -9999 -9999 -9999 -9999 -9999 4666 4775 4964 5158 5391 5299 5190 5113 5150 5208 5203 5151 5163 5001 4694 4738 -9999 -9999 -9999 -9999 -9999 -9999 -9999 -9999 -9999 -9999 -9999 4328 -9999 -9999 4552 -9999 -9999 -9999 -9999 -9999 -9999 -9999 -9999 -9999 -9999 -9999
4587 4661 4770 4740 4644 -9999 -9999 -9999 -9999 -9999 4719 4721 4747 4798 4802 4834 4730 4762 4779 4728 4815 -9999 4909 4855 4858 -9999 -9999 -9999 -9999 -9999 -9999 -9999 -9999 -9999 -9999 -9999 4526 4800 5274 5375 4993 5200 5335 5205 5107 5185 5346 5309 5154 5170 4913 4565 4664 -9999 -9999 -9999 -9999 -9999 -9999 -9999 -9999 -9999 4408 4246 4389 4511 4637 -9999 -9999 -9999 -9999 -9999 -9999 -9999 -9999 -9999 -9999 -9999 -9999
4685 4739 4693 4681 4692 -9999 -9999 -9999 4780 4757 4889 4882 4817 4959 4923 4914 4894 4866 4857 4830 4861 4893 4951 5008 5028 4996 4891 4823 -9999 -9999 4950 4862 4781 4786 4574 4423 4507 4697 5313 5451 5069 5251 5401 5280 5159 5271 5548 5541 5239 5048 4876 4595 -9999 -9999 -9999 4457 -9999 -9999 -9999 -9999 -9999 -9999 4492 4415 4506 4583 4755 -9999 -9999 -9999 -9999 -9999 -9999 -9999 -9999 -9999 -9999 -9999 -9999
4747 4633 4557 -9999 -9999 -9999 -9999 4835 4753 4820 4925 4965 4949 5038 4902 4959 4991 4843 4759 4682 4648 4689 4795 4842 4868 4886 4877 4939 4885 4795 4794 4855 4821 4775 4642 4671 4920 5062 5135 5387 5293 5133 5173 5282 5307 5426 5689 5755 5364 4963 4912 -9999 4397 -9999 -9999 -9999 4471 4563 -9999 -9999 -9999 -9999 4574 4614 4621 -9999 -9999 -9999 -9999 -9999 -9999 -9999 -9999 -9999 -9999 -9999 -9999 -9999 -9999
4840 4603 4568 4553 -9999 -9999 -9999 4961 4919 4786 4771 4960 4987 4976 4951 5028 5119 5054 4945 4750 4579 4621 4740 4734 4755 4757 4750 4830 4719 4666 4757 4922 4736 4665 4819 4923 5341 5413 5142 5181 5275 5300 5304 5329 5447 5444 5470 5507 5427 5031 4790 4555 4431 -9999 -9999 -9999 4553 -9999 -9999 -9999 -9999 -9999 -9999 -9999 4689 4634 -9999 -9999 -9999 -9999 -9999 -9999 -9999 -9999 -9999 -9999 -9999 -9999 -9999
4857 4754 4625 4508 4678 4898 -9999 -9999 -9999 4708 4665 4895 4855 4957 5043 5050 5218 5121 4928 4827 4751 4873 4912 4750 4738 4737 4837 4929 4664 4669 4854 4883 4592 4314 4446 4766 5303 5435 5336 5446 5372 5457 5469 5276 5352 5336 5243 5256 5449 -9999 -9999 -9999 -9999 -9999 -9999 -9999 -9999 -9999 -9999 -9999 -9999 -9999 -9999 4768 4737 4685 -9999 -9999 -9999 -9999 -9999 -9999 -9999 -9999 -9999 -9999 -9999 -9999 -9999
