test/g2lab/icchange/view/profile/olddata/rastert_delta054.txt
ncols         452
nrows         411
xllcorner     527595,50307841
yllcorner     5934256,8476051
cellsize      5
NODATA_value  -9999
[rows 350 to 384 of 411, columns 158 to 236 of 452]
-9999 -9999 -9999 -9999 -9999 -9999 -9999 -9999 -9999 -9999 -9999 -9999 -9999 -9999 -9999 -9999 -9999 -9999 -9999 -9999 -9999 -9999 -9999 -9999 4915 4527 4452 4437 -9999 -9999 4889 4777 4628 4770 4925 5039 4923 -9999 -9999 -9999 -9999 -9999 -9999 4946 4713 4680 4980 5459 5535 5198 5019 5117 5034 -9999 -9999 -9999 3435 4272 4626 4786 4731 4871 4689 4907 5086 4799 4633 4711 4777 4821 4749 4790 4888 4792 -9999 -9999 -9999 -9999 -9999
-9999 -9999 -9999 -9999 -9999 -9999 -9999 -9999 -9999 -9999 -9999 -9999 -9999 -9999 -9999 -9999 -9999 -9999 -9999 -9999 -9999 -9999 -9999 -9999 4734 4457 4534 -9999 -9999 -9999 4941 4766 4631 4654 4726 4926 4880 -9999 -9999 -9999 -9999 -9999 -9999 -9999 -9999 4588 4874 5155 5110 4885 4869 4882 5076 -9999 -9999 -9999 2787 3935 4775 5077 4931 4793 4871 4854 4904 4762 4514 4495 4628 4735 4711 4584 4745 4858 4823 4781 4839 4861 4723
-9999 -9999 -9999 -9999 -9999 -9999 -9999 -9999 -9999 -9999 -9999 -9999 -9999 -9999 -9999 -9999 -9999 -9999 -9999 -9999 -9999 -9999 -9999 -9999 -9999 4658 4591 4432 -9999 4749 4853 4666 4593 4505 4561 4743 4762 -9999 -9999 -9999 -9999 -9999 -9999 -9999 -9999 -9999 4898 4950 4771 4854 5029 5038 5288 5099 3933 -9999 -9999 3299 4362 5084 5163 5231 5237 4987 4913 4990 4912 4700 4730 4756 4668 4559 4825 4911 4742 4672 4772 4636 4557
-9999 -9999 -9999 -9999 -9999 -9999 -9999 -9999 -9999 -9999 -9999 -9999 -9999 -9999 -9999 -9999 -9999 -9999 -9999 -9999 -9999 -9999 -9999 -9999 -9999 -9999 -9999 4548 4527 4707 4762 4668 4627 4417 4503 4695 4685 -9999 -9999 -9999 -9999 -9999 -9999 -9999 -9999 -9999 4964 5199 5040 5098 5203 5158 5181 5251 -9999 -9999 -9999 -9999 3583 4733 5025 5117 5376 5430 5241 5033 4789 4703 4881 4877 4766 4615 4643 4655 4604 4619 4805 4649 4657
-9999 -9999 -9999 -9999 -9999 -9999 -9999 -9999 -9999 -9999 -9999 -9999 -9999 -9999 -9999 -9999 -9999 -9999 -9999 -9999 -9999 -9999 -9999 -9999 -9999 -9999 4607 4550 4488 4614 4766 4843 4871 4761 4705 4798 4760 4802 -9999 -9999 -9999 -9999 -9999 -9999 -9999 4568 5046 5339 5259 5242 5362 5177 4938 4991 5035 -9999 -9999 -9999 3092 4183 5013 5284 5553 5764 5519 5169 5019 5106 5162 5032 5132 5056 4792 4640 4633 4797 4893 4949 4980
-9999 -9999 -9999 -9999 -9999 -9999 -9999 -9999 -9999 -9999 -9999 -9999 -9999 -9999 -9999 -9999 -9999 -9999 -9999 -9999 -9999 -9999 -9999 -9999 -9999 -9999 4655 4597 4403 4378 4612 4973 5083 4989 4783 4876 4877 4777 -9999 -9999 -9999 -9999 -9999 -9999 4688 4819 4956 4946 5056 5287 5492 5399 5242 5292 5389 -9999 -9999 -9999 -9999 3122 4252 5154 5385 -9999 -9999 -9999 5372 5496 5222 4838 4975 5025 5018 4807 4560 5026 5341 5261 5093
-9999 -9999 -9999 -9999 -9999 -9999 -9999 -9999 -9999 -9999 -9999 -9999 -9999 -9999 -9999 -9999 -9999 -9999 -9999 -9999 -9999 -9999 -9999 -9999 -9999 -9999 -9999 -9999 4486 4307 4548 4820 4850 4743 4770 4796 4892 4969 5053 -9999 -9999 -9999 -9999 4528 4940 5260 5005 4476 4850 5352 5519 5512 5416 5376 5298 5147 -9999 -9999 -9999 -9999 3076 4424 5456 -9999 -9999 -9999 5341 5302 5056 4863 4974 4974 5117 5076 4885 5092 5390 5237 5062
-9999 -9999 -9999 -9999 -9999 -9999 -9999 -9999 -9999 -9999 -9999 -9999 -9999 -9999 -9999 -9999 -9999 -9999 -9999 -9999 -9999 -9999 -9999 -9999 -9999 -9999 -9999 -9999 4565 4508 4520 4557 4814 4955 4884 4771 5087 5267 5066 4672 4646 -9999 -9999 -9999 -9999 5034 4748 4466 5021 5254 5244 5408 5422 5356 5285 5137 4969 -9999 -9999 -9999 -9999 3354 4503 5221 -9999 -9999 5348 5263 5297 5291 5358 5352 5348 5093 4904 4929 5207 5239 5071
-9999 -9999 -9999 -9999 -9999 -9999 -9999 -9999 -9999 -9999 -9999 -9999 -9999 -9999 -9999 -9999 -9999 -9999 -9999 -9999 -9999 -9999 -9999 -9999 -9999 -9999 -9999 -9999 -9999 4748 4608 4613 4936 4990 4956 5031 5345 5385 4981 4612 4695 4545 4438 -9999 -9999 -9999 4677 4818 4935 4893 5013 5310 5481 5442 5251 5121 5024 -9999 -9999 -9999 -9999 -9999 3301 4320 5191 5509 5321 5335 5604 5440 5285 5187 5128 4928 4938 5084 5023 4917 5015
-9999 -9999 -9999 -9999 -9999 -9999 -9999 -9999 -9999 -9999 -9999 -9999 -9999 -9999 -9999 -9999 -9999 -9999 -9999 -9999 -9999 -9999 -9999 -9999 -9999 -9999 -9999 -9999 -9999 -9999 4669 4680 4804 4763 5005 5213 5330 5189 4906 4569 4510 4430 4603 -9999 -9999 -9999 4746 5032 4903 4742 4943 5145 5262 5339 5212 5198 5220 4998 4842 -9999 -9999 -9999 -9999 3104 3947 4713 5019 5271 5513 5427 5480 5268 5039 5001 4961 5001 4848 4651 4949
-9999 -9999 -9999 -9999 -9999 -9999 -9999 -9999 -9999 -9999 -9999 -9999 -9999 -9999 -9999 -9999 -9999 -9999 -9999 -9999 -9999 -9999 -9999 -9999 -9999 -9999 -9999 -9999 -9999 -9999 4605 4578 4592 4734 5096 5126 5013 4935 4892 4580 4525 4604 4649 -9999 -9999 4551 4767 4971 4855 4655 4812 4968 5041 5132 5165 5189 5210 5205 5210 5184 -9999 -9999 -9999 -9999 -9999 3825 4457 5197 5417 5402 5615 5509 5090 5017 5272 5134 4805 4619 4758
-9999 -9999 -9999 -9999 -9999 -9999 -9999 -9999 -9999 -9999 -9999 -9999 -9999 -9999 -9999 -9999 -9999 -9999 -9999 -9999 -9999 -9999 -9999 -9999 -9999 -9999 -9999 -9999 -9999 -9999 -9999 4498 4669 4891 5033 4888 4804 -9999 -9999 -9999 4713 4764 4491 4580 -9999 4633 4756 4806 4714 4677 4792 -9999 -9999 4978 5154 5290 5285 5262 5277 5224 4901 -9999 -9999 -9999 -9999 -9999 -9999 3988 4489 4857 5242 5407 5163 4885 5037 4994 4793 4876 5045
-9999 -9999 -9999 -9999 -9999 -9999 -9999 -9999 -9999 -9999 -9999 -9999 -9999 -9999 -9999 -9999 -9999 -9999 -9999 -9999 -9999 -9999 -9999 -9999 -9999 -9999 -9999 -9999 -9999 -9999 -9999 -9999 4653 4793 4819 4780 4774 -9999 4561 4632 4716 4922 4795 4587 4497 4638 4801 4843 4779 4760 4681 4639 -9999 5019 5121 5231 5240 5168 5062 5028 4973 5114 -9999 -9999 -9999 -9999 -9999 -9999 3249 3914 4713 5031 4881 4630 4605 -9999 -9999 5088 5141
-9999 -9999 -9999 -9999 -9999 -9999 -9999 -9999 -9999 -9999 -9999 -9999 -9999 -9999 -9999 -9999 -9999 -9999 -9999 -9999 -9999 -9999 -9999 -9999 -9999 -9999 -9999 -9999 -9999 4823 4693 4459 -9999 -9999 4707 4738 4657 4505 4534 4602 4596 4837 4846 4627 4555 4643 4684 4627 4590 4676 4553 4517 4795 4962 5070 5130 -9999 5286 5250 5082 5007 5162 4979 4671 4414 -9999 -9999 -9999 -9999 -9999 3740 4331 4460 4746 4819 4822 4844 4873 4827
-9999 -9999 -9999 -9999 -9999 -9999 -9999 -9999 -9999 -9999 -9999 -9999 -9999 -9999 -9999 -9999 -9999 -9999 -9999 -9999 -9999 -9999 -9999 -9999 -9999 -9999 -9999 -9999 -9999 4591 4541 4345 4370 -9999 -9999 4578 4519 4621 4547 4606 4572 4632 4679 4739 4780 4796 4680 4481 4443 4600 4694 4755 4857 4940 5001 -9999 -9999 5136 5158 5083 4910 4836 4823 4928 5125 -9999 -9999 -9999 -9999 -9999 -9999 3559 4219 -9999 4818 4741 4673 4647 4603
-9999 -9999 -9999 -9999 -9999 -9999 -9999 -9999 -9999 -9999 -9999 -9999 -9999 -9999 -9999 -9999 -9999 -9999 -9999 -9999 -9999 -9999 -9999 -9999 -9999 -9999 -9999 -9999 4666 4580 4423 4153 -9999 -9999 -9999 4434 4582 4645 4240 4475 4650 4571 4595 4688 4645 4516 4466 4504 4530 4527 4547 4658 4815 4859 4832 4925 5038 5059 5028 5071 5114 5061 5000 4996 4983 5038 -9999 -9999 -9999 -9999 -9999 -9999 -9999 -9999 -9999 4756 4759 4724 4618
-9999 -9999 -9999 -9999 -9999 -9999 -9999 -9999 -9999 -9999 -9999 -9999 -9999 -9999 -9999 -9999 -9999 -9999 -9999 -9999 -9999 -9999 -9999 -9999 -9999 -9999 -9999 -9999 4656 4774 4607 4343 4440 -9999 -9999 4566 4697 4845 4551 4507 4725 4729 4668 4740 4680 4405 4324 4527 4713 4615 4492 4620 4740 4845 4904 4999 5073 5106 5126 5183 5190 5194 5196 5157 4902 4933 5141 5200 -9999 -9999 -9999 -9999 -9999 3774 4397 4763 4873 4737 -9999
-9999 -9999 4672 -9999 -9999 -9999 -9999 -9999 -9999 -9999 -9999 -9999 -9999 -9999 -9999 -9999 -9999 -9999 -9999 -9999 -9999 -9999 -9999 -9999 -9999 -9999 -9999 -9999 4512 4790 4856 4603 4687 -9999 -9999 -9999 -9999 4865 4798 4490 4630 4675 4740 4847 4792 4651 4507 4607 4732 4663 4691 4823 4687 4464 -9999 4941 5036 4948 4977 5112 5108 5228 5377 5410 5125 5122 5207 5316 5690 -9999 -9999 -9999 -9999 -9999 3739 4531 4795 4754 -9999
-9999 -9999 4783 -9999 -9999 -9999 -9999 -9999 -9999 -9999 -9999 -9999 -9999 -9999 -9999 -9999 -9999 -9999 -9999 -9999 -9999 -9999 -9999 -9999 -9999 -9999 -9999 -9999 5079 5165 4967 -9999 -9999 -9999 -9999 -9999 -9999 -9999 4721 4702 4681 4759 4916 4824 4541 4600 4709 4773 4742 4593 4696 4795 4611 -9999 4375 4780 5015 4993 5052 5096 5169 5464 5566 5405 5230 5392 5486 5531 5544 5171 -9999 -9999 -9999 -9999 -9999 3449 4127 4516 4774
-9999 -9999 5001 4862 -9999 -9999 -9999 -9999 -9999 -9999 -9999 -9999 -9999 -9999 -9999 -9999 -9999 -9999 -9999 -9999 -9999 -9999 -9999 -9999 -9999 -9999 -9999 -9999 5035 5113 4823 4653 4584 -9999 -9999 -9999 4622 -9999 -9999 4612 4630 4829 4942 4955 4655 4563 4792 4952 4777 4488 4641 -9999 -9999 -9999 4722 4906 4917 4888 5087 5156 5191 5351 5304 5267 5260 5331 5345 5471 5203 4815 4981 -9999 -9999 -9999 -9999 -9999 3226 4065 4604
-9999 -9999 -9999 -9999 -9999 -9999 -9999 -9999 -9999 -9999 -9999 -9999 -9999 -9999 -9999 -9999 -9999 -9999 -9999 -9999 -9999 -9999 -9999 -9999 -9999 -9999 4872 4722 -9999 -9999 4609 4821 4744 -9999 -9999 -9999 4354 4660 -9999 4703 4548 4653 4774 4938 4756 4603 4833 4829 4778 4634 4660 4702 -9999 4526 4711 4918 4748 4632 4916 5055 5160 5142 5051 5263 5511 5498 5356 5527 5391 5038 5094 5328 5044 -9999 -9999 -9999 -9999 3153 3802
-9999 -9999 -9999 -9999 -9999 -9999 -9999 -9999 -9999 -9999 -9999 -9999 -9999 -9999 -9999 -9999 -9999 -9999 -9999 -9999 -9999 -9999 -9999 -9999 -9999 -9999 4789 4849 -9999 4983 4681 4882 4806 4405 4256 4523 4813 4842 -9999 4811 4552 4566 4739 4854 4901 4909 4915 4733 4711 4735 4621 4486 4506 4686 4852 4892 4706 4544 4749 5033 5139 5055 4972 5099 5307 5511 5558 5705 5656 5215 5116 5407 5180 4879 -9999 -9999 -9999 -9999 -9999
-9999 -9999 -9999 -9999 -9999 -9999 -9999 -9999 -9999 -9999 -9999 -9999 -9999 -9999 -9999 -9999 -9999 -9999 -9999 -9999 -9999 -9999 -9999 -9999 -9999 -9999 -9999 4861 5098 4969 4824 4833 4698 4609 4464 4612 4928 4776 -9999 4845 4633 4692 4766 4877 5124 5148 4996 4734 4622 4747 4689 4566 4599 4835 4938 4803 4704 4745 4867 5040 5057 4953 4994 5120 5178 5399 5639 -9999 -9999 5277 5303 5457 5096 4867 4900 -9999 -9999 -9999 -9999
-9999 -9999 -9999 -9999 -9999 -9999 -9999 -9999 -9999 -9999 -9999 -9999 4969 -9999 -9999 -9999 -9999 -9999 -9999 -9999 -9999 -9999 -9999 -9999 -9999 -9999 -9999 4959 4812 4815 4942 4912 -9999 -9999 4551 4533 4623 4803 -9999 4708 4701 4775 4781 4865 5076 4980 4931 4815 4724 4942 4664 4559 4750 4839 -9999 -9999 4784 4962 5006 4936 4950 4799 4934 5161 5176 5165 5504 -9999 5538 5394 5478 5515 5335 5189 5266 5382 5209 4783 -9999
-9999 -9999 -9999 -9999 -9999 -9999 -9999 -9999 -9999 -9999 -9999 -9999 -9999 -9999 -9999 -9999 -9999 -9999 -9999 -9999 -9999 -9999 -9999 -9999 -9999 -9999 4900 4861 4787 4852 4890 -9999 -9999 -9999 -9999 4661 4647 4580 4492 4555 4663 4683 4772 4747 4740 4715 4751 4944 4851 4753 4646 4669 4939 -9999 -9999 -9999 4889 -9999 5026 4781 4660 4795 4983 5172 5209 5173 -9999 5651 5607 5371 5573 5598 5507 5422 5382 5223 5117 5175 5294
-9999 -9999 -9999 -9999 -9999 -9999 -9999 -9999 -9999 -9999 -9999 -9999 -9999 -9999 -9999 -9999 -9999 -9999 -9999 -9999 -9999 -9999 -9999 -9999 -9999 -9999 -9999 4887 5141 5107 -9999 -9999 -9999 -9999 -9999 -9999 -9999 4467 4370 4516 4615 4699 4829 4710 4709 4680 4657 4967 4888 4673 4847 4874 4897 4918 4760 -9999 -9999 -9999 4834 4716 4763 5027 5190 5288 5310 5279 5329 5404 5551 5515 5490 5441 5458 5486 5448 5365 5128 5238 5415
-9999 -9999 -9999 -9999 -9999 -9999 -9999 -9999 -9999 -9999 -9999 -9999 -9999 -9999 -9999 -9999 -9999 -9999 -9999 -9999 -9999 -9999 -9999 -9999 -9999 -9999 -9999 4917 5114 5165 -9999 -9999 -9999 -9999 -9999 -9999 -9999 4508 4406 4510 4695 4746 4830 -9999 4950 4799 4728 4983 4970 4799 4813 4990 -9999 4999 5082 -9999 -9999 4936 4908 4981 5043 5117 5115 5087 5176 5347 5406 5376 5399 5527 5424 5304 5455 5635 5597 5435 5223 5407 5589
-9999 -9999 -9999 -9999 -9999 -9999 -9999 -9999 -9999 -9999 -9999 -9999 -9999 -9999 -9999 -9999 -9999 -9999 -9999 -9999 -9999 -9999 -9999 -9999 -9999 4748 4735 4903 4942 4988 5103 -9999 -9999 -9999 -9999 -9999 -9999 4566 4683 -9999 4717 4628 -9999 -9999 -9999 4892 4935 5038 4962 4947 4955 4990 -9999 4915 4980 -9999 -9999 5062 5075 5041 5016 4962 4847 4825 5004 5266 5415 5371 5350 5528 5426 5252 5385 5503 5313 5204 5324 5404 5393
-9999 -9999 -9999 -9999 -9999 -9999 -9999 -9999 -9999 -9999 -9999 -9999 -9999 -9999 -9999 -9999 -9999 -9999 -9999 -9999 -9999 -9999 -9999 -9999 4891 4749 4805 4845 4804 4817 5012 5146 -9999 -9999 -9999 4724 -9999 -9999 -9999 -9999 -9999 4566 -9999 -9999 4808 4911 5043 5080 4904 4806 4935 4859 4750 4865 4990 -9999 5150 5240 4971 4940 5046 4990 4846 4835 4973 5087 5166 5338 5404 5382 5225 5165 5246 5211 4839 4990 5335 5252 5132
-9999 -9999 -9999 -9999 -9999 -9999 -9999 -9999 -9999 -9999 -9999 -9999 -9999 -9999 -9999 -9999 -9999 -9999 -9999 -9999 -9999 -9999 5061 4892 4720 4751 4774 4814 4826 4858 5000 4955 4891 -9999 -9999 4674 4575 -9999 -9999 -9999 -9999 4565 4682 -9999 -9999 -9999 -9999 4923 4864 4730 4858 4911 4740 4743 4930 4987 5221 5415 5095 5185 5343 5195 4952 4902 4957 4959 4961 5274 5369 5173 5099 5134 5195 5083 4799 5078 5342 5045 4735
-9999 -9999 -9999 -9999 -9999 -9999 -9999 -9999 -9999 -9999 -9999 -9999 -9999 -9999 -9999 -9999 -9999 -9999 -9999 -9999 -9999 -9999 4855 4892 4855 4774 4687 4787 4915 5025 5065 4884 4901 4903 4795 4717 4623 -9999 -9999 -9999 4750 4570 4527 -9999 -9999 -9999 -9999 4804 4831 4762 4691 4730 4719 4731 4937 5098 5340 5442 5316 5464 5509 5166 4777 4745 4932 5033 5005 5165 5267 5175 5132 5147 5171 5085 4971 5169 5291 4764 3980
-9999 -9999 -9999 -9999 -9999 -9999 -9999 -9999 -9999 -9999 -9999 -9999 -9999 -9999 -9999 -9999 -9999 -9999 -9999 -9999 -9999 -9999 4792 4887 4897 4767 4698 4866 5050 5169 -9999 -9999 -9999 -9999 4783 4691 4590 -9999 -9999 -9999 4794 4603 4441 -9999 -9999 -9999 4921 4665 4600 4566 4637 4842 4829 4858 4901 5087 5299 5384 5366 5379 5395 5154 4826 4785 5015 5166 5138 5128 5132 5207 5202 5118 5021 4991 5008 5047 5139 4315 -9999
-9999 -9999 -9999 -9999 -9999 -9999 -9999 -9999 -9999 -9999 -9999 -9999 -9999 -9999 -9999 -9999 -9999 -9999 -9999 -9999 -9999 -9999 -9999 -9999 4802 4853 4886 5014 5144 5102 -9999 -9999 -9999 -9999 -9999 -9999 -9999 -9999 -9999 -9999 -9999 4705 4669 4725 4819 4769 4802 4648 4369 4666 4756 4889 4866 4966 4796 4837 5170 5311 5237 5245 5274 5073 4967 5011 5110 5084 4979 4951 5022 5158 5287 5225 5048 4968 4932 4920 4789 -9999 -9999
-9999 -9999 -9999 -9999 -9999 -9999 -9999 -9999 -9999 -9999 -9999 -9999 -9999 -9999 -9999 -9999 -9999 -9999 -9999 -9999 -9999 -9999 -9999 -9999 4922 4996 4973 5055 5099 4974 -9999 -9999 -9999 -9999 -9999 -9999 -9999 -9999 -9999 -9999 4870 4757 4896 -9999 5106 4900 4796 4624 4534 4887 4592 4729 5034 4868 4677 4752 5136 5329 5147 5073 5116 4963 5009 5051 5055 4958 4797 4884 5139 5266 5472 5454 5185 5032 5028 4833 4044 -9999 -9999
-9999 -9999 -9999 -9999 -9999 -9999 -9999 -9999 -9999 -9999 -9999 -9999 -9999 -9999 -9999 -9999 -9999 -9999 -9999 -9999 -9999 -9999 -9999 -9999 4955 4849 4889 5014 4935 4793 -9999 -9999 -9999 -9999 -9999 -9999 -9999 -9999 -9999 5248 4859 4791 -9999 -9999 -9999 4600 4627 4731 4781 4765 4562 4598 4869 4822 4817 4987 5020 4934 4869 4957 5061 5138 5329 5325 5161 4993 4877 4973 5253 5382 5403 5382 5147 4975 5077 4634 -9999 -9999 -9999
