test/g2lab/icchange/view/profile/olddata/rastert_delta054.txt
ncols         452
nrows         411
xllcorner     527595,50307841
yllcorner     5934256,8476051
cellsize      5
NODATA_value  -9999
[rows 140 to 174 of 411, columns 237 to 315 of 452]
-9999 -9999 -9999 -9999 -9999 -9999 -9999 -9999 -9999 -9999 -9999 -9999 -9999 -9999 -9999 -9999 -9999 -9999 -9999 -9999 -9999 -9999 -9999 -9999 -9999 -9999 3223 4394 5138 5522 5285 -9999 5614 -9999 -9999 -9999 -9999 -9999 -9999 -9999 -9999 -9999 -9999 -9999 -9999 -9999 -9999 -9999 -9999 -9999 -9999 -9999 -9999 -9999 -9999 -9999 -9999 -9999 -9999 -9999 -9999 -9999 -9999 -9999 -9999 -9999 -9999 4761 4667 4754 4794 4790 4831 4880 4875 4987 5078 4948 4897
-9999 -9999 -9999 -9999 4292 4597 -9999 -9999 -9999 -9999 -9999 -9999 -9999 -9999 -9999 -9999 -9999 4843 4871 4700 4657 4852 4852 4050 -9999 -9999 2998 4273 5445 5501 5300 5275 5619 5527 -9999 -9999 -9999 -9999 -9999 -9999 -9999 -9999 -9999 -9999 -9999 -9999 -9999 -9999 -9999 -9999 -9999 -9999 -9999 -9999 -9999 -9999 -9999 -9999 -9999 -9999 -9999 -9999 -9999 -9999 -9999 -9999 -9999 -9999 4680 4734 4754 4845 4926 4928 4808 4881 -9999 4848 4732
-9999 -9999 -9999 -9999 4473 4420 4561 -9999 -9999 -9999 -9999 -9999 -9999 -9999 -9999 -9999 4654 4728 4921 4955 4748 4714 4745 4486 -9999 -9999 -9999 3755 4905 5311 5316 5154 5308 5458 5298 5369 5367 -9999 -9999 -9999 -9999 -9999 -9999 -9999 -9999 -9999 -9999 -9999 -9999 -9999 -9999 -9999 -9999 -9999 -9999 -9999 -9999 -9999 -9999 -9999 -9999 -9999 -9999 -9999 -9999 -9999 -9999 -9999 -9999 4827 4906 5015 5075 4947 4751 4828 -9999 4913 4677
-9999 -9999 -9999 -9999 -9999 4304 4502 -9999 -9999 -9999 -9999 -9999 -9999 -9999 -9999 -9999 4477 4617 4919 5148 4905 4876 4988 4765 3368 -9999 -9999 3084 4092 4927 5064 4993 5152 5195 5041 5136 5192 5199 5167 5197 5194 -9999 -9999 -9999 -9999 -9999 -9999 -9999 -9999 -9999 -9999 -9999 -9999 -9999 -9999 -9999 -9999 -9999 -9999 -9999 -9999 -9999 -9999 -9999 -9999 -9999 -9999 -9999 -9999 4927 5063 5161 5142 4934 4808 4935 4894 4733 4581
-9999 -9999 -9999 -9999 -9999 4378 4535 -9999 -9999 -9999 -9999 -9999 -9999 -9999 -9999 4472 4594 4862 5085 5134 4957 5188 5422 4819 3594 -9999 -9999 -9999 3695 4689 5117 5115 5103 5034 5067 5296 5158 5063 5059 5038 5117 5171 4997 4965 5081 5182 -9999 -9999 -9999 -9999 -9999 -9999 -9999 -9999 -9999 -9999 -9999 -9999 -9999 -9999 -9999 -9999 -9999 -9999 -9999 -9999 -9999 -9999 -9999 4965 5116 5172 5094 4953 4951 5067 4902 4734 4684
-9999 4599 4578 4553 4483 -9999 4460 4514 4459 -9999 4539 4528 4485 4419 4473 4628 4744 -9999 5144 5143 5085 5083 5287 4918 3899 -9999 -9999 -9999 3176 4060 4860 5106 5066 5245 5233 5227 5125 4983 5065 5254 5273 5270 5053 4855 5051 5111 5047 5043 5196 5124 4937 4894 5044 5271 5228 5043 -9999 -9999 -9999 5167 -9999 -9999 -9999 -9999 -9999 -9999 -9999 -9999 -9999 4921 5081 5137 5084 5040 5079 5126 5060 5024 4962
4713 4647 4523 4516 -9999 -9999 4414 4379 4458 4589 4625 4596 4567 4632 4769 4822 4794 4794 4978 5212 5220 5110 5133 5094 4355 -9999 -9999 -9999 -9999 3255 3996 4800 5159 5250 5263 5204 5294 5326 5207 5213 5267 5235 5254 5160 5097 5094 5100 5017 5036 5059 5016 4990 5013 5063 5152 5017 4955 5085 4957 4992 5140 -9999 -9999 -9999 -9999 -9999 -9999 -9999 -9999 4906 5036 5157 5140 5127 5013 5041 5162 5179 5087
4707 4604 4458 4514 4623 4593 4471 4401 4562 4783 4813 4820 4775 4810 4951 5019 4851 4683 4755 4959 5123 5139 5138 5232 4771 -9999 -9999 -9999 -9999 -9999 3256 4071 4840 5153 5258 5256 5302 5425 5363 5170 5170 5272 5213 5276 5130 5127 5265 5077 4949 5029 5130 5084 4949 4858 4910 5040 5033 4957 4817 5010 5147 -9999 5148 5334 5287 5060 4931 -9999 -9999 4825 4905 5143 5255 5194 5018 4990 5266 5365 5159
4716 4576 4441 4569 4689 4653 4533 4512 4735 5016 5080 5054 4944 4969 5107 5151 5035 4903 4904 4986 5083 5199 5258 5244 5066 4585 -9999 -9999 -9999 -9999 -9999 3123 4082 4835 5094 5239 5325 5425 5410 5187 4979 5002 5118 5261 5060 5082 5269 5093 4995 5040 5092 5017 5015 4958 5036 5256 5173 5134 5150 5280 4985 -9999 -9999 -9999 5072 5019 4969 4927 4833 4744 4879 5183 5269 -9999 -9999 5293 5270 -9999 -9999
4730 4582 4513 4631 -9999 4624 4550 4607 4812 5068 5199 5168 5108 5130 5180 5191 5150 5169 5205 5185 5119 5178 5132 5075 5153 5238 4626 3556 -9999 -9999 -9999 -9999 3295 4295 4944 5183 5375 5352 5271 5183 5082 4971 5072 5118 4949 5008 5116 5066 5109 5065 4950 4902 5092 5186 5281 5225 4883 4984 5354 5305 4818 -9999 -9999 -9999 -9999 5045 4996 4875 4794 4753 4939 5190 5234 -9999 5441 5448 -9999 -9999 -9999
4738 4616 4628 4646 4587 4555 4546 4607 4757 4942 5148 5196 5180 5240 5199 5105 5103 5227 5345 5287 5173 5293 5187 5072 5196 5331 4984 4240 -9999 -9999 -9999 -9999 -9999 3353 4066 4742 5200 5326 5244 5132 5123 5094 5023 5056 4940 4932 4896 5018 5136 5047 4858 4826 5044 5155 5307 5364 5184 5241 5358 5255 4945 -9999 -9999 -9999 4999 5121 5047 4940 4893 4832 4918 5215 5293 5177 5349 5371 5132 -9999 -9999
4580 4624 4701 4609 4497 4527 4610 4590 -9999 4728 4975 5078 5133 5253 5225 5099 5075 5190 5316 5365 5305 5333 5351 5292 5218 5207 5140 5038 4528 -9999 -9999 -9999 -9999 -9999 3049 3885 4671 5028 5114 5068 5082 5165 4900 5039 5140 4965 4835 4933 5064 4980 4992 4869 4924 5061 5106 5310 5494 5484 5373 5240 5110 5147 4962 -9999 5167 5203 5065 5080 4999 4829 4817 5193 5461 5373 5281 5349 5358 -9999 -9999
-9999 4611 4691 4493 4456 4613 4718 -9999 -9999 4578 4831 4899 5028 5201 5238 5208 5225 5320 5404 5453 -9999 5231 5400 5464 5260 5096 5183 5390 5128 4251 -9999 -9999 -9999 -9999 -9999 2814 3392 4030 4423 4859 5083 5051 4947 5130 5167 5028 4964 4867 4933 5054 5163 4993 5042 5237 5211 5234 5291 5365 5398 5499 5223 5076 5184 5193 5238 5129 4995 5137 5004 4712 4719 5199 5596 5558 5352 5232 5207 -9999 -9999
-9999 4801 4822 4494 4505 4766 4772 4523 4413 4518 4747 4746 4864 5047 5183 5254 5379 5447 5403 5307 5225 -9999 5256 5346 5134 5047 5204 5340 5247 4864 4339 -9999 -9999 -9999 -9999 -9999 -9999 -9999 3512 4248 4830 5008 5015 4988 4846 4934 5015 4874 4919 5046 5109 5038 4967 5271 5450 5368 5366 5366 5396 5471 5273 5096 5165 5175 5147 -9999 -9999 5097 4984 4662 4763 5284 5562 5578 5353 5150 -9999 -9999 -9999
-9999 4892 4882 4575 4479 -9999 4705 4475 4426 -9999 -9999 4880 4945 -9999 5025 5146 -9999 -9999 -9999 5095 5291 -9999 5085 5137 -9999 5070 5211 5232 5176 5219 5223 4851 -9999 -9999 -9999 -9999 -9999 -9999 -9999 -9999 4638 4965 4962 4825 4590 4718 4895 4874 4853 4885 5018 5015 4804 5030 5251 5169 5148 5205 5194 5177 5215 5198 5085 5014 5022 -9999 -9999 -9999 -9999 4741 4899 5344 5501 5411 5416 5353 -9999 -9999 5081
-9999 -9999 -9999 4446 4620 4691 4711 -9999 4793 4522 -9999 -9999 -9999 -9999 -9999 -9999 -9999 -9999 -9999 4973 4998 -9999 -9999 -9999 -9999 -9999 -9999 -9999 -9999 -9999 -9999 -9999 4697 4585 -9999 -9999 -9999 -9999 -9999 -9999 4673 4968 5038 4759 4480 4598 4680 4749 4778 4786 4913 4952 4839 4870 4825 4836 4940 5062 5202 5295 5221 5038 4929 4914 5000 4948 4975 -9999 -9999 -9999 4996 5245 5296 5223 5432 5519 5244 5106 5040
-9999 -9999 -9999 4592 4772 4791 -9999 -9999 4823 4546 4515 -9999 -9999 -9999 -9999 -9999 -9999 -9999 -9999 4772 -9999 -9999 -9999 -9999 -9999 -9999 -9999 -9999 -9999 -9999 -9999 -9999 5037 5156 4873 3515 -9999 -9999 -9999 3290 4595 5123 5064 4761 4615 4707 4685 4767 4843 4845 4859 4792 4680 4629 4541 4724 5021 5089 5017 5141 5136 4926 4896 4788 4852 4928 4859 4811 4737 4798 4949 5015 5022 5061 5101 5278 5273 5132 5147
4766 4741 4723 -9999 -9999 -9999 -9999 -9999 -9999 4580 4537 -9999 -9999 -9999 -9999 -9999 -9999 -9999 -9999 -9999 -9999 -9999 -9999 4785 -9999 -9999 -9999 -9999 -9999 -9999 -9999 -9999 -9999 5358 4936 3714 -9999 -9999 -9999 3126 4315 5159 5004 4807 4844 4945 4843 4799 4862 4949 4990 5061 5049 -9999 -9999 -9999 5026 5103 4992 5065 5221 5233 5114 5041 4940 4873 4698 4772 4711 4749 4869 4820 4716 -9999 -9999 5106 5183 5104 5048
-9999 -9999 -9999 -9999 -9999 -9999 -9999 4658 4645 4612 4589 -9999 -9999 -9999 -9999 -9999 -9999 -9999 -9999 -9999 4748 -9999 -9999 -9999 -9999 -9999 4611 4650 4622 4488 4540 -9999 -9999 -9999 5033 3962 -9999 -9999 -9999 -9999 4120 5058 5104 4967 5085 5070 4856 4744 4767 5004 -9999 -9999 -9999 -9999 -9999 4906 5044 5191 -9999 -9999 -9999 -9999 -9999 -9999 5063 5038 4906 4700 4797 4825 4820 4679 4641 -9999 -9999 4890 4815 4844 5033
-9999 -9999 -9999 -9999 -9999 -9999 4660 4860 4775 4659 -9999 -9999 -9999 -9999 -9999 -9999 -9999 -9999 -9999 4817 4802 4803 4823 4785 4674 -9999 -9999 4501 4496 4465 4499 -9999 -9999 -9999 5171 4184 -9999 -9999 -9999 -9999 4266 5045 5308 5209 5151 4959 4828 4754 4763 4875 5122 -9999 -9999 -9999 5169 5075 5094 5189 5187 -9999 -9999 -9999 -9999 -9999 5128 5007 4820 4649 4865 4812 4782 4771 4777 4799 4695 4742 4837 4798 4864
-9999 -9999 -9999 -9999 -9999 -9999 -9999 4666 4686 -9999 -9999 -9999 -9999 -9999 4526 4524 -9999 -9999 -9999 4693 4703 4738 4780 4756 4657 -9999 -9999 4403 4361 4456 4489 4534 4658 -9999 -9999 -9999 -9999 -9999 -9999 3388 4651 5032 5209 5172 5033 4893 4973 5015 4892 4763 5076 5172 -9999 4884 5035 5141 5066 4997 5047 5116 5008 5123 5155 5032 4932 4867 4699 4588 4592 4677 4696 4707 4743 4784 4636 4788 5088 5012 4824
-9999 -9999 4774 -9999 -9999 -9999 -9999 4544 -9999 -9999 -9999 -9999 4826 4791 -9999 -9999 -9999 4674 4654 -9999 -9999 4634 -9999 -9999 -9999 -9999 -9999 4566 4581 4689 4588 4521 4626 -9999 4729 -9999 -9999 -9999 -9999 3050 4260 4866 5012 5048 4969 4907 5095 5204 5040 4766 4645 4755 4843 4858 4889 5125 5226 5058 4986 5294 5317 4985 4875 5009 4932 4831 4633 4550 4527 4525 4547 4461 4621 4798 4761 5055 5399 5455 5308
-9999 -9999 -9999 -9999 -9999 -9999 -9999 -9999 -9999 -9999 -9999 -9999 4873 4813 4718 -9999 -9999 4776 4658 -9999 -9999 4836 4843 -9999 -9999 -9999 -9999 -9999 4715 4734 4664 4624 -9999 4790 4776 4462 -9999 -9999 -9999 -9999 3690 4799 5114 5011 4949 5014 5142 5152 5050 4953 4867 4837 5037 5112 5002 5032 5090 5010 4876 4937 4973 4912 4911 5044 4984 4908 4967 4637 4665 4644 4567 4399 4599 4890 5042 5306 5481 5605 5613
-9999 -9999 -9999 -9999 -9999 -9999 -9999 -9999 -9999 -9999 -9999 -9999 4856 4676 4618 -9999 4941 4756 -9999 -9999 4711 4860 4940 -9999 4915 4888 4870 4818 4628 4592 4657 4656 4552 4778 4850 4297 -9999 -9999 -9999 -9999 3434 4767 5254 5065 5004 5042 5102 5087 5060 5153 5117 4929 4965 4905 4907 4993 5019 4933 4985 5090 4969 4992 4961 4896 5182 5041 4970 4858 4948 4878 -9999 4662 4710 4829 5096 5348 5345 5481 -9999
-9999 -9999 -9999 -9999 -9999 4804 -9999 -9999 -9999 -9999 -9999 -9999 4916 4681 -9999 4767 4719 4724 -9999 4657 4672 -9999 -9999 -9999 4810 4831 4815 4753 4610 4586 4729 4711 4533 4791 4829 4023 -9999 -9999 -9999 -9999 3426 4591 5170 5067 4979 4930 4970 5058 5139 5194 4978 4816 5008 5018 4980 5091 5141 4961 4918 5051 5034 4973 4957 4956 5074 4865 4929 5028 4818 4825 -9999 -9999 4675 4618 5018 5328 5274 5346 5424
-9999 -9999 -9999 -9999 -9999 -9999 -9999 -9999 -9999 -9999 -9999 -9999 -9999 -9999 -9999 4716 4628 -9999 -9999 4709 4720 -9999 -9999 -9999 -9999 4766 4681 4744 4788 4739 4883 4801 4651 4814 4670 3572 -9999 -9999 -9999 -9999 3667 4620 4975 5029 4975 4880 4879 5008 5149 5196 -9999 5013 5020 5013 4988 5000 5052 4970 4842 4977 5073 5002 5022 4901 4816 4851 4837 4852 4727 4736 5091 4908 4502 4559 5105 5455 5395 5348 5355
-9999 -9999 -9999 -9999 -9999 -9999 -9999 -9999 -9999 -9999 -9999 -9999 -9999 -9999 -9999 -9999 -9999 -9999 -9999 -9999 -9999 -9999 -9999 -9999 -9999 -9999 4789 4845 -9999 4810 4957 4873 4845 4720 4215 -9999 -9999 -9999 -9999 2778 4082 5001 4978 5051 5025 4913 4887 4901 5004 5066 -9999 5074 4845 4787 4960 5012 4915 4855 4857 5050 4952 4807 4956 4957 4821 4850 4882 4887 4745 4655 4882 4717 4458 4740 5352 5559 5447 5307 5290
-9999 -9999 -9999 -9999 -9999 -9999 -9999 -9999 -9999 -9999 -9999 -9999 -9999 -9999 -9999 -9999 4660 4686 4603 4589 -9999 -9999 -9999 4790 4785 4753 4762 4935 -9999 4778 4913 4892 4958 4511 3570 -9999 -9999 -9999 -9999 3312 4573 5329 5203 5130 5028 4941 4910 4884 5121 5223 5162 5090 4845 4810 5013 5026 4808 4745 4932 5140 4941 4615 4751 5033 4787 4499 4632 4864 4775 4649 4625 4591 4626 5044 5492 5476 5380 5273 5322
-9999 -9999 -9999 -9999 -9999 -9999 -9999 -9999 -9999 -9999 -9999 -9999 -9999 -9999 4602 4525 4809 4876 4686 4609 4794 -9999 -9999 -9999 -9999 4659 4846 5075 -9999 4822 4893 4818 4807 4094 3079 -9999 -9999 -9999 -9999 4000 4789 5389 5316 5083 4947 4894 4947 5010 5169 5191 -9999 -9999 5112 4975 5024 5027 4864 4838 4812 4744 4818 4523 4432 4707 4738 4563 4575 4792 4685 4873 4922 4788 4736 5140 5427 5360 5384 5405 5332
-9999 -9999 -9999 -9999 -9999 -9999 -9999 -9999 -9999 -9999 -9999 -9999 4744 4644 4563 4610 4825 4851 4725 -9999 4710 4665 4736 4802 4753 4712 4998 5146 4849 4877 4940 4697 4261 3549 -9999 -9999 -9999 -9999 3608 4568 4985 5278 5227 4985 4873 4824 4888 4903 4875 4942 5029 5103 5018 4850 4892 5025 4921 4723 4683 4652 4739 4600 4567 4725 4858 4780 4708 4730 4710 4863 5012 4780 4613 5023 5271 5358 5450 5438 5194
-9999 -9999 -9999 -9999 -9999 -9999 -9999 -9999 -9999 -9999 -9999 -9999 -9999 -9999 -9999 -9999 -9999 -9999 -9999 -9999 -9999 -9999 -9999 4849 4794 4788 -9999 -9999 4864 4745 4975 4440 3552 -9999 -9999 -9999 -9999 3344 4436 5061 5118 5243 5112 5004 4906 4793 4715 4660 4775 4981 4972 4903 4790 4671 4688 4874 4784 4531 4911 4970 4723 4595 4637 4743 4730 4542 4466 4577 4651 4589 4707 4664 4684 5037 5309 5502 5287 4994 -9999
-9999 -9999 -9999 -9999 -9999 -9999 -9999 -9999 -9999 -9999 -9999 -9999 -9999 -9999 -9999 -9999 -9999 -9999 -9999 4758 -9999 -9999 -9999 -9999 4724 4745 4974 5073 4840 4568 4773 3833 -9999 -9999 -9999 -9999 3246 4419 4962 5299 5311 5303 5130 5164 5118 4876 4647 4646 4859 5046 4930 4891 4942 4914 4816 4828 4749 4613 4856 4838 4612 4559 4650 4678 4652 4608 4630 4674 4654 4685 4810 4801 4761 5090 5511 5563 -9999 -9999 5243
-9999 -9999 -9999 -9999 -9999 -9999 -9999 -9999 -9999 -9999 -9999 -9999 -9999 -9999 -9999 -9999 -9999 -9999 -9999 -9999 -9999 -9999 4917 4863 4682 4771 5061 5090 4966 4607 4067 3098 -9999 -9999 -9999 -9999 3965 4958 5073 5387 5435 5149 4988 5178 5249 5021 4809 4845 4846 4873 4872 4933 5039 4952 4743 4746 4907 4790 4766 4883 4667 4587 4810 4935 4944 4933 4895 4800 4643 4736 4901 4848 4648 5080 -9999 -9999 -9999 5223 5404
-9999 -9999 -9999 -9999 -9999 4753 4919 -9999 -9999 -9999 -9999 -9999 -9999 4668 4826 4820 -9999 -9999 -9999 -9999 4696 4762 4873 4868 4817 4872 -9999 5181 4921 4444 3333 -9999 -9999 -9999 -9999 3991 4830 5186 5092 5117 5166 5125 5005 5081 5195 4946 4831 4946 4810 4709 4829 4932 4831 4604 4467 4539 4703 4646 4801 5048 4748 4495 4626 4867 4918 4918 4788 4587 4514 4742 4822 4654 4551 -9999 -9999 -9999 -9999 5304 5454
-9999 -9999 -9999 -9999 -9999 -9999 -9999 -9999 -9999 -9999 -9999 -9999 -9999 -9999 -9999 4756 4756 4699 4752 4759 4662 4724 4792 -9999 4929 4820 4941 4867 4353 3884 -9999 -9999 -9999 -9999 3680 5063 5424 5286 5138 5034 5091 5240 5202 5061 5084 5088 4994 5023 5013 4892 4770 4750 4589 4392 4494 4594 4548 4611 4868 4987 4727 4583 4700 4779 4670 4700 4914 4756 4556 4795 4692 4560 4673 -9999 -9999 -9999 -9999 5210 5296
