test/g2lab/icchange/view/profile/olddata/rastert_delta054.txt
ncols         452
nrows         411
xllcorner     527595,50307841
yllcorner     5934256,8476051
cellsize      5
NODATA_value  -9999
[rows 105 to 139 of 411, columns 158 to 236 of 452]
4808 4614 4690 4757 4779 4714 4657 4773 4789 4706 4619 4614 4692 -9999 -9999 -9999 -9999 -9999 -9999 -9999 -9999 -9999 -9999 -9999 -9999 -9999 -9999 -9999 -9999 -9999 -9999 -9999 -9999 -9999 -9999 -9999 4831 -9999 -9999 -9999 -9999 -9999 4760 4716 -9999 -9999 -9999 -9999 4444 4478 -9999 -9999 -9999 -9999 -9999 -9999 -9999 4606 -9999 -9999 -9999 -9999 -9999 -9999 -9999 -9999 -9999 4537 4569 4701 4863 4933 -9999 -9999 -9999 -9999 4976 5046 5042
4784 4646 4792 4791 4853 4752 4621 4856 4855 4658 4533 4503 4422 4352 4397 -9999 -9999 -9999 -9999 -9999 -9999 -9999 -9999 -9999 4226 4511 -9999 4649 4496 4564 4751 4737 4683 -9999 -9999 -9999 -9999 -9999 -9999 -9999 -9999 -9999 -9999 4742 4621 -9999 -9999 -9999 4275 4391 -9999 -9999 -9999 -9999 -9999 -9999 -9999 -9999 -9999 -9999 -9999 -9999 -9999 -9999 -9999 -9999 -9999 -9999 -9999 4717 4694 -9999 -9999 -9999 -9999 -9999 -9999 4919 4942
4760 4735 4796 4688 4708 4643 4639 4878 4842 4670 4549 4537 4503 4489 4491 4606 4511 4508 4660 4725 4623 4351 4232 4390 4490 4605 4663 4648 4608 4531 4675 -9999 -9999 4704 -9999 4849 4609 4548 4606 4729 -9999 -9999 4749 4502 4491 4461 -9999 -9999 -9999 4485 4496 -9999 -9999 -9999 -9999 -9999 -9999 -9999 -9999 -9999 -9999 -9999 -9999 -9999 -9999 -9999 -9999 -9999 -9999 -9999 -9999 4625 4525 -9999 -9999 -9999 4808 4824 4916
4693 4746 4720 4567 4557 4603 4689 4782 4738 4760 4707 4640 4614 4651 4485 4413 4530 4613 4625 4527 4436 4437 4424 4411 4442 4591 4623 4745 4991 4882 4681 -9999 -9999 4753 4785 4767 4539 4644 4727 4689 4534 4556 4654 4432 4428 4692 4675 -9999 -9999 4417 4597 -9999 -9999 -9999 -9999 -9999 -9999 -9999 -9999 -9999 -9999 -9999 -9999 -9999 -9999 -9999 -9999 -9999 -9999 -9999 4595 4519 4418 -9999 4603 4913 5055 5014 4967
4649 4699 4662 4620 4591 4575 4612 4617 4665 4814 4775 4561 4490 4618 4508 4368 4470 4535 4533 4379 4302 4395 4446 4414 4482 4707 4737 4786 4907 4854 4679 4623 -9999 4946 4648 4489 4576 4683 4538 4519 4631 4653 4627 4547 4461 4832 4740 -9999 -9999 4320 -9999 -9999 -9999 -9999 -9999 -9999 -9999 -9999 -9999 -9999 -9999 -9999 -9999 -9999 -9999 -9999 -9999 4566 4543 4637 4541 4521 4620 4686 4725 4783 4871 4903 4897
4695 4654 4648 4736 4658 4501 4518 4552 4624 4729 4715 4568 4519 4643 4651 4472 4394 4505 4609 4578 4530 4618 4647 4519 4593 4825 4823 4806 4788 4774 4773 4770 4926 4943 4539 4515 4696 4833 4714 4560 4675 4751 4566 4838 4829 4641 4500 4349 -9999 4326 4498 4552 -9999 -9999 4561 -9999 -9999 -9999 -9999 -9999 -9999 -9999 -9999 -9999 -9999 -9999 -9999 -9999 -9999 4611 4482 4505 4592 4656 4603 4413 4229 4326 -9999
4707 4616 4619 4672 4746 4569 4483 4584 4573 4596 4683 4766 4767 4707 4636 4546 4398 4535 4755 4744 4609 4604 4658 4580 4629 4806 4848 4750 4694 4749 4813 -9999 4918 4838 4644 4792 4630 4626 4677 4578 4673 4794 4677 4682 4644 4510 4558 4637 -9999 3974 4287 4384 -9999 -9999 4524 -9999 -9999 -9999 -9999 -9999 -9999 -9999 -9999 -9999 -9999 -9999 -9999 -9999 4605 4595 4482 4474 4404 4462 4550 -9999 -9999 -9999 4609
4668 4616 4725 4829 4749 4587 4466 4670 4619 4492 4630 4851 4848 4608 4492 4568 4421 4502 4685 4645 4442 4436 4558 4586 4659 4694 4674 -9999 -9999 -9999 -9999 -9999 -9999 4753 4757 4853 4532 4490 4602 4598 4695 4762 4647 4451 4562 4700 4721 4530 3986 -9999 4046 4398 -9999 -9999 -9999 -9999 -9999 4778 4658 4522 -9999 -9999 -9999 -9999 -9999 -9999 -9999 4531 4427 4408 4406 4459 4427 4572 -9999 -9999 -9999 4564 4848
4631 4640 4755 4736 4449 4603 4403 4341 4482 4497 4484 4587 4548 4463 4460 4527 4434 4524 4652 4618 4475 4516 4600 -9999 -9999 4499 -9999 -9999 -9999 -9999 -9999 -9999 -9999 -9999 4848 4843 4592 4573 4574 4592 4665 4697 4659 4598 4589 4539 4584 4520 4210 -9999 4061 4655 -9999 -9999 -9999 -9999 -9999 4767 4663 -9999 4339 4462 4687 4835 4777 4694 4502 4271 4146 4372 4569 -9999 -9999 -9999 -9999 -9999 4858 4695 4925
4661 4658 4494 4363 4328 4569 4316 4176 4464 4666 4502 4367 4400 4521 4533 4560 4542 4531 4534 4687 4795 4812 4710 4587 4500 4424 -9999 -9999 -9999 -9999 -9999 -9999 4831 4871 4849 4819 4705 4595 4535 4583 4655 4665 4643 4678 4655 4547 4625 4737 4505 -9999 -9999 4415 4575 -9999 -9999 -9999 -9999 4731 4646 4486 4441 4611 4614 4698 -9999 4732 4440 4241 4425 4831 -9999 -9999 -9999 -9999 -9999 -9999 -9999 4710 4886
4680 4562 4305 4258 4410 4565 4451 4487 4623 4671 4427 4409 4535 4589 4544 4535 4516 4472 4431 4529 4714 4757 4600 4515 4504 4527 -9999 4573 4576 4599 4672 4723 4834 4822 4675 4739 4683 4572 4567 4628 4661 4607 4561 -9999 4759 4762 4784 4670 4672 -9999 -9999 4200 4515 -9999 -9999 -9999 -9999 4694 4695 4669 4390 -9999 -9999 -9999 -9999 -9999 4704 4755 4984 -9999 -9999 -9999 -9999 -9999 -9999 -9999 -9999 -9999 4695
4640 4447 4281 4508 4629 4613 4561 4677 4772 4659 4497 4579 4708 4750 4673 4634 4520 4570 4733 4843 4822 4597 4466 4603 4698 4729 4664 4554 4496 4574 4667 4660 4772 4628 4496 4687 4687 4655 4650 -9999 -9999 4530 4453 4553 4796 4797 4737 4806 4732 -9999 -9999 4261 4818 4775 4547 4631 4612 4653 4714 4589 -9999 -9999 -9999 -9999 -9999 -9999 4918 -9999 -9999 -9999 -9999 -9999 -9999 -9999 -9999 -9999 -9999 -9999 -9999
4650 4531 4601 4814 4742 4641 4637 4744 4748 4654 4591 4650 4673 4629 4644 4737 4681 4665 4766 4840 4763 4541 4350 4437 4635 4693 4616 4489 4418 4567 4673 -9999 4767 4559 4506 4742 4699 4729 -9999 -9999 4525 4527 4507 4563 -9999 4638 4671 4862 4653 -9999 -9999 4054 4670 4940 4574 4453 -9999 -9999 -9999 -9999 -9999 -9999 -9999 -9999 -9999 4649 4819 4941 -9999 -9999 -9999 -9999 -9999 -9999 -9999 -9999 -9999 4588 4635
4665 4724 4765 4793 4738 4673 4609 4551 4507 4533 4577 4505 4386 4441 4460 4508 4521 4554 4587 4563 4504 4438 -9999 -9999 4603 4519 4563 4566 4544 4671 4649 -9999 4887 4694 4694 4737 4634 4694 -9999 -9999 4544 4679 4697 4698 4753 4690 4725 4840 4867 4696 4130 3954 4381 4760 4607 4219 -9999 -9999 -9999 -9999 -9999 -9999 -9999 -9999 -9999 4665 4841 4851 -9999 -9999 4871 -9999 -9999 -9999 -9999 -9999 4895 4738 4823
4611 4682 4628 4570 4541 -9999 4478 4313 4237 4338 4494 -9999 4357 4581 4520 4340 4285 4403 4599 4657 4508 4410 4542 4712 4701 4648 4733 4730 4684 4692 4555 -9999 -9999 4847 4779 4605 4548 4633 4653 4668 4726 4788 4751 4758 4813 4811 4725 4538 4431 4459 4161 -9999 4066 4321 -9999 -9999 -9999 -9999 -9999 -9999 -9999 4930 -9999 -9999 -9999 -9999 4722 4625 -9999 -9999 4754 -9999 -9999 -9999 -9999 -9999 -9999 -9999 4668
4532 4475 4433 4352 -9999 -9999 4396 4277 4231 4377 4535 4528 4505 4643 4595 4401 4250 4388 4639 4777 4659 4449 4438 4603 4610 -9999 -9999 4748 4673 4590 4489 -9999 -9999 -9999 4690 4514 4676 4831 4745 4806 4844 4744 4562 4570 4644 4603 -9999 -9999 -9999 -9999 -9999 -9999 3792 4547 4848 -9999 -9999 -9999 -9999 -9999 4841 4832 -9999 -9999 -9999 -9999 -9999 -9999 -9999 -9999 -9999 -9999 -9999 -9999 -9999 -9999 -9999 4567 4391
4619 4470 4428 4376 4389 4433 4473 4469 4492 4552 4613 4583 4406 4462 4601 4541 4416 4455 -9999 -9999 4703 -9999 -9999 -9999 4390 -9999 -9999 4696 4697 4578 4555 4744 4989 4914 4653 4622 4817 4776 4563 4618 -9999 -9999 -9999 4340 -9999 -9999 -9999 -9999 4523 4769 -9999 -9999 4122 4691 -9999 -9999 -9999 4929 4587 4649 4758 4986 4899 -9999 -9999 -9999 -9999 -9999 -9999 -9999 -9999 -9999 -9999 -9999 -9999 -9999 -9999 4505 4465
4565 4521 4556 4564 -9999 -9999 4566 4581 4593 4578 4534 4458 -9999 -9999 4484 4502 4478 4502 -9999 -9999 4558 4629 -9999 -9999 4325 -9999 -9999 4636 4647 4555 4564 4680 4766 4516 4414 -9999 -9999 -9999 -9999 -9999 -9999 -9999 -9999 -9999 -9999 -9999 -9999 -9999 -9999 -9999 -9999 -9999 -9999 4467 4984 5271 -9999 4923 4743 4907 4710 4721 4929 -9999 -9999 -9999 -9999 -9999 -9999 -9999 -9999 4876 4856 -9999 -9999 -9999 -9999 -9999 4522
4547 -9999 4632 4679 -9999 -9999 -9999 -9999 -9999 4384 4461 4449 -9999 4434 4372 4333 -9999 -9999 4485 -9999 -9999 4624 4622 -9999 4443 4593 4594 4476 4420 4401 4504 -9999 -9999 -9999 -9999 -9999 -9999 -9999 -9999 -9999 -9999 -9999 -9999 -9999 -9999 -9999 -9999 -9999 -9999 -9999 -9999 -9999 -9999 4578 4996 5178 5158 5018 4916 4793 4639 4799 -9999 -9999 -9999 -9999 4735 -9999 -9999 -9999 -9999 -9999 4662 4770 -9999 -9999 -9999 -9999 4528
4616 4483 4632 4727 -9999 -9999 -9999 -9999 4507 4433 4463 4402 4310 4376 4342 -9999 -9999 -9999 -9999 -9999 -9999 4720 4552 4454 4490 4599 -9999 4306 4216 -9999 -9999 -9999 -9999 -9999 -9999 -9999 -9999 -9999 -9999 -9999 -9999 -9999 -9999 -9999 -9999 -9999 -9999 -9999 -9999 -9999 -9999 -9999 -9999 4350 4594 4966 5157 5133 -9999 -9999 -9999 -9999 -9999 -9999 -9999 -9999 -9999 -9999 -9999 -9999 -9999 -9999 4621 4758 4804 4844 -9999 -9999 -9999
4603 4567 4669 4720 -9999 -9999 -9999 4533 4634 4546 4307 -9999 -9999 -9999 -9999 -9999 -9999 -9999 -9999 4484 4704 4742 4448 -9999 -9999 -9999 -9999 -9999 -9999 -9999 -9999 -9999 -9999 -9999 -9999 -9999 -9999 -9999 -9999 -9999 -9999 -9999 -9999 -9999 -9999 -9999 -9999 -9999 -9999 -9999 -9999 -9999 -9999 -9999 -9999 4896 -9999 -9999 -9999 -9999 -9999 -9999 -9999 -9999 -9999 -9999 -9999 4697 4578 -9999 -9999 -9999 4862 4936 4939 4815 -9999 4589 4586
4549 4462 4531 4595 4709 -9999 -9999 -9999 -9999 -9999 4494 -9999 -9999 -9999 -9999 4502 4574 4516 -9999 -9999 -9999 -9999 -9999 -9999 -9999 -9999 -9999 -9999 -9999 -9999 -9999 -9999 -9999 -9999 4575 -9999 -9999 -9999 -9999 -9999 4677 -9999 -9999 -9999 4691 -9999 -9999 -9999 -9999 -9999 -9999 -9999 -9999 -9999 4643 4566 -9999 -9999 -9999 -9999 -9999 -9999 -9999 -9999 -9999 -9999 -9999 4679 4494 -9999 -9999 -9999 -9999 4735 4784 4779 -9999 4666 4464
4515 4295 4236 4325 4525 -9999 -9999 4403 -9999 -9999 4509 4542 4525 4577 4496 4439 4423 -9999 -9999 -9999 -9999 -9999 -9999 -9999 -9999 -9999 -9999 -9999 -9999 -9999 -9999 -9999 -9999 -9999 4631 4688 -9999 -9999 -9999 -9999 -9999 -9999 -9999 -9999 -9999 -9999 -9999 -9999 -9999 -9999 -9999 -9999 -9999 -9999 4704 4622 -9999 4842 4813 4992 4793 -9999 -9999 -9999 -9999 -9999 -9999 -9999 4515 -9999 -9999 -9999 -9999 4739 4779 4909 -9999 -9999 4376
4644 4539 4355 4329 4447 4507 4499 4479 4458 4366 4345 4358 -9999 -9999 -9999 -9999 -9999 -9999 -9999 -9999 -9999 -9999 4658 -9999 -9999 -9999 -9999 -9999 -9999 -9999 -9999 4542 4733 4696 4578 4616 4632 -9999 -9999 -9999 -9999 -9999 -9999 -9999 -9999 -9999 -9999 -9999 -9999 -9999 -9999 -9999 -9999 4325 4787 4843 -9999 4979 4578 4518 4623 -9999 -9999 -9999 -9999 -9999 -9999 -9999 4768 -9999 -9999 -9999 -9999 4996 4929 4742 -9999 -9999 4485
4526 4501 4421 4401 4410 4356 4260 4295 4339 -9999 -9999 -9999 -9999 -9999 -9999 4432 -9999 -9999 -9999 -9999 -9999 -9999 -9999 -9999 -9999 4385 4501 -9999 -9999 4604 4481 -9999 -9999 -9999 -9999 -9999 4653 -9999 -9999 -9999 -9999 -9999 -9999 -9999 -9999 -9999 -9999 -9999 -9999 -9999 -9999 -9999 -9999 -9999 4714 4854 4723 4826 4717 4520 -9999 4989 5003 4948 -9999 -9999 -9999 -9999 4735 -9999 -9999 -9999 -9999 -9999 -9999 4679 -9999 -9999 4699
4482 4435 4329 4315 4332 4302 4245 4276 4189 4209 -9999 4352 4523 -9999 -9999 4648 -9999 -9999 -9999 -9999 4456 -9999 -9999 4594 -9999 -9999 -9999 -9999 -9999 -9999 -9999 -9999 -9999 -9999 -9999 -9999 4772 -9999 -9999 -9999 -9999 -9999 -9999 -9999 -9999 -9999 -9999 -9999 -9999 -9999 -9999 -9999 -9999 -9999 -9999 4886 4964 4960 5108 4874 -9999 -9999 -9999 -9999 -9999 -9999 -9999 -9999 -9999 -9999 -9999 -9999 -9999 -9999 -9999 -9999 -9999 -9999 -9999
4460 4532 4411 4356 4347 4418 4515 4561 4425 4457 4615 4623 4598 4650 4665 4677 -9999 -9999 -9999 -9999 -9999 -9999 -9999 -9999 -9999 -9999 -9999 -9999 -9999 -9999 -9999 -9999 -9999 -9999 -9999 -9999 -9999 -9999 -9999 -9999 -9999 -9999 -9999 -9999 -9999 -9999 -9999 -9999 -9999 -9999 -9999 -9999 -9999 -9999 -9999 4582 5108 -9999 4746 4664 4758 -9999 -9999 -9999 -9999 -9999 -9999 -9999 -9999 -9999 -9999 -9999 -9999 -9999 4655 -9999 -9999 -9999 -9999
4363 4729 4718 4539 4451 4486 4592 4558 4425 4481 4692 4673 4481 4504 4588 4640 4703 -9999 -9999 -9999 -9999 -9999 -9999 -9999 -9999 -9999 -9999 -9999 -9999 -9999 -9999 -9999 -9999 -9999 -9999 -9999 -9999 -9999 -9999 -9999 -9999 -9999 -9999 -9999 -9999 -9999 -9999 -9999 4654 -9999 -9999 -9999 -9999 -9999 -9999 4196 4844 4854 4937 4944 4704 -9999 -9999 -9999 -9999 -9999 -9999 -9999 -9999 -9999 -9999 -9999 -9999 -9999 4871 -9999 -9999 -9999 -9999
3919 4276 4572 4523 4443 4479 4631 4579 4386 4413 4702 4830 4663 4580 4602 -9999 4755 4765 -9999 -9999 -9999 -9999 -9999 -9999 -9999 -9999 -9999 -9999 -9999 -9999 -9999 -9999 -9999 -9999 -9999 -9999 -9999 -9999 -9999 -9999 -9999 -9999 -9999 -9999 -9999 -9999 -9999 -9999 4794 4877 -9999 -9999 -9999 -9999 -9999 -9999 4138 4778 5024 4992 4661 -9999 -9999 4831 -9999 -9999 -9999 -9999 -9999 -9999 -9999 -9999 -9999 -9999 -9999 -9999 -9999 -9999 -9999
-9999 3535 3952 4237 4507 4755 4740 4597 4496 4583 4796 4908 4729 4634 4748 -9999 -9999 -9999 -9999 -9999 -9999 -9999 -9999 -9999 -9999 -9999 -9999 -9999 -9999 4551 -9999 -9999 -9999 -9999 -9999 -9999 -9999 -9999 -9999 -9999 -9999 -9999 -9999 -9999 -9999 -9999 -9999 -9999 5081 4979 4834 -9999 -9999 4563 -9999 -9999 -9999 4493 4794 4707 4825 -9999 -9999 -9999 -9999 -9999 -9999 -9999 -9999 -9999 -9999 -9999 -9999 -9999 -9999 -9999 -9999 4691 4717
-9999 -9999 3394 3830 4036 4324 4462 4431 4552 4694 4741 4726 4541 -9999 -9999 -9999 -9999 -9999 -9999 -9999 -9999 4553 4635 -9999 -9999 4747 4721 4458 4577 4697 -9999 4491 -9999 -9999 -9999 -9999 -9999 -9999 -9999 -9999 -9999 -9999 -9999 -9999 -9999 -9999 4803 4909 5014 4824 4669 4776 4648 4686 4789 -9999 -9999 -9999 4946 4660 4877 4967 -9999 -9999 -9999 -9999 -9999 -9999 -9999 -9999 -9999 -9999 -9999 -9999 -9999 -9999 -9999 4674 4631
-9999 -9999 -9999 -9999 3204 3518 4012 4220 4398 4747 4737 4562 4618 4948 -9999 4481 4481 4636 -9999 4704 4799 4841 4891 4839 4598 4664 4795 4651 4666 4541 -9999 4541 -9999 -9999 -9999 -9999 -9999 -9999 -9999 -9999 -9999 -9999 -9999 -9999 -9999 4937 4857 4826 4832 4684 4730 4984 4742 4811 4889 -9999 -9999 -9999 4590 4666 4825 4890 -9999 -9999 -9999 -9999 -9999 -9999 -9999 4811 -9999 -9999 -9999 -9999 -9999 -9999 -9999 4661 4580
-9999 -9999 -9999 -9999 -9999 3129 3117 3426 3976 4685 4850 4517 4455 4694 4696 4414 4467 4694 4904 4989 4961 4705 4642 4605 4359 4421 4509 4555 4668 4638 4648 4665 4493 -9999 -9999 4888 4842 4898 -9999 -9999 4777 -9999 -9999 -9999 4807 4883 4719 4641 4752 4772 4700 4797 4768 4739 4775 4569 4162 -9999 -9999 4733 4816 4763 4656 4651 -9999 -9999 -9999 -9999 -9999 -9999 -9999 -9999 -9999 -9999 -9999 -9999 -9999 -9999 -9999
-9999 -9999 -9999 -9999 -9999 -9999 -9999 -9999 -9999 4294 4333 4287 4251 4254 4456 4615 4645 4670 4809 4896 4918 4828 4720 4650 4564 4660 4793 4725 4754 4893 4814 4626 4645 4848 4948 5062 4975 4840 4782 4811 4902 4811 -9999 -9999 4675 4796 4597 4616 4837 4885 4768 4689 -9999 4536 4486 4621 4472 -9999 -9999 4698 4944 4751 4725 4769 -9999 -9999 -9999 -9999 -9999 -9999 4852 -9999 -9999 -9999 -9999 -9999 -9999 -9999 -9999
-9999 -9999 -9999 -9999 -9999 -9999 -9999 -9999 -9999 4305 4246 4404 -9999 -9999 -9999 -9999 4436 4345 -9999 -9999 -9999 -9999 4650 4820 4795 4711 4844 4721 4786 5013 4992 4749 4766 4933 4823 4901 5028 4992 4935 4928 4863 4763 4725 4541 4650 4832 4672 4708 4907 4927 4745 4720 4673 4647 4613 4738 4705 4266 -9999 4574 4866 4748 4825 -9999 -9999 -9999 -9999 -9999 -9999 -9999 4513 4623 -9999 -9999 -9999 -9999 -9999 -9999 -9999
