test/g2lab/icchange/view/profile/olddata/uncertainties-08.txt
ncols         250
nrows         338
xllcorner     532895
yllcorner     5948510
cellsize      7,5199999999987
NODATA_value  -9999
[rows 170 to 203 of 338, columns 77 to 153 of 250]
-9999 -9999 -9999 -9999 -9999 -9999 -9999 -9999 -9999 -9999 -9999 -9999 -9999 -9999 -9999 -9999 -9999 -9999 -9999 -9999 -9999 -9999 -9999 -9999 -9999 23,37476 -9999 -9999 -9999 -9999 -9999 -9999 -9999 -9999 -9999 -9999 -9999 -9999 -9999 -9999 -9999 -9999 -9999 -9999 -9999 -9999 -9999 -9999 -9999 -9999 -9999 -9999 -9999 -9999 -9999 -9999 -9999 -9999 -9999 -9999 -9999 -9999 -9999 -9999 -9999 -9999 -9999 -9999 -9999 -9999 -9999 -9999 -9999 -9999 -9999 -9999 -9999
-9999 -9999 -9999 -9999 -9999 -9999 -9999 -9999 -9999 -9999 -9999 -9999 -9999 -9999 -9999 -9999 -9999 -9999 -9999 -9999 -9999 -9999 -9999 -9999 -9999 -9999 -9999 17,7946 -9999 -9999 -9999 -9999 -9999 -9999 -9999 -9999 -9999 -9999 -9999 -9999 -9999 14,5096 -9999 -9999 -9999 -9999 -9999 -9999 -9999 -9999 -9999 -9999 -9999 -9999 -9999 -9999 -9999 -9999 -9999 -9999 -9999 -9999 -9999 -9999 -9999 -9999 -9999 -9999 -9999 -9999 -9999 -9999 -9999 -9999 -9999 -9999 -9999
-9999 -9999 -9999 -9999 -9999 -9999 -9999 -9999 -9999 -9999 -9999 -9999 -9999 -9999 -9999 -9999 -9999 -9999 -9999 -9999 -9999 -9999 27,14065 -9999 -9999 -9999 -9999 -9999 -9999 -9999 -9999 -9999 -9999 -9999 -9999 -9999 -9999 -9999 -9999 -9999 -9999 -9999 -9999 -9999 -9999 -9999 -9999 -9999 -9999 -9999 -9999 -9999 -9999 -9999 -9999 -9999 -9999 -9999 -9999 -9999 -9999 -9999 -9999 -9999 -9999 -9999 -9999 -9999 -9999 -9999 -9999 -9999 -9999 -9999 -9999 -9999 -9999
-9999 -9999 -9999 -9999 -9999 -9999 -9999 -9999 -9999 -9999 -9999 -9999 -9999 -9999 -9999 -9999 -9999 -9999 -9999 -9999 -9999 -9999 30,59488 -9999 -9999 -9999 -9999 -9999 -9999 -9999 -9999 -9999 -9999 -9999 -9999 -9999 -9999 -9999 -9999 -9999 -9999 -9999 -9999 -9999 -9999 -9999 -9999 -9999 -9999 -9999 -9999 -9999 -9999 -9999 -9999 -9999 -9999 -9999 -9999 -9999 -9999 -9999 -9999 -9999 -9999 -9999 -9999 -9999 -9999 -9999 -9999 -9999 -9999 -9999 -9999 -9999 -9999
-9999 -9999 -9999 -9999 -9999 -9999 -9999 -9999 -9999 -9999 -9999 -9999 -9999 -9999 -9999 -9999 -9999 -9999 -9999 -9999 -9999 -9999 -9999 15,31092 8,388855 -9999 -9999 -9999 -9999 -9999 -9999 -9999 -9999 -9999 -9999 -9999 -9999 -9999 -9999 -9999 19,43671 22,26369 -9999 -9999 -9999 -9999 -9999 13,69883 16,37533 -9999 -9999 -9999 -9999 -9999 -9999 -9999 -9999 -9999 -9999 -9999 -9999 -9999 -9999 -9999 34,80836 -9999 -9999 -9999 -9999 -9999 -9999 -9999 -9999 -9999 -9999 -9999 -9999
-9999 -9999 -9999 -9999 -9999 -9999 -9999 -9999 -9999 -9999 -9999 -9999 -9999 -9999 -9999 -9999 -9999 -9999 -9999 -9999 -9999 -9999 15,31092 15,31092 -9999 -9999 -9999 -9999 -9999 -9999 -9999 -9999 -9999 -9999 -9999 -9999 -9999 -9999 -9999 16,81622 19,43671 22,26369 -9999 -9999 -9999 -9999 -9999 13,69883 16,37533 -9999 -9999 -9999 -9999 -9999 -9999 -9999 -9999 -9999 -9999 -9999 -9999 -9999 -9999 -9999 -9999 -9999 -9999 -9999 -9999 -9999 -9999 -9999 -9999 -9999 -9999 -9999 -9999
-9999 -9999 -9999 -9999 -9999 -9999 -9999 -9999 -9999 -9999 -9999 -9999 -9999 -9999 -9999 -9999 -9999 -9999 -9999 -9999 -9999 18,92359 7,887051 7,887051 -9999 -9999 -9999 -9999 -9999 -9999 -9999 -9999 -9999 -9999 -9999 6,011485 7,683159 10,39286 11,55446 11,55446 12,18563 8,863456 15,74492 15,74492 -9999 -9999 -9999 -9999 9,124124 8,486408 11,16702 11,16702 16,63918 -9999 -9999 -9999 -9999 -9999 -9999 -9999 -9999 -9999 -9999 -9999 -9999 -9999 -9999 -9999 -9999 -9999 -9999 -9999 -9999 -9999 -9999 -9999 -9999
-9999 -9999 -9999 -9999 -9999 -9999 -9999 -9999 -9999 -9999 -9999 -9999 -9999 -9999 -9999 -9999 -9999 -9999 -9999 -9999 -9999 7,851938 9,719733 -9999 -9999 -9999 -9999 -9999 -9999 -9999 -9999 -9999 -9999 -9999 -9999 6,029193 3,614338 3,895995 5,048313 5,048313 7,823961 2,91645 7,469304 7,469304 5,94292 -9999 -9999 -9999 4,065286 5,270415 3,404528 3,404528 9,615101 16,24737 -9999 -9999 -9999 -9999 -9999 -9999 -9999 -9999 -9999 -9999 -9999 -9999 -9999 -9999 -9999 -9999 -9999 -9999 -9999 -9999 -9999 -9999 -9999
-9999 -9999 -9999 -9999 -9999 -9999 -9999 -9999 -9999 -9999 -9999 -9999 -9999 -9999 -9999 -9999 -9999 -9999 -9999 -9999 -9999 1,93581 9,307213 9,307213 -9999 -9999 -9999 -9999 -9999 -9999 4,141645 4,141645 7,495729 4,548987 2,140293 2,140293 3,448514 3,525019 3,161011 3,161011 2,922589 2,666158 5,157883 5,157883 -9999 -9999 -9999 -9999 3,494435 5,156313 3,693976 3,693976 2,915984 13,20281 21,9256 -9999 -9999 -9999 -9999 -9999 -9999 -9999 -9999 -9999 -9999 27,29985 -9999 -9999 -9999 -9999 -9999 -9999 -9999 -9999 -9999 -9999 -9999
-9999 -9999 -9999 -9999 -9999 -9999 -9999 -9999 -9999 -9999 -9999 -9999 -9999 -9999 -9999 -9999 -9999 -9999 -9999 -9999 -9999 1,93581 9,307213 9,307213 19,21128 -9999 -9999 -9999 -9999 -9999 4,141645 4,141645 7,495729 4,548987 2,140293 2,140293 3,448514 3,525019 3,161011 3,161011 2,922589 2,666158 5,157883 5,157883 -9999 6,748448 -9999 -9999 -9999 5,156313 3,693976 3,693976 2,915984 13,20281 21,9256 21,9256 -9999 -9999 -9999 -9999 -9999 -9999 -9999 -9999 -9999 27,29985 -9999 -9999 -9999 -9999 -9999 -9999 -9999 -9999 -9999 -9999 -9999
-9999 -9999 -9999 -9999 -9999 -9999 -9999 -9999 -9999 -9999 -9999 -9999 -9999 -9999 -9999 -9999 -9999 -9999 -9999 -9999 -9999 -9999 -9999 -9999 -9999 -9999 -9999 -9999 -9999 5,606743 10,2725 10,2725 4,240464 3,817015 2,519575 2,519575 2,832715 1,993012 1,595129 1,595129 2,427455 2,266424 3,579048 3,579048 7,377163 -9999 6,553594 -9999 -9999 -9999 3,52688 3,52688 1,924565 5,288457 10,49832 10,49832 -9999 -9999 -9999 -9999 -9999 -9999 -9999 -9999 -9999 -9999 -9999 -9999 -9999 -9999 -9999 -9999 -9999 -9999 -9999 -9999 -9999
-9999 -9999 -9999 -9999 -9999 -9999 -9999 -9999 -9999 -9999 -9999 -9999 -9999 -9999 -9999 -9999 -9999 -9999 -9999 -9999 -9999 -9999 -9999 -9999 -9999 -9999 -9999 -9999 -9999 3,373137 4,309821 4,309821 1,96375 2,606422 2,824734 2,824734 2,554814 2,232247 2,709999 2,709999 2,674332 4,066491 1,622014 1,622014 5,124632 -9999 -9999 -9999 -9999 6,714531 5,745952 5,745952 3,615939 4,074346 10,84269 10,84269 -9999 -9999 -9999 -9999 -9999 -9999 -9999 -9999 -9999 -9999 -9999 -9999 -9999 -9999 -9999 -9999 -9999 -9999 -9999 -9999 -9999
-9999 -9999 -9999 -9999 -9999 -9999 -9999 -9999 -9999 -9999 -9999 -9999 -9999 -9999 -9999 -9999 -9999 -9999 -9999 -9999 -9999 -9999 -9999 -9999 -9999 -9999 -9999 -9999 -9999 3,995804 2,28186 2,28186 3,53405 3,897289 3,72755 3,72755 4,26871 3,291045 3,486557 3,486557 3,743709 3,794596 2,930727 2,930727 3,936018 11,84769 -9999 -9999 -9999 6,505511 4,34801 4,34801 4,115388 3,994476 15,87699 -9999 -9999 -9999 -9999 -9999 4,304801 4,582558 -9999 -9999 -9999 -9999 -9999 -9999 -9999 -9999 -9999 -9999 -9999 -9999 -9999 -9999 -9999
-9999 -9999 -9999 -9999 -9999 -9999 -9999 -9999 -9999 -9999 -9999 -9999 -9999 -9999 -9999 -9999 -9999 -9999 -9999 -9999 -9999 -9999 -9999 -9999 -9999 -9999 -9999 -9999 -9999 3,995804 2,28186 2,28186 3,53405 3,897289 3,72755 3,72755 4,26871 3,291045 3,486557 3,486557 3,743709 3,794596 2,930727 2,930727 3,936018 11,84769 6,097854 -9999 -9999 -9999 -9999 -9999 -9999 -9999 15,87699 -9999 -9999 -9999 -9999 -9999 4,304801 -9999 -9999 -9999 -9999 -9999 -9999 -9999 -9999 -9999 -9999 -9999 -9999 -9999 -9999 -9999 -9999
-9999 -9999 -9999 -9999 -9999 -9999 -9999 -9999 -9999 -9999 -9999 -9999 -9999 -9999 -9999 -9999 -9999 -9999 -9999 -9999 -9999 -9999 -9999 -9999 -9999 -9999 -9999 -9999 5,307359 3,526244 2,736001 2,736001 5,320343 2,272116 4,294699 4,294699 4,5701 3,699033 1,527973 1,527973 1,756342 3,205811 3,068608 3,068608 3,642914 5,669427 9,645833 9,645833 -9999 -9999 -9999 -9999 -9999 -9999 -9999 -9999 -9999 -9999 4,147703 -9999 -9999 -9999 -9999 -9999 -9999 -9999 -9999 -9999 -9999 -9999 -9999 -9999 -9999 -9999 -9999 -9999 -9999
-9999 -9999 -9999 -9999 -9999 -9999 -9999 -9999 -9999 -9999 -9999 -9999 -9999 -9999 -9999 -9999 -9999 -9999 -9999 -9999 -9999 -9999 -9999 -9999 -9999 -9999 -9999 9,150142 8,272009 8,326404 3,673014 3,673014 4,784827 2,208185 5,239743 5,239743 3,946138 3,473389 1,954273 1,954273 2,80174 2,724002 4,457718 4,457718 3,609417 4,449522 7,780218 7,780218 6,267096 3,216889 -9999 -9999 -9999 -9999 -9999 -9999 -9999 -9999 6,762074 -9999 -9999 -9999 -9999 -9999 -9999 -9999 12,81213 12,81213 -9999 -9999 -9999 -9999 -9999 -9999 -9999 -9999 -9999
-9999 -9999 -9999 -9999 -9999 -9999 -9999 -9999 -9999 -9999 -9999 -9999 -9999 -9999 -9999 -9999 -9999 -9999 -9999 -9999 -9999 -9999 -9999 -9999 -9999 -9999 -9999 -9999 8,590161 6,271992 2,567948 2,567948 2,167277 3,13423 2,398741 2,398741 2,784744 3,207966 3,291618 3,291618 3,204113 3,095584 4,223812 4,223812 5,959476 4,080874 6,098281 6,098281 3,721118 3,825596 3,594263 -9999 -9999 -9999 -9999 -9999 -9999 -9999 -9999 -9999 -9999 -9999 -9999 -9999 -9999 -9999 -9999 -9999 34,073 -9999 -9999 -9999 -9999 -9999 -9999 -9999 -9999
-9999 -9999 -9999 -9999 -9999 -9999 -9999 -9999 -9999 -9999 -9999 -9999 -9999 -9999 -9999 -9999 -9999 -9999 -9999 -9999 -9999 -9999 -9999 -9999 -9999 -9999 -9999 -9999 8,590161 6,271992 2,567948 2,567948 2,167277 3,13423 2,398741 2,398741 2,784744 3,207966 3,291618 3,291618 3,204113 3,095584 4,223812 4,223812 5,959476 4,080874 6,098281 6,098281 3,721118 3,825596 3,594263 -9999 -9999 -9999 -9999 -9999 -9999 3,397535 4,310499 -9999 -9999 -9999 -9999 -9999 -9999 -9999 -9999 -9999 -9999 -9999 -9999 -9999 -9999 -9999 -9999 -9999 -9999
-9999 -9999 -9999 -9999 -9999 -9999 -9999 -9999 -9999 -9999 -9999 -9999 -9999 -9999 -9999 -9999 -9999 -9999 -9999 -9999 -9999 -9999 -9999 -9999 -9999 -9999 -9999 3,439714 3,11268 6,299455 2,432463 2,432463 3,16485 3,966444 2,661596 2,661596 3,006016 2,969515 3,521261 3,521261 3,633868 7,370318 6,375317 6,375317 6,163576 3,257876 3,012199 3,012199 -9999 -9999 -9999 -9999 -9999 -9999 -9999 7,940725 7,118472 3,594639 3,044349 -9999 -9999 -9999 -9999 -9999 -9999 -9999 -9999 9,815107 -9999 -9999 -9999 -9999 -9999 -9999 -9999 -9999 -9999
-9999 -9999 -9999 -9999 -9999 -9999 -9999 -9999 -9999 -9999 -9999 -9999 -9999 -9999 -9999 -9999 -9999 -9999 -9999 -9999 -9999 -9999 -9999 -9999 -9999 -9999 -9999 6,257886 5,256602 5,532764 5,310724 5,310724 8,920753 5,021933 2,521264 2,521264 2,559365 2,339164 5,249537 5,249537 4,084359 6,03969 6,444595 6,444595 3,057388 4,74038 3,734754 3,734754 -9999 -9999 -9999 -9999 -9999 -9999 -9999 10,58148 8,738151 4,089723 3,982877 -9999 2,570866 2,37334 -9999 -9999 -9999 9,070422 -9999 9,558598 -9999 -9999 -9999 -9999 -9999 -9999 -9999 -9999 -9999
-9999 -9999 -9999 -9999 -9999 -9999 -9999 -9999 -9999 -9999 -9999 -9999 -9999 -9999 -9999 -9999 -9999 -9999 -9999 -9999 -9999 -9999 -9999 -9999 -9999 -9999 -9999 -9999 -9999 2,858296 7,261068 7,261068 10,8217 4,970722 3,383495 3,383495 2,848829 2,426696 4,683488 4,683488 4,57936 4,450206 6,871316 6,871316 3,503396 -9999 -9999 -9999 -9999 4,806506 -9999 -9999 -9999 -9999 -9999 9,139314 7,487778 3,202381 3,14964 3,14964 4,059977 4,143756 2,873066 2,873066 3,844146 4,279339 7,593067 -9999 -9999 -9999 -9999 -9999 -9999 -9999 -9999 -9999 -9999
-9999 -9999 -9999 -9999 -9999 -9999 -9999 -9999 -9999 -9999 -9999 -9999 -9999 -9999 -9999 -9999 -9999 -9999 -9999 -9999 -9999 -9999 -9999 -9999 -9999 -9999 -9999 -9999 -9999 2,858296 7,261068 7,261068 10,8217 4,970722 3,383495 3,383495 2,848829 2,426696 4,683488 4,683488 4,57936 4,450206 6,871316 6,871316 3,503396 -9999 4,291428 4,291428 5,12582 4,806506 3,047356 -9999 -9999 -9999 -9999 9,139314 7,487778 3,202381 3,14964 3,14964 4,059977 4,143756 2,873066 2,873066 3,844146 4,279339 7,593067 -9999 -9999 -9999 -9999 -9999 -9999 -9999 -9999 -9999 -9999
-9999 -9999 -9999 -9999 -9999 -9999 -9999 -9999 -9999 -9999 -9999 -9999 -9999 -9999 -9999 -9999 -9999 -9999 -9999 -9999 -9999 -9999 -9999 25,5408 -9999 -9999 -9999 -9999 -9999 6,789701 7,700226 7,700226 12,17379 6,727953 2,354149 2,354149 3,543911 4,380822 2,377785 2,377785 4,738301 4,951691 3,190907 3,190907 -9999 4,500995 2,894131 2,894131 3,380973 5,478734 4,921431 -9999 -9999 -9999 -9999 -9999 3,109331 1,865362 3,027979 3,027979 6,374007 3,709764 3,5869 3,5869 3,906342 2,310141 4,292428 4,292428 12,17713 -9999 -9999 -9999 -9999 -9999 -9999 -9999 -9999
-9999 -9999 -9999 -9999 -9999 -9999 -9999 -9999 -9999 -9999 -9999 -9999 -9999 -9999 -9999 -9999 -9999 -9999 -9999 -9999 -9999 -9999 -9999 -9999 -9999 -9999 -9999 -9999 -9999 9,789509 8,220865 8,220865 13,79978 10,06571 4,050376 4,050376 3,495309 2,301317 2,554823 2,554823 3,4548 4,978419 4,323948 4,323948 3,604994 4,124786 5,129412 5,129412 3,243826 3,443264 3,031323 3,031323 -9999 -9999 -9999 -9999 2,96766 2,515038 2,00232 -9999 -9999 1,899144 2,39014 2,39014 4,521278 7,68129 7,353655 7,353655 15,87168 21,72947 -9999 25,59869 -9999 -9999 -9999 -9999 -9999
-9999 -9999 -9999 -9999 -9999 -9999 -9999 -9999 -9999 -9999 -9999 -9999 -9999 -9999 -9999 -9999 -9999 -9999 -9999 -9999 -9999 -9999 -9999 -9999 -9999 -9999 -9999 3,586242 5,466575 14,97126 6,996319 -9999 5,747126 5,556233 4,964445 4,964445 2,861249 2,705661 2,490986 2,490986 3,118308 3,684445 2,43067 2,43067 4,312435 6,405427 6,243275 6,243275 4,176726 4,678184 3,114118 3,114118 3,551405 -9999 -9999 -9999 -9999 1,635292 1,801054 1,801054 2,04942 2,076198 3,851248 3,851248 2,943531 6,097095 6,100029 6,100029 4,877243 12,6508 16,75388 16,75388 -9999 -9999 -9999 -9999 -9999
-9999 -9999 -9999 -9999 -9999 -9999 -9999 -9999 -9999 -9999 -9999 -9999 -9999 -9999 -9999 -9999 -9999 -9999 -9999 -9999 -9999 -9999 -9999 -9999 -9999 -9999 -9999 3,586242 -9999 14,97126 6,996319 -9999 5,747126 5,556233 4,964445 4,964445 2,861249 2,705661 2,490986 2,490986 3,118308 3,684445 2,43067 2,43067 4,312435 6,405427 6,243275 6,243275 4,176726 4,678184 3,114118 3,114118 3,551405 -9999 -9999 -9999 -9999 1,635292 1,801054 1,801054 2,04942 2,076198 3,851248 3,851248 2,943531 6,097095 6,100029 6,100029 4,877243 12,6508 16,75388 16,75388 26,73919 -9999 -9999 -9999 -9999
-9999 -9999 -9999 -9999 -9999 -9999 -9999 -9999 -9999 -9999 -9999 -9999 -9999 -9999 -9999 -9999 -9999 -9999 -9999 -9999 -9999 -9999 -9999 -9999 -9999 -9999 -9999 -9999 -9999 -9999 -9999 10,88853 4,679765 4,829799 3,365226 3,365226 2,879247 4,799401 3,286467 3,286467 2,646374 2,707611 2,952263 2,952263 2,392832 3,796872 5,199954 5,199954 3,429217 3,312021 3,992102 3,992102 2,82172 4,173333 -9999 -9999 -9999 -9999 2,641714 2,641714 4,019791 4,480909 4,22279 4,22279 3,693576 6,224003 5,903595 5,903595 4,339288 7,264681 4,571763 4,571763 -9999 -9999 -9999 -9999 -9999
-9999 -9999 -9999 -9999 -9999 -9999 -9999 -9999 -9999 -9999 -9999 -9999 -9999 -9999 -9999 -9999 -9999 -9999 -9999 -9999 -9999 -9999 -9999 -9999 -9999 -9999 -9999 -9999 -9999 -9999 -9999 7,74277 3,095809 6,870982 4,584095 4,584095 3,544748 3,069114 2,524922 2,524922 3,436198 4,69448 5,354696 5,354696 2,754605 3,131872 4,390208 4,390208 6,055646 3,684726 3,167255 3,167255 4,437329 4,585867 3,365199 -9999 -9999 -9999 3,127682 3,127682 5,37251 2,85424 4,337597 4,337597 4,077977 4,514807 3,642681 3,642681 3,885535 6,712839 4,199779 4,199779 8,104784 -9999 -9999 -9999 -9999
-9999 -9999 -9999 -9999 -9999 -9999 -9999 -9999 -9999 -9999 -9999 -9999 -9999 -9999 -9999 -9999 -9999 -9999 -9999 -9999 -9999 -9999 -9999 -9999 -9999 -9999 -9999 -9999 -9999 -9999 -9999 -9999 2,385137 5,959518 4,58937 4,58937 4,922868 3,121475 3,456585 3,456585 6,687386 5,649913 2,730824 2,730824 2,70796 2,519471 4,320262 4,320262 3,210126 3,201071 3,493014 3,493014 2,848727 3,020144 2,23911 -9999 -9999 -9999 -9999 3,415884 5,785942 3,798335 4,355971 4,355971 3,41037 3,603916 3,879237 3,879237 2,945762 6,05909 8,918957 8,918957 4,551309 6,878172 -9999 -9999 -9999
-9999 -9999 -9999 -9999 -9999 -9999 -9999 -9999 -9999 -9999 -9999 -9999 -9999 -9999 -9999 -9999 -9999 -9999 -9999 -9999 -9999 -9999 -9999 -9999 -9999 -9999 -9999 -9999 -9999 -9999 -9999 -9999 2,385137 5,959518 4,58937 4,58937 4,922868 3,121475 3,456585 3,456585 6,687386 5,649913 2,730824 2,730824 2,70796 2,519471 4,320262 4,320262 3,210126 3,201071 3,493014 3,493014 2,848727 3,020144 2,23911 2,23911 -9999 -9999 -9999 3,415884 5,785942 3,798335 4,355971 4,355971 3,41037 3,603916 3,879237 3,879237 2,945762 6,05909 8,918957 8,918957 4,551309 6,878172 31,06838 -9999 -9999
-9999 -9999 -9999 -9999 -9999 -9999 -9999 -9999 -9999 -9999 -9999 -9999 -9999 -9999 -9999 -9999 -9999 -9999 -9999 -9999 -9999 -9999 -9999 -9999 -9999 -9999 -9999 -9999 -9999 -9999 -9999 -9999 3,029149 3,142282 2,569979 2,569979 4,804843 3,4607 2,426809 2,426809 2,733902 3,582436 2,759623 2,759623 4,075706 3,392731 2,450577 2,450577 3,405288 3,32834 3,216773 3,216773 4,385612 4,683368 2,358725 2,358725 2,722298 -9999 -9999 2,97248 6,054674 5,096066 2,393538 2,393538 3,52192 2,949194 2,449819 2,449819 3,018429 5,952081 11,19418 11,19418 7,169706 7,488472 -9999 -9999 -9999
-9999 -9999 -9999 -9999 -9999 -9999 -9999 -9999 -9999 -9999 -9999 -9999 -9999 -9999 -9999 -9999 -9999 -9999 -9999 -9999 -9999 -9999 -9999 -9999 -9999 -9999 -9999 -9999 -9999 -9999 -9999 -9999 3,570621 3,366355 2,113638 2,113638 2,916383 2,462849 3,491451 3,491451 2,783742 2,330138 3,388413 3,388413 5,067804 3,483858 2,615154 2,615154 4,170348 4,821764 3,45038 3,45038 3,319343 3,283004 2,667351 2,667351 2,235168 -9999 -9999 2,647337 3,509656 3,901495 2,813134 2,813134 3,492739 2,075202 2,941755 2,941755 5,159184 4,847398 6,033502 6,033502 9,791057 5,144524 20,35336 -9999 -9999
-9999 -9999 -9999 -9999 -9999 -9999 -9999 -9999 -9999 -9999 -9999 -9999 -9999 -9999 -9999 -9999 -9999 -9999 -9999 -9999 -9999 -9999 -9999 -9999 -9999 -9999 -9999 -9999 4,41904 10,62096 -9999 -9999 3,911377 4,003214 2,144569 2,144569 3,160917 3,660444 3,090668 3,090668 2,840398 2,478849 3,004992 3,004992 2,957745 2,758167 5,122605 5,122605 5,605369 4,425056 4,297896 4,297896 3,759105 6,178953 2,659681 2,659681 2,814741 3,259621 -9999 -9999 2,008904 2,544735 2,204902 2,204902 3,310832 2,092256 2,102909 2,102909 2,54854 6,181566 5,44367 5,44367 3,199765 4,831917 4,313817 -9999 -9999
-9999 -9999 -9999 -9999 -9999 -9999 -9999 -9999 -9999 -9999 -9999 -9999 -9999 -9999 -9999 -9999 -9999 -9999 -9999 -9999 -9999 -9999 -9999 -9999 -9999 -9999 -9999 -9999 4,41904 10,62096 -9999 5,447001 3,911377 4,003214 2,144569 2,144569 3,160917 3,660444 3,090668 3,090668 2,840398 2,478849 3,004992 3,004992 2,957745 2,758167 5,122605 5,122605 5,605369 4,425056 4,297896 4,297896 3,759105 6,178953 2,659681 2,659681 2,814741 3,259621 -9999 -9999 -9999 2,544735 2,204902 2,204902 3,310832 2,092256 2,102909 2,102909 2,54854 6,181566 5,44367 5,44367 3,199765 4,831917 4,313817 -9999 -9999
