test/g2lab/icchange/view/histogram/change-07_b5.txt
ncols         411
nrows         508
xllcorner     532720
yllcorner     5948510
cellsize      5
NODATA_value  -9999
[rows 37 to 73 of 508, columns 168 to 251 of 411]
4959 5094 5166 5053 4947 5131 5248 5400 5685 5938 6089 5996 5698 5647 5611 5500 5542 5607 5605 5561 5317 5150 4826 4665 4650 4451 4262 4388 4812 5066 5150 5329 5585 5630 5702 5830 6465 7441 7852 7956 8203 8029 7503 7038 7682 8459 8309 7655 7667 8344 8710 8858 8767 8716 8657 8894 9287 9254 8732 8124 8167 8832 9106 9369 9194 8838 8800 8918 8888 8397 7630 6880 6594 6369 5733 4753 3832 3506 3374 3391 3440 3417 3376 3317
4883 5028 5046 4878 4790 4933 4913 5063 5419 5685 5773 5657 5533 5604 5514 5394 5355 5401 5397 5381 5284 5182 4953 4645 4548 4458 4317 4460 4908 5066 5038 5198 5578 5637 5579 5771 6252 7191 8002 8496 8955 9007 8636 8242 8146 7844 6857 5896 6333 7555 8523 8700 8564 8728 9070 9248 9431 9574 9113 8401 8040 8321 8825 9325 9366 9122 9209 9325 9400 9023 8327 8035 7796 7516 6982 6356 5397 4506 3933 3600 3501 3477 3435 3368
4875 4933 4860 4671 4615 4687 4674 4811 5062 5220 5195 5211 5336 5438 5338 5260 5270 5310 5306 5265 5262 5173 5034 4873 4663 4477 4348 4460 4675 4703 4871 5106 5470 5669 5784 5988 6413 7056 7919 8701 9361 9947 10017 9420 8698 8365 7480 6951 7443 7927 8239 8496 8638 8752 9237 9434 9281 9569 9579 8993 8422 7945 8238 8935 9493 9550 9447 9460 9345 9434 9349 9181 8838 8291 7822 7695 7102 5976 4871 4043 3570 3439 3443 3437
4872 4841 4637 4476 4467 4516 4506 4529 4672 4758 4815 4999 5200 5286 5222 5237 5291 5357 5365 5333 5256 5162 4944 4756 4488 4314 4322 4481 4636 4636 4755 5066 5409 5691 5639 5779 6257 6906 7644 8359 8881 9364 9447 8668 8042 8149 8092 8458 8818 8444 7649 7560 8258 8591 9168 9540 9468 9710 9811 9580 9094 8364 8121 8574 9113 9271 9259 9209 9180 9312 9629 9447 9015 8862 8790 8547 8001 6905 5770 4959 4358 3772 3476 3398
4571 4484 4324 4255 4336 4358 4321 4339 4460 4518 4634 4855 5072 5193 5245 5303 5332 5406 5445 5405 5130 4941 4821 4649 4374 4226 4326 4498 4582 4606 4726 5134 5365 5570 5707 5752 5959 6707 7501 8010 8275 8267 8273 8206 8502 8927 8665 8333 8271 7890 7197 7114 7905 8730 9213 9509 9555 9640 9591 9581 9354 8899 8657 8293 8351 8837 9375 9172 8860 8940 9446 9797 9570 9472 9382 9101 8493 7711 6893 6222 5497 4548 3689 3446
4210 4085 4022 4014 4081 4141 4197 4278 4408 4450 4600 4875 5067 5157 5298 5401 5400 5432 5395 5296 5094 4962 4833 4641 4464 4246 4192 4296 4394 4616 4752 4912 5023 5345 5765 5851 5773 6181 7134 7883 8426 8427 8235 8365 9104 9305 8747 8259 8497 8297 7541 7306 7805 8496 8887 9245 9463 9495 9506 9683 9739 9418 9050 8285 7967 8366 8903 8657 8534 9159 9419 9839 9911 9708 9615 9420 8886 8183 7768 7332 6369 5131 4013 3495
4025 3913 3869 3780 3831 3991 4127 4246 4451 4672 4823 4993 5127 5193 5372 5476 5454 5450 5326 5290 5283 5198 4942 4632 4446 4356 4217 4180 4323 4627 4815 4832 4928 5056 5405 5783 5932 6142 6934 7995 8618 8796 8773 8773 8709 8583 8299 8294 8782 8365 7412 7119 7711 8236 8556 8926 9326 9451 9411 9539 9807 9488 8720 7982 7845 8158 8316 8127 7895 8331 8878 9484 9781 9814 9868 9736 9232 8685 8442 7883 7408 6500 5271 4140
3907 3828 3789 3708 3726 3914 4097 4171 4489 4875 5018 5108 5184 5284 5411 5438 5468 5469 5344 5311 5421 5361 5104 4777 4582 4546 4452 4324 4382 4613 4741 4868 4974 5035 5169 5598 6071 6310 6837 7866 8668 8857 9120 8715 8135 8428 8634 8830 8683 7402 6872 7298 7810 8067 8221 8605 9053 9164 9177 9378 9674 9464 8789 8247 8112 8502 8552 8147 7736 7782 8423 9125 9621 9890 9878 9647 9365 9234 9085 8768 8539 7854 6531 5029
3877 3854 3805 3740 3687 3724 3925 4136 4451 4822 5021 5078 5166 5302 5375 5312 5359 5373 5298 5219 5332 5433 5284 5043 4796 4672 4578 4485 4469 4571 4642 4762 5030 5172 5180 5377 5742 6103 6489 7318 8111 8420 8751 8970 8684 8817 8637 9040 8773 7380 6620 6858 7424 7759 7826 7870 8127 8274 8767 9442 9824 9727 9657 9047 8481 8945 9138 8529 7944 7898 8108 8462 8875 9228 9229 9070 9011 9267 9460 9192 8799 7952 6913 6007
3863 3843 3793 3736 3693 3628 3832 4221 4453 4745 4960 5041 5107 5279 5331 5244 5304 5315 5224 5190 5267 5348 5330 5215 4980 4715 4622 4614 4535 4523 4646 4634 4879 5206 5273 5268 5506 5842 6108 6554 7273 7817 8124 8949 9218 8690 8128 8468 8180 7160 6563 6439 6837 7071 7039 7060 7159 7514 8264 9058 9668 9952 10246 9693 8981 9107 9198 8570 8037 8165 8544 8482 8227 8301 8386 8601 8901 9049 9273 9109 8654 8545 7857 7114
3816 3754 3690 3678 3711 3720 3882 4238 4547 4674 4946 5070 5096 5236 5234 5213 5312 5352 5200 5113 5221 5295 5380 5324 5187 5054 4915 4735 4525 4297 4478 4749 4807 4966 5201 5233 5211 5377 5698 6071 6653 7363 7979 8637 8919 8595 8398 8808 8090 7426 7152 6805 6796 6918 6947 7088 7085 7617 8464 8824 9248 9718 9933 9412 8997 8839 8713 8309 8171 8550 8766 8508 7902 7743 7929 7693 7934 8464 8934 9306 9273 9185 8466 7835
3825 3700 3658 3692 3742 3803 3954 4116 4438 4692 4984 5109 5120 5238 5255 5225 5275 5288 5187 5173 5332 5456 5593 5533 5381 5357 5301 4855 4381 4244 4328 4611 4640 4533 4614 4903 5032 5077 5447 6093 6574 7187 7868 8237 8492 8457 8369 8551 8223 7992 7809 7618 7494 7476 7596 7701 7398 7602 8446 8825 8907 9361 9617 9176 9031 8802 8447 8460 8423 8523 8420 8202 7914 7616 7471 7013 7086 7955 8682 9156 9338 9167 8773 8306
4383 4251 4037 3893 3806 3875 3997 4026 4319 4709 4847 5002 5155 5268 5313 5260 5297 5289 5128 5212 5406 5526 5646 5632 5565 5538 5500 5163 4642 4382 4118 4093 4316 4451 4601 4793 4981 5069 5265 5583 6219 6865 7683 7972 7727 7672 7470 7717 8290 8807 8527 7911 7654 7778 7979 7892 7518 7270 7951 8925 9016 9114 9390 9421 9284 9126 8623 8348 8363 8398 8386 8065 7764 7470 7318 7295 7296 7229 7787 8580 8869 8997 8782 8423
4809 4768 4453 4162 3965 3867 3961 4106 4222 4609 4870 4934 5118 5169 5169 5287 5276 5194 5038 5113 5485 5650 5630 5745 5835 5799 5595 5429 4904 4419 4212 4199 4395 4606 4687 4633 4554 4716 5033 5102 5566 6622 7496 7881 7667 7384 7154 7035 7580 8278 8178 7431 6959 7070 7338 7632 7495 7182 7372 8417 9078 9190 9375 9763 9850 9656 9118 8409 8406 8504 8587 8673 8552 8000 7454 7275 7281 6851 7273 8357 8754 9215 9073 8434
4770 4551 4238 3980 3913 3840 3891 4127 4330 4488 4778 4912 5045 5215 5169 5155 5145 5195 5208 5220 5456 5552 5657 5911 5866 5920 5798 5520 4917 4431 4297 4261 4337 4339 4354 4435 4437 4555 4889 5040 5199 5864 6772 7288 7867 8147 7927 7511 7098 7288 7629 7476 6896 6873 7238 7738 7912 7507 7161 7905 9106 9496 9346 9595 9924 9871 9855 8777 8121 8458 9054 9719 9865 9010 8062 7497 7565 7618 7699 7979 8273 8686 8919 8567
4987 4674 4265 3938 3889 3913 4013 4118 4275 4330 4655 4998 5048 5038 5002 4993 5192 5231 5352 5388 5407 5467 5665 5923 5926 6028 5969 5610 5129 4668 4356 4184 4163 4099 4181 4334 4370 4444 4628 4935 5130 5303 5777 6356 7244 8374 8498 7803 7118 6923 7455 7705 7602 7699 8077 8266 8656 8588 8264 8351 9082 9575 9413 9518 9779 10069 10071 9084 7982 8152 9006 9687 10203 10018 9258 8285 8195 8671 8584 8058 7618 7806 8427 8532
4907 4720 4443 4178 3928 3944 4146 4216 4267 4460 4624 4812 4875 4807 4898 5010 5047 5094 5264 5473 5537 5590 5574 5740 5921 5944 5837 5685 5471 5084 4596 4365 4268 4070 4149 4247 4223 4439 4607 4858 5166 5228 5395 5956 6668 7669 8098 7661 7233 6636 6873 7639 8040 8195 8190 8395 9029 9553 9546 9286 9289 9564 9574 9578 9828 10123 9892 9100 8149 7650 8326 9465 10138 10305 9727 8987 8357 8783 9093 8438 7461 7293 7764 7987
4734 4596 4461 4373 4105 4109 4395 4534 4439 4516 4714 4743 4857 4794 4650 4855 4883 4884 5047 5383 5487 5490 5556 5591 5762 5871 5927 5957 5808 5430 4930 4507 4343 4236 4225 4234 4318 4493 4595 4782 5104 5359 5451 5559 6020 6699 7610 8687 9060 8392 7692 7495 7608 7701 7732 8221 9021 9375 9607 9490 9319 9467 9525 9496 9723 10057 10134 9563 8650 7966 7957 8684 9106 9375 9210 8757 8597 8556 8763 8410 7696 7492 7697 7723
4576 4492 4479 4472 4346 4380 4569 4662 4597 4700 4875 4887 4891 4802 4713 4835 4799 4836 4990 5188 5230 5489 5752 5628 5785 6061 6127 5973 5815 5548 5308 5009 4636 4412 4257 4066 4220 4514 4625 4832 5076 5261 5321 5327 5633 6649 7840 9669 10827 10235 9202 8069 7699 7604 7428 8031 8993 9278 9643 9448 9084 9172 9459 9548 9652 9916 10394 10280 9655 9396 8635 8176 8361 8441 8402 8336 8462 8201 7991 7886 7671 7854 7872 7635
4409 4378 4385 4458 4512 4574 4685 4778 4805 4821 4884 4966 5079 4942 4848 4833 4799 4994 5149 5219 5278 5587 5911 5886 5993 6141 6046 5773 5907 5905 5739 5461 4969 4442 4296 4212 4249 4514 4745 4944 5120 5183 5182 5237 5437 6164 7324 8638 10005 10222 9319 8243 7442 7346 7317 7624 8709 9329 9343 9118 8722 8862 9340 9631 9628 9667 9950 10135 10157 10095 9436 8527 8111 8124 8512 8559 8448 8374 8101 7827 7730 7824 7828 7498
4225 4157 4198 4372 4562 4674 4800 4956 4936 4820 4995 5067 5088 5003 4891 4883 4951 5167 5316 5341 5450 5569 5827 5964 5994 6020 6020 5915 5948 6029 5959 5673 5363 4879 4546 4487 4409 4550 5009 5327 5402 5283 5157 5223 5287 5519 6097 6973 8108 8930 8446 7644 7193 7110 7167 7287 8063 8708 8664 8738 8640 8809 9330 9637 9706 9693 9842 10026 9976 9657 9239 8835 8748 9160 9560 9361 8811 8566 8449 8171 7971 7763 7719 7444
4016 3955 4085 4270 4588 4831 4947 5140 5020 4886 5071 5035 5047 5110 4960 5022 5106 5150 5257 5123 5185 5447 5577 5769 5960 6129 6107 6075 6017 6078 6177 6014 5602 5208 4804 4671 4682 4541 4916 5366 5463 5329 5161 5083 5109 5240 5724 6598 7243 7949 8054 7809 7791 7746 7988 7999 7897 7860 8024 8200 8361 8722 9222 9549 9592 9608 9760 9927 9780 9413 9456 9841 10023 10169 10116 9991 9632 9455 9331 8786 8783 8686 8253 7836
3944 3906 4028 4228 4582 4868 5031 5223 5058 4917 5041 5064 5135 5089 4962 5073 5110 5071 5100 5053 5159 5392 5426 5698 6026 6164 6068 6215 6206 6066 6087 6087 5703 5301 5097 4840 4713 4587 4755 4996 5053 4948 4889 4824 4861 5063 5407 6160 7082 7756 8338 8901 9356 9410 9560 9096 8241 7548 7475 7904 8317 8699 9081 9481 9723 9643 9596 9782 9822 9459 9852 10520 10449 10390 10398 10489 10541 10461 10124 9518 9574 9529 8944 8293
4048 4043 4102 4285 4528 4721 4880 5006 4942 4962 4996 4986 5025 4934 4855 4960 5065 5171 5205 5218 5235 5376 5547 5683 5840 5885 5961 6215 6253 6006 5831 5933 5800 5430 5241 5063 4855 4798 4832 4876 4758 4590 4592 4618 4721 4954 5230 5767 6638 7507 8209 9011 9567 9679 9768 9342 8325 7656 7639 8139 8716 9023 9264 9528 9744 9633 9438 9692 9971 9770 9763 10196 10325 10089 10104 10502 10789 10516 10326 10065 9845 9666 9323 8664
4037 4072 4105 4277 4511 4645 4628 4734 4921 5038 4972 4927 4956 4878 4780 4834 4938 5075 5175 5188 5184 5240 5361 5454 5521 5563 5851 6148 6131 5892 5711 5798 5795 5864 5704 5368 5077 4781 4772 4821 4765 4598 4490 4492 4529 4736 5091 5356 5938 6881 7737 8252 8479 8329 8312 8440 8286 7934 8004 8503 9241 9689 9696 9545 9512 9627 9551 9755 10157 9888 9287 9359 9554 9398 9559 10104 10486 10397 10258 10162 9780 9351 9009 8436
4033 4013 4011 4185 4499 4640 4504 4699 5046 5139 4953 4966 5038 4951 4839 4784 4814 4856 4926 5025 5100 5145 5231 5331 5408 5436 5781 6011 5919 5846 5834 5974 6112 6123 5962 5549 5349 4958 4709 4781 4867 4784 4605 4494 4447 4534 4951 5480 5768 6284 7164 7900 8264 8231 7813 7700 7645 7636 8002 8862 9280 9754 9881 9736 9435 9410 9588 9732 10114 9899 8973 8488 8646 8953 9144 9687 9883 9736 9745 10035 9926 9402 9036 8402
4096 4193 4224 4143 4366 4548 4530 4782 5107 5150 4949 5045 5022 4861 4769 4764 4796 4809 4821 4885 5022 5162 5284 5412 5414 5444 5808 5872 5829 5924 6074 6363 6382 6032 5920 5624 5210 4832 4623 4633 4771 4723 4644 4521 4472 4551 4685 5134 5612 5961 6877 7899 8266 8709 8346 7302 6551 7003 8122 9120 9145 9545 9846 9709 9588 9339 9448 9625 9726 9707 9145 8551 8386 8853 8880 8595 8327 8786 9436 9752 9705 9399 9201 8847
4012 4239 4383 4211 4228 4383 4522 4772 5006 5060 4960 5036 4830 4624 4629 4732 4859 4934 4926 4916 4998 5143 5275 5368 5367 5519 5849 5804 5880 6212 6464 6627 6621 6248 5998 5646 5062 4660 4622 4523 4670 4770 4610 4550 4500 4540 4512 4856 5439 5864 6668 7441 8188 8929 8789 7210 6281 7263 8362 9278 9600 9671 9923 9934 9791 9432 9458 9729 9704 9751 9756 9261 8564 8578 8447 7787 7495 8384 9210 9320 9273 9243 9430 9492
4215 4371 4474 4360 4232 4349 4562 4725 4862 4974 4956 4876 4645 4553 4572 4673 4811 4963 5046 5039 5028 5092 5187 5249 5300 5508 5755 5724 5879 6270 6612 6712 6912 6641 6060 5684 5250 4729 4516 4511 4729 4851 4585 4661 4655 4546 4564 4898 5392 5820 6229 6694 7574 8630 8999 8474 8136 8628 8703 9086 9613 9851 9884 9962 9770 9561 9528 9657 9724 9721 9686 9444 8931 8627 8405 8309 8396 9158 9569 9482 9387 9525 9941 10155
4386 4451 4429 4393 4387 4468 4541 4666 4778 4867 4718 4629 4640 4674 4631 4613 4711 4849 5046 5169 5176 5180 5166 5199 5294 5408 5566 5646 5738 6047 6411 6655 7039 6843 6122 5555 5303 4732 4442 4638 4699 4824 4781 4803 4789 4582 4534 4864 5161 5455 5772 6230 6925 7791 8488 8983 9403 9334 8960 8969 9234 9554 9578 9961 10013 9798 9671 9603 9515 9540 9700 9536 9242 8865 8461 8670 9330 9868 9988 10008 9810 9770 9992 10245
4272 4440 4458 4454 4490 4467 4404 4543 4570 4467 4335 4445 4626 4605 4576 4559 4642 4785 4999 5220 5288 5263 5204 5240 5312 5282 5440 5567 5660 5910 6187 6583 6874 6691 6063 5500 5330 4872 4537 4592 4641 4817 4818 4745 4819 4645 4522 4674 4830 5147 5532 6053 6558 7063 7687 8174 8529 8769 8722 8703 8592 9002 9635 10017 10210 10073 9887 9785 9711 9676 9713 9532 9323 9156 9109 9282 9623 9744 9803 9878 9849 9781 9785 9951
4128 4345 4455 4352 4394 4460 4425 4449 4325 4165 4194 4292 4469 4550 4595 4603 4684 4841 4998 5150 5234 5191 5135 5183 5210 5223 5423 5555 5675 5891 6099 6437 6609 6446 6086 5692 5427 5083 4630 4574 4668 4690 4634 4666 4728 4573 4427 4422 4655 5009 5365 5780 6331 6845 7730 8260 8345 8336 8288 8222 8263 8672 9467 9951 10106 10095 9959 9791 9570 9565 9739 9857 9747 9401 9291 9321 9444 9502 9477 9518 9482 9497 9340 9034
4173 4354 4354 4176 4235 4291 4207 4127 4193 4218 4156 4112 4227 4507 4683 4673 4713 4790 4910 5036 5133 5163 5128 5121 5129 5225 5423 5516 5627 5831 6064 6248 6315 6252 6174 5932 5572 5119 4700 4772 4742 4550 4577 4653 4587 4391 4338 4328 4563 4898 5188 5518 6124 7025 8304 9038 8773 8339 7868 7809 7899 7975 8567 9392 9775 9966 10075 9852 9500 9538 9667 9721 9616 9376 9028 9030 9218 9331 9417 9233 8905 8767 8444 7777
4199 4300 4244 4078 4067 4105 3874 3802 4033 4153 4017 3903 4049 4367 4639 4710 4752 4716 4826 4990 4984 4998 5018 5070 5170 5276 5457 5588 5565 5706 5904 5944 5979 6181 6243 5977 5602 5120 4806 4952 4762 4590 4668 4688 4490 4306 4335 4331 4517 4895 5229 5465 5977 7166 8494 9244 9048 8343 7625 7379 7380 7326 7609 8754 9564 9781 9945 10017 9825 9684 9677 9611 9457 9298 8756 8368 8420 8715 8867 8894 8405 7825 7378 7033
4094 4164 4163 4058 4030 4063 3813 3761 4010 4098 3936 3861 4085 4365 4626 4771 4790 4748 4860 4970 4926 4903 4935 5041 5249 5398 5507 5574 5521 5643 5780 5868 5988 6181 6204 5889 5595 5207 4935 4890 4733 4658 4716 4688 4493 4343 4356 4431 4738 5069 5297 5487 5756 6545 7763 8493 8577 8417 8152 7726 7377 7189 7450 8383 9288 9633 9744 9979 10063 9957 9806 9587 9414 8987 8208 7560 7427 7662 7631 7806 7530 6954 6843 6673
4177 4104 4154 4074 4104 4121 3920 3912 4030 4091 4020 4018 4215 4467 4623 4742 4766 4752 4846 4936 4988 5046 5195 5171 5242 5436 5404 5417 5504 5553 5582 5868 6155 6173 6115 5910 5641 5362 5007 4800 4729 4716 4768 4693 4467 4383 4435 4685 5021 5187 5181 5284 5567 5930 6910 7818 7872 8248 8315 7857 7514 7006 7217 8120 9068 9574 9710 9984 10001 9869 9481 9241 9135 8757 8026 7398 7056 7221 7390 7428 7234 6885 6742 6703
4219 4202 4195 4084 4101 4147 4074 4039 3978 4059 4142 4197 4288 4406 4535 4633 4675 4717 4807 4883 4985 5100 5239 5254 5214 5336 5376 5302 5356 5448 5423 5626 6002 6063 5909 5985 5812 5407 5148 4853 4814 4890 4901 4813 4629 4610 4644 4789 5010 5022 4787 5010 5619 5987 6736 7403 7540 7652 7462 7361 7561 7457 7200 7868 8993 9647 9763 9568 9339 9150 8698 8239 8229 8190 8048 7647 7392 7024 7103 7290 7275 6952 6644 6612
