test/g2lab/icchange/view/histogram/change-07_b4.txt
ncols         411
nrows         508
xllcorner     532720
yllcorner     5948510
cellsize      5
NODATA_value  -9999
[rows 380 to 417 of 508, columns 168 to 251 of 411]
1843 1896 1868 1875 1873 1796 1832 1923 1941 1933 1914 1918 1934 1908 1761 1593 1570 1678 1750 1732 1726 1772 1897 2013 2097 2542 2997 3030 2879 2711 2662 2671 2600 2574 2349 2043 2041 1996 1858 1882 1933 1988 2216 2615 3960 5217 5282 4665 3979 3566 3461 3420 3393 3340 3234 3014 2960 3114 3286 3365 3427 3439 3446 3422 3643 3708 3472 3401 3123 2658 2326 2382 2578 2473 2410 2700 3134 3321 3345 3192 2895 2765 2777 2808
1897 1958 1852 1831 1905 1924 1952 1962 1981 1960 1882 1847 1875 1855 1749 1598 1587 1698 1725 1725 1772 1838 1922 1980 2083 2421 2802 2893 2741 2664 2679 2713 2644 2603 2368 2090 2087 2102 2066 2012 2029 2138 2352 3030 4133 4991 5089 4434 3619 3229 3300 3380 3376 3362 3191 2962 2972 3117 3214 3219 3289 3382 3396 3360 3629 3265 2635 2599 2575 2461 2230 2193 2270 2339 2448 2756 3254 3555 3538 3371 2888 2570 2595 2624
1844 1946 1895 1893 1973 2052 2012 1883 1836 1895 1900 1838 1803 1771 1676 1588 1652 1754 1743 1723 1800 1885 1849 1886 2068 2321 2536 2653 2643 2664 2699 2645 2507 2396 2324 2171 2115 2169 2296 2268 2211 2280 2343 3019 3969 4399 4653 4194 3526 3365 3445 3472 3326 3251 3167 3117 3175 3267 3233 3080 3011 3083 3144 3164 3317 2733 2190 2286 2412 2602 2629 2524 2613 2542 2535 2740 2864 3224 3439 3340 2873 2583 2617 2556
1862 1959 1983 1983 1965 2008 1994 1886 1837 1925 2015 1979 1890 1799 1717 1670 1723 1802 1757 1714 1794 1834 1780 1845 2002 2195 2335 2440 2476 2504 2521 2425 2357 2295 2310 2289 2218 2279 2461 2362 2128 2116 2290 2801 3573 3907 4117 4069 3849 3762 3690 3584 3434 3362 3302 3278 3273 3289 2975 2658 2565 2675 2588 2471 2569 2484 2300 2370 2575 2812 3012 3018 3018 2876 2868 2796 2583 2768 3036 2989 2723 2791 2789 2711
1906 1990 2045 2004 1941 1967 1982 1954 1947 1949 1953 1890 1835 1824 1819 1756 1705 1691 1692 1703 1755 1816 1781 1821 1879 2036 2232 2290 2270 2287 2322 2297 2443 2294 2159 2291 2356 2420 2501 2327 2010 2087 2436 2514 2872 3316 3655 3804 3755 3645 3547 3472 3503 3554 3455 3417 3396 3095 2495 2260 2154 2098 2142 1980 2206 2592 2615 2787 2847 2788 3052 3162 3170 3129 3167 3117 2895 2911 2918 2829 2774 2966 2860 2727
1946 1997 2036 1970 1873 1879 1917 1939 1920 1879 1863 1806 1756 1758 1755 1715 1643 1611 1650 1682 1700 1894 1899 1769 1756 1895 2142 2299 2258 2233 2278 2333 2481 2141 1955 2253 2409 2466 2466 2400 2268 2422 2758 2729 2829 3199 3458 3461 3400 3355 3350 3349 3295 3494 3559 3390 3200 2792 2304 2059 1773 1863 2222 2145 2338 2770 2963 3187 2942 2733 3139 3148 3076 3102 3172 3371 3366 3164 3004 2905 3008 3193 3037 2758
1935 1956 1991 1940 1844 1803 1823 1862 1811 1764 1841 1825 1782 1775 1753 1710 1658 1634 1659 1671 1679 1822 1914 1724 1698 1974 2249 2395 2362 2288 2263 2327 2343 2102 2042 2234 2380 2367 2466 2642 2681 2762 2908 3003 3108 3375 3455 3240 3077 3188 3375 3372 3279 3353 3231 2865 2670 2419 2119 2017 1904 2102 2376 2366 2706 3021 3165 3246 3110 2919 3013 2986 2965 2968 3004 3094 3209 3108 2941 2870 2944 3075 2959 2755
1892 1912 1952 1942 1890 1781 1732 1757 1753 1759 1835 1834 1796 1770 1753 1739 1673 1623 1638 1639 1564 1624 1870 1821 1800 2045 2228 2280 2333 2382 2279 2301 2357 2416 2473 2453 2429 2406 2496 2675 2797 2796 2873 2918 2997 3146 3186 3041 2977 3139 3257 3029 2711 2781 2630 2332 2160 2131 2222 2376 2424 2516 2714 2864 3064 3130 3166 3179 3087 2924 2871 2977 3024 2993 2910 2804 2825 2897 2986 3035 2904 2825 2770 2685
1845 1873 1937 1956 1920 1787 1708 1758 1840 1780 1745 1764 1733 1701 1715 1736 1685 1617 1595 1587 1525 1667 1888 1822 1763 1863 2079 2201 2460 2520 2304 2398 2342 2478 2789 2788 2668 2532 2483 2511 2745 2836 2846 2938 2947 2919 2895 2868 2913 3045 2986 2471 2143 2343 2285 2080 2068 2282 2506 2751 2895 2971 3093 3099 3046 3030 3039 3008 2949 2935 2949 3017 3058 3032 2982 2938 2845 2748 2827 2932 2834 2794 2654 2593
1811 1850 1911 1952 1926 1834 1783 1849 1915 1804 1742 1733 1663 1624 1676 1712 1669 1613 1599 1609 1598 1689 1742 1650 1631 1750 2046 2314 2612 2555 2286 2285 2291 2550 2956 3013 2902 2632 2493 2595 2895 2911 2730 2967 3032 2859 2669 2628 2548 2477 2378 2092 2172 2351 2277 2282 2426 2623 2691 2846 3016 3081 3158 3001 2946 2973 2961 2941 2951 2968 2964 2969 2972 2977 2965 2993 2973 2845 2727 2700 2778 2843 2671 2633
1789 1842 1878 1957 1956 1884 1858 1894 1918 1821 1828 1761 1643 1608 1682 1717 1654 1618 1660 1636 1592 1628 1614 1589 1635 1756 2033 2379 2574 2416 2180 2149 2288 2497 2940 3053 2814 2642 2673 2871 2885 2748 2647 2887 3027 2838 2499 2258 1999 1909 1999 1999 2394 2624 2575 2669 2713 2800 2814 2793 2829 2944 2990 2808 2816 2916 2922 2924 2989 3039 3015 2953 2859 2907 3051 3173 3233 3089 2873 2724 2831 2946 2764 2781
1792 1855 1877 1936 1947 1889 1872 1855 1822 1812 1865 1779 1649 1636 1731 1730 1639 1611 1691 1603 1533 1622 1661 1690 1735 1798 1916 2205 2382 2220 2132 2012 2099 2357 2902 3095 2839 2825 2756 2848 2847 2654 2344 2520 2847 2612 2310 2134 1993 1999 2252 2534 2754 2785 2795 2859 2823 2954 2928 2783 2780 2883 2749 2499 2662 2812 2791 2754 2808 2940 3023 3004 2901 2961 3146 3207 3268 3165 2944 2838 2965 2996 2816 2824
1830 1840 1843 1859 1899 1888 1825 1754 1740 1784 1816 1710 1600 1659 1757 1699 1581 1571 1660 1600 1567 1653 1703 1717 1705 1703 1760 1986 2155 2111 2095 1852 1864 2265 2702 3178 3178 2965 2697 2564 2554 2436 1969 2112 2597 2570 2450 2468 2508 2564 2788 2897 2799 2807 2936 2930 2835 3046 3000 2897 2878 2835 2579 2407 2598 2718 2668 2563 2613 2782 2975 3032 2996 2987 3012 3033 3115 3167 3081 3007 3077 2968 2843 2880
1858 1817 1775 1784 1820 1863 1801 1717 1768 1789 1770 1692 1609 1686 1757 1628 1502 1529 1652 1660 1629 1634 1627 1584 1588 1660 1751 1879 1990 2036 1991 1806 1828 2155 2577 3222 3332 2893 2541 2204 2204 2302 2036 2063 2397 2578 2524 2724 3048 3168 3046 2874 2771 2863 2955 2898 2860 3035 2925 2946 2956 2791 2672 2580 2671 2729 2712 2671 2697 2779 2887 2939 2901 2846 2830 2862 2945 3090 3158 3141 3091 2891 2863 2965
1849 1817 1764 1744 1773 1824 1805 1746 1752 1758 1763 1759 1722 1715 1710 1626 1549 1558 1672 1696 1629 1624 1558 1513 1563 1696 1828 1871 1867 1906 1943 1923 1917 2036 2527 3131 3208 2939 2511 2124 2044 2243 2369 2353 2327 2208 2229 2543 2965 3119 2955 2917 2860 2853 2840 2869 2906 2999 3000 3015 2916 2826 2839 2719 2691 2781 2868 2952 2961 2941 2898 2822 2747 2728 2763 2758 2819 2987 3123 3252 3137 2885 2946 2917
1786 1768 1748 1725 1739 1755 1716 1707 1714 1732 1741 1721 1717 1719 1719 1724 1675 1612 1699 1711 1625 1661 1623 1513 1517 1644 1800 1841 1792 1810 1944 1986 1911 1997 2369 2936 3203 3155 2660 2305 2380 2474 2672 2663 2482 2059 1914 2204 2467 2821 2926 2879 2810 2729 2743 2797 2825 2935 3045 3013 2891 2869 2941 2800 2655 2725 2912 3083 3148 3082 2963 2841 2772 2755 2764 2742 2738 2921 3164 3445 3314 3003 2994 2805
1677 1642 1645 1663 1710 1691 1634 1695 1712 1704 1721 1698 1704 1739 1747 1738 1699 1668 1723 1703 1608 1585 1583 1581 1557 1588 1699 1894 1876 1774 1823 1904 1899 2015 2166 2873 3405 3226 2652 2492 2714 2536 2610 2852 2737 2191 2055 2271 2420 2654 2874 2825 2708 2662 2763 2924 2980 3026 3090 3116 3078 3019 2928 2750 2592 2678 2944 3150 3251 3172 3003 2885 2858 2798 2724 2704 2711 2890 3266 3555 3414 3111 2990 2858
1611 1542 1542 1601 1687 1689 1659 1729 1720 1703 1697 1664 1680 1722 1756 1772 1751 1716 1701 1670 1597 1547 1582 1673 1707 1693 1724 1834 1831 1697 1685 1889 1964 2015 2179 2892 3448 3142 2684 2422 2488 2390 2376 2735 2906 2639 2635 2755 2790 2726 2866 2847 2729 2737 2900 3184 3289 3241 3208 3242 3232 3078 2907 2683 2550 2635 2808 3077 3292 3212 3050 2975 2957 2798 2637 2611 2698 2896 3267 3457 3293 3156 3024 2957
1634 1584 1562 1619 1697 1708 1705 1717 1699 1683 1651 1628 1659 1698 1738 1767 1760 1716 1670 1629 1592 1570 1596 1643 1672 1674 1669 1665 1691 1768 1844 1912 1937 2002 2327 2787 3411 3331 2792 2219 2123 2167 2154 2542 3149 3166 3034 3079 3083 2901 2892 2904 2847 2875 2999 3220 3377 3351 3281 3229 3216 3121 2976 2772 2683 2740 2723 2979 3211 3147 3060 2969 2913 2767 2673 2639 2722 2848 3135 3228 3055 3134 3043 2951
1665 1649 1624 1649 1670 1642 1676 1675 1652 1642 1620 1613 1635 1668 1706 1729 1722 1673 1632 1613 1605 1597 1619 1638 1628 1629 1636 1675 1702 1707 1871 1943 1932 2009 2234 2583 3197 3494 3041 2459 2286 2197 2327 2779 3567 3711 3308 3132 3232 2971 2761 2880 2945 2917 2908 3008 3173 3245 3197 3116 3203 3192 3032 2926 2922 2893 2784 2981 3114 3011 2917 2757 2734 2762 2815 2767 2672 2726 2932 3083 3002 3021 3008 3005
1610 1640 1639 1656 1589 1541 1633 1646 1624 1622 1597 1590 1631 1679 1706 1715 1686 1637 1624 1621 1617 1616 1658 1664 1637 1642 1632 1728 1781 1603 1858 2039 1903 1877 1999 2355 2883 3337 3152 2737 2641 2458 2634 3198 3836 3825 3399 3182 3289 2920 2650 2867 2950 2919 2789 2762 2838 2998 3104 3114 3226 3148 2933 2910 3000 2931 2849 2981 3002 2879 2707 2532 2567 2762 2843 2801 2670 2651 2795 3020 2990 2891 2963 2887
1560 1589 1645 1693 1594 1557 1661 1645 1628 1613 1599 1614 1666 1719 1722 1718 1680 1638 1627 1619 1618 1639 1692 1695 1666 1666 1674 1805 1813 1641 1796 1890 1806 1829 1940 2159 2778 3327 3267 2994 2828 2612 2883 3544 3940 3900 3628 3394 3251 2987 2793 2870 2944 2956 2793 2647 2672 2830 3093 3147 3053 2923 2748 2760 2909 2819 2775 2894 2928 2869 2697 2576 2632 2721 2737 2667 2513 2434 2614 2882 3013 3129 3110 2857
1549 1590 1644 1640 1627 1612 1672 1654 1634 1623 1638 1670 1697 1746 1761 1746 1699 1645 1619 1607 1607 1642 1685 1680 1671 1687 1713 1720 1803 1695 1644 1730 1890 1937 1942 1975 2606 3408 3510 3179 3017 3055 3051 3395 4014 4217 3692 3293 3142 3102 2960 2881 2960 3052 2986 2766 2667 2754 2958 2949 2796 2806 2686 2716 2819 2700 2663 2794 2933 2999 2954 2873 2824 2734 2690 2598 2469 2376 2482 2791 3010 3258 3251 3042
1561 1618 1610 1594 1637 1546 1595 1692 1679 1630 1649 1702 1730 1779 1812 1766 1701 1649 1607 1585 1583 1624 1652 1644 1646 1668 1646 1589 1747 1681 1571 1769 2009 1953 1859 2015 2486 3528 3912 3370 3150 3036 2829 3088 3896 4243 3740 3374 3173 3040 2938 2951 3007 3047 3029 2857 2638 2585 2635 2685 2810 2906 2785 2823 2842 2716 2652 2685 2900 3099 3100 3043 2913 2777 2770 2761 2699 2611 2572 2792 3053 3166 3287 3211
1588 1644 1612 1611 1631 1581 1576 1660 1673 1598 1596 1688 1761 1790 1796 1764 1659 1620 1567 1543 1560 1612 1622 1606 1608 1605 1641 1610 1637 1689 1663 1786 1941 1790 1785 2171 2513 3491 3949 3396 3031 2807 2699 2959 3575 4071 3892 3517 3346 3128 2920 2913 2874 2799 2702 2591 2431 2367 2478 2654 2996 3133 2962 2935 2893 2760 2655 2544 2707 2975 3011 3058 2968 2897 2979 2946 2930 2906 2811 2938 3079 3127 3288 3276
1633 1666 1621 1629 1686 1672 1571 1563 1638 1678 1697 1726 1768 1744 1629 1719 1740 1627 1548 1506 1555 1635 1619 1604 1594 1590 1724 1631 1535 1737 1634 1671 1829 1799 1800 2125 2704 3557 4384 4149 3402 2996 2731 3055 3689 4228 4036 3439 3251 3077 2868 2723 2662 2698 2725 2637 2472 2445 2571 2748 2939 3088 2989 2895 2861 2805 2611 2425 2528 2810 2997 3076 3064 3103 3113 2991 3070 3086 3003 3075 3151 3220 3284 3177
1663 1665 1626 1655 1696 1695 1608 1566 1591 1697 1760 1747 1750 1728 1651 1737 1757 1656 1615 1609 1614 1651 1639 1624 1617 1610 1701 1602 1557 1689 1527 1579 1858 1957 1795 2011 2660 3510 4776 5389 4495 3648 2923 3341 4285 4678 4541 3733 3144 3100 2943 2667 2521 2578 2814 2897 2762 2698 2708 2744 2749 2886 2946 2859 2788 2757 2609 2427 2524 2701 2951 3106 3153 3297 3204 2995 3091 3078 3042 3140 3230 3309 3235 3070
1649 1622 1623 1645 1591 1690 1704 1623 1558 1601 1708 1742 1762 1831 1779 1655 1593 1549 1577 1635 1587 1630 1663 1572 1636 1637 1600 1626 1610 1633 1601 1646 1867 1965 1818 1990 2401 3408 4816 6168 5747 4228 3376 3570 4345 4504 4238 3765 3295 3252 3142 2837 2569 2570 2734 2803 2738 2717 2652 2643 2728 2837 2856 2764 2663 2656 2702 2675 2646 2655 2783 3019 3224 3440 3158 2896 3034 3026 3062 3126 3160 3234 3156 3013
1592 1547 1601 1582 1499 1653 1783 1709 1589 1563 1682 1794 1819 1860 1787 1622 1585 1527 1547 1568 1511 1602 1596 1512 1661 1682 1615 1616 1593 1613 1677 1679 1677 1833 1970 2123 2421 3304 4875 6393 6447 4940 3722 3700 3907 3838 3606 3692 3525 3330 3213 3019 2765 2666 2728 2687 2650 2594 2511 2508 2600 2698 2725 2670 2595 2602 2665 2680 2575 2504 2553 2809 3047 3127 2878 2820 2937 2897 2876 2947 2951 3015 3002 2913
1529 1499 1568 1582 1549 1644 1758 1766 1670 1645 1726 1823 1789 1729 1760 1693 1626 1573 1578 1549 1488 1565 1501 1505 1646 1667 1643 1608 1583 1531 1606 1729 1738 1902 2055 2257 2620 3150 4410 5896 6562 5569 4032 3482 3372 3522 3566 3526 3408 3288 3198 3075 2898 2783 2738 2655 2677 2619 2484 2446 2480 2563 2617 2615 2578 2520 2472 2432 2341 2298 2355 2538 2671 2665 2656 2846 2887 2767 2718 2803 2782 2613 2602 2838
1501 1498 1583 1665 1637 1613 1688 1731 1741 1734 1750 1774 1692 1606 1728 1693 1590 1564 1580 1528 1523 1567 1452 1509 1637 1629 1631 1620 1561 1496 1514 1644 1794 1894 1912 2204 2683 2916 3772 5625 6715 5816 4093 3197 3371 3674 3657 3392 3293 3291 3265 3102 2930 2768 2654 2667 2777 2721 2572 2480 2477 2494 2503 2476 2453 2391 2300 2229 2185 2106 2132 2290 2435 2469 2512 2727 2723 2702 2685 2549 2478 2387 2472 2835
1497 1537 1609 1620 1629 1606 1635 1674 1741 1743 1722 1744 1738 1674 1660 1587 1493 1476 1506 1486 1576 1590 1462 1530 1620 1622 1611 1620 1572 1502 1486 1512 1648 1772 1759 2067 2507 2948 3843 5773 6739 5641 4206 3441 3603 3742 3793 3517 3343 3386 3377 3219 2952 2743 2560 2623 2757 2704 2602 2527 2509 2463 2353 2253 2218 2243 2241 2127 2022 1944 1950 2108 2265 2233 2316 2486 2474 2559 2570 2427 2432 2471 2492 2589
1557 1639 1556 1482 1614 1677 1663 1672 1723 1735 1734 1790 1874 1738 1598 1550 1463 1422 1439 1453 1604 1582 1493 1577 1618 1637 1634 1632 1567 1505 1522 1576 1736 1855 1880 1983 2432 3054 3812 4919 6221 5793 4485 3783 3766 3872 3928 3655 3329 3315 3300 3264 3097 2838 2633 2739 2784 2612 2528 2519 2550 2498 2339 2116 2037 2116 2178 2018 1852 1859 1856 1992 2102 2059 2168 2270 2282 2356 2425 2434 2433 2450 2460 2459
1571 1618 1557 1441 1511 1614 1694 1738 1799 1862 1850 1796 1784 1661 1579 1557 1502 1472 1432 1478 1602 1516 1479 1563 1572 1576 1588 1578 1524 1478 1481 1563 1705 1885 1951 1983 2332 2909 3469 4052 5838 6196 4879 4214 4025 4036 3872 3574 3208 3166 3289 3319 3261 3064 2911 2981 2925 2614 2453 2459 2550 2533 2376 2142 1981 1969 1994 1877 1786 1799 1741 1873 1990 1987 2092 2122 2128 2195 2235 2300 2337 2348 2327 2351
1464 1499 1512 1437 1437 1564 1702 1828 1875 1879 1852 1680 1516 1489 1525 1572 1569 1550 1451 1491 1546 1418 1414 1488 1483 1466 1486 1519 1512 1506 1483 1537 1644 1738 1914 2105 2353 2794 3223 4072 5664 6276 5397 4392 4146 4198 4085 3695 3117 3152 3423 3460 3411 3198 3039 3070 3099 2767 2413 2345 2387 2431 2308 2108 1934 1803 1791 1816 1851 1789 1692 1815 1909 1960 2016 1987 2046 2068 2027 2115 2150 2129 2123 2224
1451 1480 1536 1497 1520 1629 1737 1842 1842 1777 1775 1783 1574 1461 1541 1566 1597 1570 1446 1516 1493 1367 1398 1489 1488 1425 1452 1505 1554 1581 1565 1603 1684 1730 1840 2132 2431 2728 3136 3872 5086 5901 5775 4571 3898 4257 4476 3866 3117 3207 3218 3203 3195 3056 2926 2961 3027 2793 2355 2154 2197 2212 2115 1961 1883 1741 1725 1849 1958 1807 1678 1785 1838 1877 1878 1860 1965 1944 1846 1903 1915 1914 2012 2181
1465 1486 1530 1525 1569 1666 1762 1809 1812 1765 1727 1746 1645 1573 1607 1550 1518 1541 1525 1566 1460 1356 1438 1554 1545 1477 1493 1486 1527 1568 1590 1662 1760 1791 1797 2128 2389 2573 2859 3294 4442 5702 6030 5197 4178 4177 4451 3848 3195 3353 3080 2920 2950 2924 2922 2909 2829 2638 2297 2081 2102 2052 2057 1950 1849 1807 1717 1844 1978 1742 1655 1735 1745 1760 1742 1758 1851 1800 1739 1774 1785 1813 1958 2212
1433 1448 1473 1514 1574 1627 1733 1811 1813 1772 1685 1651 1683 1671 1610 1487 1414 1526 1602 1518 1411 1375 1469 1546 1536 1518 1544 1536 1521 1470 1445 1505 1581 1738 1853 2088 2302 2374 2638 3147 4191 5648 6144 5857 4585 3885 4106 3581 3236 3183 2873 2830 2887 2863 2828 2738 2595 2431 2275 2109 2012 1973 2109 2034 1776 1688 1687 1780 1841 1592 1561 1627 1663 1684 1686 1691 1737 1754 1747 1760 1779 1793 1943 2195
