test/g2lab/icchange/view/histogram/change-07_b4.txt
ncols         411
nrows         508
xllcorner     532720
yllcorner     5948510
cellsize      5
NODATA_value  -9999
[rows 0 to 37 of 508, columns 252 to 335 of 411]
2091 2058 1993 1964 1912 1932 1995 2013 2012 2041 2090 2121 2143 2145 2146 2145 2161 2154 2134 2161 2149 2081 2027 2115 2086 2081 2152 2033 2057 2126 2117 2116 2136 2153 2139 2106 2106 2108 2119 2158 2176 2153 2164 2159 2150 2149 2156 2141 2158 2134 2113 2091 2100 2124 2116 2092 2067 2040 2079 2130 2160 2151 2074 2040 2084 2085 2073 2085 2104 2052 2091 2140 2116 2108 2040 2012 2172 2080 2041 2173 2328 2342 2257 2248
2121 2080 1976 1941 1967 1969 1964 1949 1938 1971 2028 2059 2085 2084 2116 2156 2165 2145 2137 2155 2124 2057 2056 2128 2056 2095 2180 2032 2125 2208 2163 2171 2086 2108 2151 2105 2076 2101 2144 2176 2179 2153 2141 2112 2113 2140 2150 2096 2089 2155 2209 2194 2117 2062 2037 2059 2043 2001 2059 2122 2140 2120 2045 2025 2063 2074 2090 2139 2153 2100 2172 2232 2161 2056 2021 2063 2158 2055 2067 2182 2261 2256 2221 2225
2101 2052 1939 1979 2111 2096 2051 1995 1975 2000 2036 2069 2083 2057 2127 2199 2184 2150 2168 2176 2125 2065 2105 2163 2100 2136 2162 2090 2135 2151 2144 2141 1985 2035 2118 2047 2011 2032 2086 2133 2152 2088 2042 2060 2109 2159 2149 2078 2045 2114 2192 2207 2145 2049 2019 2048 2100 2072 2055 2103 2132 2109 2054 2063 2065 2062 2092 2152 2154 2139 2211 2223 2147 2074 2081 2116 2152 2156 2162 2111 2082 2128 2178 2225
2113 2071 2004 2043 2108 2080 2051 1998 2009 2068 2089 2111 2107 2085 2150 2216 2204 2176 2212 2207 2141 2100 2168 2183 2123 2134 2182 2126 2077 2066 2081 2074 2009 2082 2108 2013 1968 2031 2009 1967 1996 2042 2034 2045 2122 2242 2158 2027 2011 2027 2094 2148 2163 2133 2085 2080 2099 2067 2027 2092 2127 2114 2098 2121 2086 2048 2077 2141 2133 2142 2195 2191 2112 2069 2107 2144 2166 2179 2180 2081 2036 2144 2248 2233
2110 2121 2099 2067 2052 1993 1956 1928 1959 2025 2049 2075 2065 2066 2114 2151 2162 2179 2225 2207 2133 2109 2174 2123 2077 2139 2233 2145 2027 2049 2067 2085 2075 2103 2128 2031 1993 2108 2099 1987 1994 2149 2229 2147 2084 2148 2100 1967 2024 2066 2066 2092 2152 2197 2169 2075 2014 2031 2037 2075 2107 2125 2148 2147 2093 2045 2070 2129 2122 2154 2181 2146 2082 2049 2092 2137 2155 2178 2188 2160 2124 2200 2267 2190
2097 2120 2070 1973 2003 1973 1917 1915 1985 2061 2063 2030 1978 1987 2035 2054 2079 2147 2215 2209 2142 2128 2150 2048 2045 2162 2248 2109 2046 2073 2083 2161 2122 2084 2152 2088 2083 2187 2188 2129 2094 2155 2182 2112 1988 1998 2170 2110 2036 2091 2094 2053 2062 2122 2184 2111 2017 2061 2051 2059 2100 2125 2182 2172 2110 2067 2089 2122 2127 2172 2176 2118 2068 2053 2074 2108 2118 2155 2197 2197 2183 2254 2234 2151
2129 2150 2054 1971 2056 2045 1963 1923 1965 2045 2100 2080 2021 2018 2031 2021 2026 2109 2185 2182 2139 2181 2170 2060 2065 2160 2177 2069 2093 2131 2156 2224 2085 2066 2168 2140 2140 2131 2103 2075 2114 2130 2090 2066 2081 2149 2247 2150 2030 2056 2108 2116 2072 2072 2148 2192 2170 2149 2089 2056 2079 2127 2207 2189 2110 2084 2131 2112 2105 2153 2158 2102 2058 2075 2083 2089 2106 2151 2189 2192 2186 2252 2182 2152
2151 2144 2093 2068 2090 2065 1995 1932 1929 1951 2002 2041 2037 2036 2045 2041 2027 2094 2124 2119 2127 2215 2176 2093 2121 2113 2104 2081 2146 2184 2206 2170 2026 2048 2132 2119 2111 2076 2026 2025 2099 2131 2093 2070 2070 2174 2214 2144 2106 2109 2143 2150 2115 2058 2049 2080 2124 2140 2109 2062 2056 2138 2208 2158 2085 2089 2146 2079 2073 2123 2123 2081 2064 2085 2074 2081 2130 2165 2131 2116 2157 2211 2132 2168
2074 2086 2115 2110 2098 2059 2014 1986 1977 1975 1975 1967 2017 2028 1984 2086 2117 2075 2093 2066 2101 2169 2078 2135 2170 2058 2065 2127 2186 2200 2178 2086 1976 2032 2091 2087 2092 2120 2088 2049 2067 2092 2080 2030 2004 2093 2163 2143 2148 2155 2157 2139 2111 2093 2070 2050 2045 2097 2139 2131 2100 2154 2181 2112 2064 2074 2098 2051 2084 2113 2094 2077 2076 2066 2039 2052 2114 2130 2077 2079 2164 2181 2114 2192
2029 2060 2133 2121 2078 2037 2032 2033 2021 1996 1967 1907 2082 2171 2036 2103 2093 2057 2146 2039 2042 2105 2036 2206 2170 1965 2093 2177 2213 2181 2094 2040 2026 2075 2135 2092 2063 2119 2147 2076 2006 2007 2040 2049 2010 2023 2081 2121 2154 2163 2156 2160 2161 2162 2146 2094 2057 2093 2128 2131 2115 2151 2154 2094 2067 2093 2122 2101 2113 2122 2111 2105 2101 2062 2029 2037 2084 2099 2084 2105 2189 2171 2141 2218
2120 2138 2154 2097 2048 2017 2039 2076 2080 2027 1955 1920 2056 2120 2020 2021 2011 2091 2189 2083 2073 2114 2128 2204 2180 2089 2171 2176 2242 2137 1984 2084 2143 2149 2186 2058 1990 2057 2111 2068 2008 2013 2063 2123 2063 1968 2015 2086 2133 2137 2120 2140 2185 2195 2162 2106 2064 2087 2086 2080 2096 2129 2114 2077 2089 2150 2216 2232 2197 2187 2167 2148 2145 2094 2035 2052 2101 2071 2077 2152 2239 2173 2170 2220
2214 2210 2171 2087 2034 2023 2071 2118 2108 2052 1978 1932 1941 1981 1978 2012 2050 2089 2157 2142 2117 2043 2079 2187 2238 2218 2144 2117 2181 2142 2060 2174 2240 2198 2101 2011 2011 2059 2083 2072 2061 2079 2093 2075 2056 2015 2054 2103 2125 2115 2103 2112 2156 2160 2127 2118 2086 2078 2084 2073 2082 2104 2085 2075 2104 2144 2140 2197 2217 2208 2190 2160 2133 2106 2071 2120 2121 2009 2016 2141 2219 2143 2187 2194
2213 2234 2204 2122 2059 2064 2101 2115 2091 2065 2022 1984 1943 1957 1933 2011 2097 2025 2092 2122 2086 2076 2112 2182 2168 2154 2094 2075 2146 2237 2215 2138 2097 2085 2043 2066 2152 2224 2139 2028 2035 2102 2075 2015 2120 2133 2127 2174 2176 2152 2124 2103 2116 2085 2072 2138 2099 2092 2127 2115 2111 2106 2094 2100 2123 2110 2060 2136 2187 2149 2120 2089 2098 2125 2126 2166 2132 2022 2034 2110 2133 2076 2146 2112
2206 2252 2218 2175 2137 2122 2117 2094 2066 2055 2051 2067 2043 1962 1867 1990 2087 2023 2100 2094 2108 2187 2153 2154 2148 2121 2077 2094 2166 2200 2192 2072 2003 2093 2109 2119 2174 2201 2105 1951 1957 2065 2105 2096 2183 2143 2130 2184 2209 2189 2147 2120 2112 2053 2081 2148 2082 2118 2180 2182 2142 2115 2115 2120 2107 2065 2070 2147 2188 2114 2033 2041 2110 2158 2132 2111 2127 2124 2121 2119 2134 2130 2142 2088
2222 2213 2228 2226 2213 2179 2134 2085 2042 2051 2055 2011 1996 1923 1875 1993 2068 2124 2219 2114 2108 2173 2134 2143 2158 2139 2106 2135 2195 2217 2186 2101 2102 2182 2160 2141 2099 2057 2068 2045 2026 2067 2100 2134 2116 2049 2023 2091 2163 2158 2141 2131 2124 2096 2132 2120 2070 2161 2229 2193 2117 2112 2132 2111 2054 2072 2102 2153 2162 2090 2030 2087 2161 2205 2129 2048 2105 2163 2173 2160 2178 2183 2189 2194
2161 2174 2235 2245 2235 2217 2133 2053 2040 2079 2028 1917 1935 1954 1965 2033 2058 2169 2219 2092 2044 2073 2112 2142 2177 2167 2145 2190 2226 2237 2208 2145 2139 2177 2148 2129 2077 2027 2023 2065 2102 2075 2024 2028 2011 1974 1992 2041 2086 2081 2077 2106 2146 2149 2157 2077 2066 2183 2228 2146 2072 2088 2118 2056 2033 2113 2103 2109 2121 2106 2084 2135 2219 2224 2126 2018 2053 2131 2178 2168 2151 2148 2176 2191
2273 2246 2243 2232 2192 2166 2126 2077 2063 2094 2127 2021 1972 2017 2011 2012 2018 2040 2077 2058 2066 2031 2061 2121 2165 2169 2179 2216 2216 2219 2210 2166 2124 2112 2117 2116 2093 2062 2062 2094 2124 2143 2114 2064 2013 2029 2083 2093 2092 2070 2063 2093 2147 2176 2149 2035 2084 2203 2211 2105 2017 2056 2108 2017 2075 2183 2092 2069 2112 2136 2130 2154 2188 2173 2114 1992 1993 2092 2135 2119 2090 2102 2162 2182
2478 2327 2254 2202 2156 2138 2177 2188 2160 2137 2197 2139 2013 2038 1931 1954 1989 1916 1991 2098 2113 2024 2020 2091 2143 2142 2158 2168 2165 2168 2170 2170 2144 2116 2113 2117 2104 2102 2108 2101 2082 2068 2092 2097 2068 2070 2102 2110 2097 2082 2090 2114 2113 2141 2122 2057 2134 2247 2173 2007 1968 2084 2142 2033 2119 2182 2087 2086 2139 2196 2185 2135 2109 2116 2088 2016 2037 2116 2109 2075 2037 2073 2164 2211
2560 2331 2223 2179 2172 2185 2203 2216 2146 2085 2096 2108 2104 2064 1935 1984 2023 1942 2010 2063 2089 2046 2047 2087 2115 2102 2110 2103 2101 2106 2097 2164 2206 2158 2099 2053 2051 2074 2093 2071 2007 1944 2022 2084 2056 2073 2076 2063 2050 2051 2084 2106 2085 2097 2109 2109 2158 2207 2146 2008 2006 2141 2203 2094 2102 2118 2114 2137 2173 2198 2169 2112 2076 2099 2128 2110 2143 2172 2129 2068 2022 2064 2165 2216
2664 2391 2234 2196 2181 2217 2229 2190 2078 2070 2116 2106 2120 2098 2037 1994 1987 1978 1998 1965 2029 2106 2107 2119 2116 2094 2081 2053 2055 2078 2079 2127 2178 2148 2104 2043 2026 2048 2069 2069 2000 1941 2014 2053 2037 2044 2025 2000 1994 2004 2036 2049 2055 2079 2055 2061 2096 2126 2169 2119 2054 2078 2123 2077 2045 2092 2145 2163 2133 2106 2113 2112 2106 2135 2169 2167 2174 2192 2152 2086 2052 2063 2122 2160
2810 2577 2361 2250 2223 2218 2223 2183 2099 2122 2133 2079 2079 2075 2069 2047 2031 1988 1954 1967 1984 2039 2083 2114 2125 2114 2084 2050 2073 2131 2128 2087 2124 2168 2165 2130 2100 2115 2132 2138 2097 2034 2041 2042 2051 2046 2016 1983 1968 1984 2016 1992 2044 2093 2038 2025 2054 2095 2126 2108 2057 2026 2038 2034 2050 2121 2113 2062 2033 2038 2072 2118 2126 2119 2160 2143 2131 2146 2146 2115 2083 2078 2098 2098
2966 2774 2574 2368 2224 2171 2183 2190 2164 2212 2159 2076 2062 2049 2087 2100 2051 1979 1910 1930 1971 1992 2037 2070 2083 2095 2079 2074 2116 2196 2198 2124 2140 2189 2211 2199 2197 2202 2203 2185 2153 2072 2037 2064 2095 2083 2038 2007 2006 2040 2051 1998 2085 2121 2046 2049 2072 2119 2154 2125 2100 2085 2071 2077 2126 2135 2032 1947 2008 2097 2099 2082 2076 2084 2183 2135 2059 2092 2139 2138 2114 2106 2102 2102
3057 2922 2769 2494 2228 2128 2141 2187 2233 2241 2171 2094 2055 2048 2100 2115 2037 1948 1849 1895 2012 2035 2072 2085 2077 2078 2069 2068 2105 2160 2210 2209 2190 2166 2149 2146 2166 2188 2183 2148 2109 2063 2048 2090 2111 2087 2045 2036 2061 2093 2073 2028 2075 2081 2055 2079 2110 2162 2180 2144 2127 2107 2118 2170 2182 2129 2029 1959 2047 2154 2115 2034 2094 2116 2108 2122 2086 2108 2169 2163 2134 2100 2098 2136
3114 3021 2833 2608 2285 2135 2157 2202 2212 2199 2160 2137 2107 2107 2133 2128 2056 1956 1885 1917 2012 2054 2079 2073 2065 2076 2068 2061 2064 2098 2202 2259 2272 2244 2167 2079 2070 2111 2125 2099 2071 2073 2073 2090 2087 2045 2009 2025 2063 2085 2045 2002 2014 2022 2064 2113 2147 2162 2146 2126 2130 2128 2163 2192 2159 2124 2047 2012 2068 2139 2121 2065 2131 2122 2092 2180 2182 2150 2158 2166 2099 2064 2054 2130
3128 3063 2908 2694 2497 2334 2266 2219 2149 2114 2134 2160 2177 2175 2162 2138 2081 2021 1980 1963 2006 2037 2032 2012 2032 2071 2079 2079 2031 2089 2222 2214 2177 2170 2152 2090 2047 2082 2115 2157 2120 2087 2099 2121 2070 1993 1971 2009 2053 2044 1978 1984 2014 2014 2081 2137 2140 2125 2089 2074 2101 2141 2136 2118 2099 2114 2101 2055 2054 2123 2144 2116 2135 2175 2167 2143 2116 2084 2146 2170 2043 2157 2194 2136
3156 3100 3037 2918 2760 2588 2363 2232 2157 2098 2115 2166 2201 2212 2172 2111 2070 2061 2020 1975 2008 2004 1966 1965 2017 2087 2117 2100 2022 2066 2180 2146 2103 2073 2099 2133 2153 2163 2181 2222 2152 2054 2069 2095 2063 1986 1969 2021 2083 2049 1969 2019 2040 2037 2083 2109 2118 2100 2054 2057 2120 2137 2059 2035 2072 2132 2142 2068 2040 2109 2166 2135 2126 2197 2194 2128 2072 2068 2180 2192 2114 2262 2203 2105
3167 3163 3109 3106 2933 2663 2363 2288 2293 2181 2141 2169 2198 2199 2139 2065 2036 2043 2053 2035 2022 1991 1933 1929 2002 2080 2127 2095 2037 2056 2133 2167 2172 2142 2120 2147 2183 2190 2146 2129 2144 2092 2067 2071 2067 2043 2032 2061 2109 2074 2036 2118 2075 2031 2040 2058 2085 2065 2041 2081 2171 2105 1971 2006 2106 2165 2134 2070 2034 2101 2166 2119 2103 2168 2186 2174 2132 2134 2216 2208 2199 2219 2062 2056
3242 3149 3055 3180 3049 2640 2361 2379 2403 2252 2210 2181 2172 2161 2108 2051 2043 2070 2106 2084 2020 1970 1934 1936 1998 2049 2098 2072 2044 2085 2119 2172 2195 2167 2113 2078 2091 2100 2072 2081 2160 2140 2136 2150 2145 2121 2082 2055 2054 2014 2015 2085 2061 2003 1977 1966 2000 1990 2010 2084 2183 2074 1969 2085 2150 2171 2126 2080 2056 2099 2146 2100 2084 2116 2165 2193 2178 2164 2192 2171 2204 2174 2037 2069
3257 3113 3041 3121 3076 2813 2546 2477 2374 2202 2119 2126 2165 2161 2120 2109 2186 2181 2107 2065 2019 1993 1989 1994 2005 2036 2059 2039 2064 2113 2082 2064 2078 2095 2105 2073 2054 2068 2064 2078 2122 2123 2150 2173 2162 2126 2075 2054 2039 1991 1982 2027 2058 1983 2019 2014 1967 1963 1971 2058 2117 2046 2074 2154 2150 2133 2131 2133 2108 2095 2110 2113 2153 2111 2108 2149 2166 2129 2112 2132 2179 2185 2117 2119
3246 3205 3143 3130 3113 3043 2833 2580 2401 2157 2073 2155 2204 2182 2164 2201 2274 2214 2047 2025 2015 2045 2058 2054 2012 2005 2031 2039 2068 2095 2051 2023 1998 2063 2155 2189 2176 2131 2094 2072 2063 2094 2135 2147 2116 2079 2055 2031 1989 1971 2029 2026 2033 2025 2075 2060 2039 2113 2036 2017 2074 2093 2165 2198 2122 2092 2179 2213 2159 2102 2096 2181 2234 2122 2058 2091 2127 2087 2120 2151 2168 2248 2223 2154
3283 3363 3277 3155 3096 2963 2882 2709 2497 2261 2216 2296 2289 2166 2133 2187 2171 2155 2068 2000 1988 2050 2131 2115 2026 1990 2040 2062 2030 2068 2110 2108 2055 2070 2163 2212 2236 2164 2106 2129 2093 2104 2138 2132 2080 2027 2010 2005 1947 1968 2055 2002 2044 2053 1991 2042 2066 2108 2052 2015 2118 2187 2154 2111 2064 2103 2238 2275 2170 2092 2132 2202 2213 2107 2052 2084 2132 2128 2230 2228 2202 2287 2246 2165
3364 3400 3256 3169 3043 2878 2959 2930 2676 2413 2341 2365 2261 2086 2075 2181 2197 2126 2096 2021 1945 1940 2022 2069 2028 2011 2074 2094 2014 2056 2136 2158 2117 2054 2044 2104 2164 2152 2160 2207 2166 2153 2159 2133 2081 2035 2033 2038 1979 2009 2056 1992 2076 2015 1959 2080 2015 2018 2057 2024 2125 2176 2084 2053 2059 2123 2213 2242 2172 2112 2165 2160 2115 2075 2098 2155 2142 2187 2332 2240 2195 2260 2232 2188
3380 3297 3183 3234 3244 3106 3070 3089 2862 2546 2422 2322 2184 2080 2121 2233 2223 2109 2134 2124 2060 2012 2013 2043 2051 2039 2068 2068 2027 2041 2050 2062 2064 2041 2010 2047 2130 2171 2216 2225 2188 2179 2176 2151 2119 2102 2105 2101 2061 2052 2051 2035 2081 1982 1975 2067 1953 2015 2041 2002 2092 2131 2114 2098 2080 2112 2158 2186 2190 2134 2096 2063 2056 2084 2152 2218 2089 2139 2267 2120 2175 2230 2200 2191
3375 3287 3222 3331 3457 3294 3083 3139 3017 2712 2456 2330 2204 2186 2237 2247 2202 2152 2193 2199 2125 2060 2071 2074 2062 2027 1995 2023 2062 2093 2097 2079 2076 2104 2121 2131 2127 2141 2183 2165 2144 2155 2152 2139 2136 2147 2151 2159 2121 2061 2083 2060 2044 2028 1999 2011 1981 2034 2009 1979 2055 2115 2159 2140 2103 2099 2138 2162 2147 2091 2079 2099 2115 2103 2141 2183 2100 2129 2116 2000 2152 2149 2145 2208
3365 3351 3300 3306 3352 3223 3071 3085 3006 2855 2614 2410 2322 2336 2295 2196 2180 2169 2182 2164 2066 1986 1995 2035 2063 2017 1974 2014 2049 2081 2101 2108 2096 2090 2108 2121 2089 2082 2131 2103 2081 2091 2100 2110 2118 2139 2154 2148 2094 2055 2105 2046 2052 2097 1976 2006 2019 2003 2006 1976 2033 2117 2188 2165 2103 2099 2152 2194 2170 2126 2176 2193 2139 2099 2086 2141 2186 2170 2105 2072 2179 2141 2150 2267
3279 3373 3323 3208 3161 3155 3081 3004 2959 2972 2839 2582 2411 2370 2265 2158 2146 2112 2113 2116 2058 1999 1974 2008 2062 2067 2021 2021 2013 2021 2032 2042 2051 2061 2069 2074 2079 2099 2117 2082 2042 2086 2107 2111 2122 2136 2121 2072 2039 2052 2103 2057 2101 2084 1959 2059 2044 1995 2038 1972 2004 2115 2175 2139 2089 2119 2182 2240 2245 2208 2224 2202 2123 2064 2051 2099 2147 2139 2110 2151 2222 2241 2180 2158
3319 3368 3330 3317 3255 3215 3166 3047 3029 3096 3055 2749 2419 2311 2211 2183 2161 2086 2086 2172 2197 2166 2053 2009 2075 2125 2068 2003 1992 1991 2014 2030 2039 2052 2067 2066 2062 2067 2097 2096 2057 2189 2191 2105 2129 2110 2076 2024 2027 2015 2083 2121 2105 2070 2021 2089 2039 2028 2046 1994 2018 2098 2133 2100 2052 2075 2158 2235 2273 2231 2181 2157 2087 2041 2058 2106 2136 2120 2102 2169 2210 2184 2112 2046
3415 3366 3354 3391 3353 3303 3297 3165 3149 3199 3115 2868 2524 2329 2256 2280 2232 2118 2091 2189 2296 2248 2113 2014 2054 2113 2049 1994 1986 1985 2010 2035 2051 2060 2081 2080 2069 2066 2126 2120 2086 2184 2116 2065 2120 2038 2045 2053 2041 2013 2104 2154 2052 2110 2078 2049 2035 2042 2053 2029 2027 2073 2111 2078 2027 2025 2104 2192 2226 2214 2158 2129 2072 2060 2108 2156 2166 2124 2113 2176 2177 2100 2060 2082
