test/g2lab/icchange/view/histogram/change-07_b5.txt
ncols         411
nrows         508
xllcorner     532720
yllcorner     5948510
cellsize      5
NODATA_value  -9999
[rows 222 to 258 of 508, columns 252 to 335 of 411]
5421 5391 5326 5017 4979 5280 5515 5694 5715 5578 5416 5237 5157 5176 5310 5425 5455 5562 5613 5593 5542 5649 5894 6001 5827 5785 5871 6082 6082 6014 6089 6194 6552 7012 7536 7749 7755 7928 8163 8212 8002 7724 7640 7888 8030 8039 8165 8393 8603 8045 7634 8193 8432 8493 8785 9502 9879 9884 9937 9686 9659 9391 9215 9481 9406 9088 8786 8610 8687 9157 9597 9682 9611 9534 9409 8915 8339 8187 8239 8233 7811 7162 6875 6786
5420 5020 5255 5226 5198 5370 5293 5189 5181 5226 5212 5027 5151 5419 5385 5262 5296 5422 5338 5230 5333 5547 5628 5712 5742 5714 5789 5980 6082 5919 6142 6339 6526 6908 7734 8159 8094 8264 8430 8339 7964 7784 7833 7890 7830 7987 8048 8235 8399 8176 7848 8087 8187 8063 8063 8520 9130 9423 9400 9391 9704 9451 9196 9413 9290 9179 9231 9275 9162 9297 9500 9377 9259 9192 9057 8701 8211 7936 7937 7941 7723 7148 6725 6945
5822 5060 5024 5326 5248 5228 5285 5263 5212 5394 5518 5383 5588 5733 5576 5373 5362 5528 5547 5456 5413 5563 5661 5673 5596 5520 5598 5617 5989 6256 6370 6368 6274 6521 7142 7816 8105 8368 8428 8345 8004 7711 7791 7881 7891 8115 7959 7878 8021 8195 7764 7703 7982 7674 7324 7488 8108 8614 9049 9348 9613 9140 8661 8878 8997 9062 9243 9401 9417 9569 9706 9681 9633 9561 9210 8654 8251 7820 7748 7851 7600 7078 6738 6943
6999 6658 6100 5612 5086 5027 5347 5443 5177 5454 5965 6060 6106 6108 5817 5571 5547 5594 5620 5671 5638 5564 5616 5721 5916 5824 5452 4968 5435 6024 6024 6009 5968 6099 6630 7563 8336 8439 8276 8321 8120 7733 7665 7888 8242 8442 8214 8069 8090 7998 7528 7151 7150 7080 7103 7244 7720 8165 8854 9805 9700 8702 7711 7703 8304 8598 8781 8885 9167 9596 9924 9948 9879 9853 9543 8961 8408 7844 7517 7685 7773 7642 7171 6883
8827 8954 7448 5717 5153 5070 5165 5300 5210 5402 5903 6172 6062 6035 5827 5616 5654 5835 5918 5810 5677 5587 5253 5134 5468 5873 5453 4588 4485 5093 5559 5683 5866 6240 6651 7191 8036 8308 8070 8022 7975 7773 7567 7595 7699 8176 8467 8504 8316 7993 7511 6813 6515 6687 6949 7185 7509 8214 9086 10338 10269 8806 7662 7259 7778 8323 8604 8496 8669 9285 9683 9571 9508 9752 9786 9311 8548 7901 7541 7725 8162 8210 7784 7271
8843 8865 7431 5921 5434 5461 5398 5457 5565 5613 5765 5920 5868 5883 5818 5863 6077 6266 6326 5813 5396 5490 5412 5461 5633 5690 5893 5515 4985 4949 5499 5837 5939 6053 6106 6457 7351 7771 7658 7565 7658 7760 7786 7616 7234 7628 8284 8394 8245 7902 7372 6780 6569 6338 6421 6751 7442 8340 9410 10502 10543 9593 8542 7682 7694 7987 8052 7959 8004 8739 9439 9381 9466 9822 9863 9371 8595 8015 7789 7871 8217 8072 7411 7118
7371 7461 6551 5697 5391 5706 5889 5829 5702 5682 5728 5880 6066 6000 5765 5694 6069 6444 6529 6270 6143 6492 6486 7247 7225 6516 6746 7349 6789 5627 5408 5766 5903 5758 5782 6229 6976 7271 7428 7506 7537 7463 7593 7491 7117 7285 7791 8128 8137 8070 7632 7151 6948 6546 6328 6737 7455 8372 9453 10170 10103 9994 9053 7932 8115 8100 7737 7549 7461 8045 8917 9256 9596 10002 10050 9648 9174 8371 7895 8023 8387 8277 7562 7201
7240 7577 6777 5885 5470 5582 5921 5990 5981 6007 6046 6027 6122 6109 5908 5714 5907 6155 6153 6284 6741 7104 7239 8293 8812 8282 8098 8712 8373 7091 6655 6196 6020 6160 6490 6935 7358 7461 7464 7848 8025 7812 7611 7419 7238 7292 7562 7676 7813 8085 8118 7767 7289 6812 6704 6932 7504 8032 8701 9129 9209 9393 8991 8207 8150 8058 7672 7319 7270 7321 8158 9080 9505 9865 10124 9968 9577 8565 7613 7744 8448 8545 8069 7487
7447 7936 7622 6520 5757 5454 5794 6113 6208 6297 6186 6041 6118 6292 6301 6141 6130 5957 5810 6039 6426 6505 6804 7765 8573 8945 8940 9226 9513 8555 7285 6580 6261 6309 6657 6934 7260 7395 7347 7610 7980 7944 7635 7289 6895 6891 7213 7255 7265 7477 7662 7948 7503 6855 6914 6908 6920 7129 7500 8204 8561 8474 8541 8033 7609 7669 7424 7219 7337 7416 7745 8793 9569 9780 10301 10166 9393 8419 7399 7394 8148 8187 7973 7569
7239 7753 7876 6924 5715 5268 5805 6249 6123 6050 5870 5901 6173 6317 6336 6088 5919 5845 5851 5955 6106 6115 6171 6620 7099 7952 8723 8820 8775 7927 6747 6440 6692 6363 6126 6256 6408 6740 7107 7394 7563 7708 7605 7355 7005 6722 6906 7187 7473 7525 7665 8061 7694 6840 6641 6771 6493 6465 6922 7847 8782 8930 8730 8166 7715 7800 7769 7669 7826 7997 7745 8145 8946 9435 10022 10075 9446 8842 8088 7522 7747 8009 7883 7674
6570 7059 7343 7465 6548 5657 5880 6250 6061 5821 5964 6218 6248 6060 6160 5983 5774 5903 6162 6210 6122 6141 6202 6306 6563 6769 7495 7542 6969 6777 6415 6325 6517 6228 6114 6306 6278 6383 6887 7296 7352 7592 7708 7534 7222 6793 6585 6901 7430 7643 7863 8158 7875 7318 6786 6695 6546 6766 7407 7959 9160 9934 9624 9076 8614 8548 8518 8214 7933 8031 8072 8146 8529 8909 9054 9428 9741 9675 9100 8159 8058 8276 7952 7885
6079 6412 7062 7531 7004 5865 5359 5396 5552 5757 6238 6524 6394 6092 6169 6009 5846 5870 6081 6152 6233 6389 6536 6279 6125 6194 6493 6882 6950 6818 6381 6125 6156 6361 6452 6433 6617 6918 6934 7009 7165 7596 7788 7605 7194 6982 6861 7120 7517 7557 7738 7685 7345 7206 6785 6501 6694 6791 7500 8189 8863 9831 10132 9704 9346 9103 8737 8233 7945 8164 8610 8742 8769 9265 9566 9690 9917 10156 9591 8667 8507 8331 7939 7882
5853 5694 6174 6661 6186 5736 5499 5441 5378 5520 5753 5955 6052 6066 6216 6128 5881 5828 6003 5997 6081 6398 6575 6372 6244 6181 6220 6842 7585 7697 7009 6389 6111 6231 6437 6379 6927 7522 7221 7051 7260 7678 7661 7749 7462 7224 7165 7425 7638 7549 7720 7493 7015 6851 6701 6543 6455 6382 6851 7614 8073 8569 9047 9187 9062 8933 8606 7979 7681 7939 8579 9020 9192 9754 9968 9837 9928 10262 9970 9062 8559 8004 7717 7787
6127 5976 5914 6220 5999 6034 6347 6201 5541 5227 5412 5761 5938 6024 6392 6782 7116 6851 6195 5746 5603 5794 6066 6044 6009 5846 5881 6482 7345 7778 7360 6705 6249 6208 6341 6278 6448 6706 6568 6825 7085 7434 7678 8112 8094 7532 7234 7460 7708 7768 7874 7649 7476 7192 6866 6947 6877 6405 5973 6142 6918 7585 7889 8278 8526 8538 8428 7665 7270 7608 8260 9004 9455 9711 9504 9461 9855 10335 10076 9100 8150 7763 7538 7604
6590 7140 6735 6264 6137 6259 6628 6775 6393 6158 6109 6273 6392 6441 7222 8287 8400 7419 6174 5560 5419 4909 4940 5219 5296 5603 6016 6171 6280 6566 6494 6252 6101 6098 6326 6457 6341 6375 6745 7037 6671 7053 7636 8035 8085 7624 7241 7484 7506 7831 8070 7829 7929 7806 7513 7742 7833 7420 6766 6497 6929 7750 7878 7780 7542 7550 7793 7540 7331 7767 8268 8866 9386 9462 9233 9302 9587 9756 9521 9048 7990 7229 7155 7293
6181 6644 6455 6198 6044 6098 6280 6798 7348 7406 6949 6746 6933 7210 7763 8230 7690 6349 5390 5200 5371 4776 4591 4771 5059 5215 6150 6198 5805 6193 6208 5948 5770 5887 6259 6480 6559 7214 7815 7628 6739 7145 7639 7679 7538 7433 7274 7342 7384 7857 8344 8293 8165 8050 7913 8055 8090 8294 8243 8032 7783 8162 8456 8101 7492 7106 7468 7794 7977 8038 8248 8669 9331 9491 9184 9236 9190 9005 8813 8629 8045 7269 7092 6939
5743 6230 6339 6101 5925 5970 6191 6662 7362 7451 6849 6448 6613 6909 6900 6544 6060 5583 5634 5227 5803 6262 6618 5741 5156 5372 6292 6318 5965 6182 6166 5958 5584 5457 5657 6144 6927 7816 7882 7296 6638 6897 7395 7769 7643 7437 7217 7356 7690 7987 8226 8378 8166 7886 7700 7825 8173 8649 9061 9004 8809 8829 9080 9077 8641 7721 7442 7854 8041 8009 8149 8590 9043 9430 9387 9317 9254 9053 8730 8477 8312 7837 7423 7297
5296 6068 6521 6219 5906 5774 6046 6379 6564 6620 6472 6370 6194 6213 6159 5892 5878 6342 6567 5718 6238 7337 7841 7233 6486 6636 7337 7204 6716 6244 6142 6095 5788 5737 6039 6383 6651 7108 7301 6682 6046 6180 6881 7694 7866 7566 7453 7572 7917 8019 7928 8157 8121 7616 7583 7586 7797 8172 8938 9395 9487 9623 9794 10015 9824 9132 8516 8157 8091 8148 8650 8971 8955 9249 9519 9559 9485 9161 8975 8688 8297 7800 7564 7787
5257 5835 6405 6195 5828 5736 6088 6335 6269 6563 6635 6522 6222 6221 6095 6099 6614 7117 7278 6753 6774 7303 7953 8589 8517 8263 8213 7849 7179 6320 5918 6017 6160 7058 7492 7024 6923 6901 6955 6392 6138 6099 6622 7336 7773 7932 7920 7763 7878 7918 7771 7673 7627 7336 7318 7186 7151 7717 8612 9509 10176 10483 10478 10438 10490 10208 9526 8863 8693 9048 9542 9495 9035 9063 9357 9589 9577 9359 9260 8881 8347 8155 7897 8048
5270 5755 6363 6471 6160 6092 6324 6456 6427 6717 6514 6284 6310 6378 6197 6683 7463 7853 8808 8883 8005 7597 7577 8079 8522 8029 7469 7265 7106 6833 6407 6528 7003 8137 8447 7601 7166 6855 7095 7546 7785 7358 6783 6973 7616 8194 8274 7862 7859 7965 7702 7345 7403 7360 7132 6914 6735 7148 8135 9013 10038 10782 10977 10824 11026 10530 9565 9375 9035 9212 9706 9578 9244 9238 9411 9664 9703 9527 9271 8937 8413 8165 8076 7986
5048 5460 6287 6654 6706 6611 6615 6462 6362 6389 6277 5974 6000 6452 6680 7707 8858 9491 9998 10327 9377 8105 7732 8221 8327 7339 6341 6031 6379 6618 6447 6863 7636 8236 8052 7223 6809 6848 7032 8202 9051 8452 7270 6974 7893 8111 8136 8038 8071 8064 7662 7170 7334 7448 7438 7227 6974 6857 7196 7877 8721 9338 9714 10007 10751 10367 8948 8451 8481 8606 9070 9180 8908 8727 8938 9351 9504 9472 9340 9068 8630 8260 8086 7741
5012 5155 5885 6400 6724 6785 6631 6402 6213 6238 6351 6228 6241 6881 7946 9060 9917 10231 10199 10173 10219 9589 8934 8900 9160 8325 6934 5561 5292 5610 5649 6231 7083 7374 7079 6689 6566 6779 6759 7641 8839 8605 8234 7705 7811 7773 7972 8336 8374 7830 7584 7269 7224 7387 7621 7585 7214 6756 6459 6556 6869 7140 7730 8557 9381 9395 8302 7718 8305 8184 8390 8596 8247 8069 8075 8483 9053 9214 9273 9317 9328 9162 8588 7804
5279 5059 5391 5965 6339 6721 6929 6755 6670 6612 6769 6980 7119 7299 7892 8636 9233 10050 10328 9728 9559 9519 9302 9320 9568 9137 7825 6557 5404 5180 5358 5955 6692 6791 6637 6818 6414 6375 6747 7142 8344 9256 9358 8606 7719 7728 8063 8073 8047 7748 7694 7501 7318 7441 7673 7720 7286 6682 6153 5744 5808 6244 6873 7656 8451 8910 8825 8469 8495 8179 8010 7963 7766 7814 7828 7708 7995 8371 8981 9717 10096 10049 9468 8349
5456 5074 5098 5546 6166 6779 7636 7572 7002 6763 6841 7100 7367 7589 7442 7655 8489 9457 9909 9449 9043 8861 9033 9321 9667 9504 8808 8050 6640 5997 6618 7093 6882 6430 6285 6744 6576 6483 7344 8151 8639 8971 8923 8734 7764 7500 7928 7893 7820 7885 7704 7629 7458 7520 7709 7722 7609 7184 6708 6228 6074 6442 6852 7434 8350 9261 9674 9198 8647 8240 7703 7547 7539 7581 7730 7396 7318 7977 8588 9416 9929 9836 9816 8916
5424 5032 5091 5335 5991 6822 7772 7568 6817 6619 6587 6606 6741 7044 7148 7673 8578 9213 9418 9613 9710 9570 9575 9619 9481 9208 8626 8328 8203 7963 7973 7540 6653 6036 6003 6803 7191 6866 7504 8406 8010 7554 7569 8011 7563 7215 7533 7804 7531 7522 7792 7891 7689 7709 7775 7692 7790 7700 7305 6848 6541 6490 6831 7406 8147 9053 9503 9250 8830 8165 7385 7371 7139 7000 7367 7551 7614 8079 8602 9032 9171 9091 9200 8467
5534 5208 5141 5080 5448 6092 6715 6912 6935 7010 6850 6563 6237 6234 6312 6623 7834 8970 9049 9335 9596 9595 9486 9443 9166 8851 8789 9119 9400 8713 7443 6192 5931 6774 6949 7138 7623 7756 7974 7807 7118 7018 6658 6789 6790 6471 6697 7424 7601 7429 7572 7762 7726 7872 7672 7463 7610 7596 7303 7031 6998 6827 6758 7110 7686 8503 9178 9287 9110 8249 7157 6833 6867 6693 6898 7400 7549 8080 8773 8955 8967 8689 8346 7771
5452 5533 5384 5186 5036 5216 5887 6774 7035 6923 6886 6905 6617 6465 6699 7052 8260 9148 9169 9362 9628 9423 8972 9056 9141 9259 9475 9400 9067 8097 6726 6017 6674 7947 7875 7424 7495 7878 7542 7281 7187 6932 6190 6041 5915 5532 5825 6890 7647 7363 7293 7336 7467 7770 7419 7231 7399 7447 7290 7072 7045 7013 6955 7347 8027 8575 9074 9578 9619 8811 7563 6853 7018 6883 6800 7177 7463 8061 8832 9061 8947 8885 8231 7803
5389 5671 5555 5298 5205 5322 5686 6301 6727 6643 6698 7110 7143 7696 8406 8918 9401 9622 9601 9714 9530 9315 8929 8771 8623 8953 9222 8881 8204 6990 6369 7068 7624 7493 6964 6748 6696 7032 7124 7246 7680 7191 5878 5653 5333 4976 5451 6651 7654 7664 7502 7432 7485 7474 7205 7255 7331 7148 7068 6839 6686 6688 6784 7109 7886 8487 8784 9439 9566 8786 8229 7388 6862 6917 7051 7419 7858 8138 8961 9340 9116 9294 8753 7961
5923 5764 5657 5552 5582 5319 5221 5829 6596 6579 6583 7081 7852 8795 9361 9405 9472 9532 9689 9719 9298 9259 9063 8643 8318 8425 8395 8009 7429 6922 7157 7869 8047 7337 6543 6548 6393 6750 7547 8078 8163 6920 5532 5412 5537 6214 6623 6704 7508 8236 8221 7913 7559 7305 7085 7003 7114 7048 6933 6768 6500 6587 6812 6727 7061 7849 8284 8938 9157 8756 8640 8089 7322 7067 7179 7655 8197 8503 9008 9452 9400 9312 9079 8503
6005 5659 5862 5502 5348 5391 5327 5688 6337 6517 6515 7052 7927 8496 8885 9094 9349 9703 9476 9595 9635 9535 9385 9063 8761 8774 8452 8018 7979 8183 7954 8082 8225 7613 7061 7037 7081 7347 8031 7907 7091 6286 6152 6585 6863 7408 7101 6522 7149 8356 8678 8057 7665 7553 7256 6836 7014 7046 7071 7141 6761 6752 6898 6665 6787 7319 7875 8285 8996 9267 9161 8982 8276 7310 7070 7330 8180 8690 8870 9348 9643 9600 9457 9152
5661 5532 5746 5548 5334 5332 5366 5408 5884 6358 6508 6819 7363 7927 8396 9070 9537 9764 9444 9535 9649 9695 9796 9593 9100 8832 8690 8753 9117 9221 8795 8386 8416 8275 7741 7135 6652 6371 6727 6394 5831 6228 7796 8468 7579 7014 6535 6508 7360 8143 8503 8067 7719 7703 7336 6849 6902 6813 6961 7273 7208 7068 6870 6779 6988 7410 7888 8343 9108 9783 9760 9364 8856 7940 7185 7299 7856 8474 8675 9055 9331 9544 9528 9387
5291 5180 5514 5658 5338 4910 4960 5342 5740 6236 6388 6330 6639 7078 7569 8349 9057 9126 9263 9769 9939 9945 10049 9938 9365 8940 9063 9277 9419 9583 9280 8749 8482 8708 8477 7484 6477 5869 5854 5686 6000 7125 8614 8732 7705 7245 7441 7613 7595 7682 8419 8596 8114 7678 7359 6918 6685 6608 6768 7190 7466 7332 6921 6929 7359 7606 8118 8923 9566 9769 9544 9044 8725 8627 7761 7235 7550 8259 8485 8456 8687 9092 9362 9394
5442 5302 5552 5736 5415 5197 4987 5279 5708 6152 6341 6286 6390 6606 6600 7023 8493 9033 9617 10269 10412 10000 9524 9232 8830 8895 9225 9367 8932 8381 8281 8406 8005 7884 7671 6971 7251 7650 7540 7204 7334 7633 7874 7952 7837 7786 8022 7945 7123 6909 7792 8324 8151 7559 7344 6980 6615 6578 6763 6906 7382 7568 7199 7127 7251 7307 7543 8438 9301 9330 9150 8974 8883 8813 8114 7310 7600 8203 8431 8309 8462 8761 9525 10076
5813 5673 5700 5775 5553 5358 5120 5119 5691 6328 6534 6486 6504 6596 7190 7792 8430 8591 9194 9973 10294 9875 9167 8487 8118 8721 9261 8978 8099 6972 6639 6897 6767 6847 6649 6643 7748 8333 8413 8155 7812 7407 7325 7291 7508 7612 7335 6927 6144 5687 6416 7206 7808 7553 7157 7055 6894 6754 6778 6700 7165 7456 7163 7141 7220 7298 7433 7911 8826 9438 9575 9264 8811 8459 8242 7375 7581 8443 8577 8703 8570 8789 9491 10187
5939 5752 5730 5925 5819 5501 5395 5326 5630 6272 6629 6765 6439 6338 6894 7374 7417 7385 7646 7959 8422 8743 8980 8503 7839 8031 8109 7980 7599 6949 6536 6392 6488 7002 7045 7075 7772 7974 7481 7293 7155 6696 6648 6935 7160 7292 7277 6972 6509 5853 5879 6624 7309 7209 6991 7208 7278 6823 6702 6865 6935 6936 6843 6938 7072 7235 7419 7755 8510 9029 9229 9288 8962 8603 8343 7903 8006 8450 8571 8992 8722 8592 9174 9781
5915 5729 5704 5983 5952 5720 5571 5546 5460 5999 6717 7024 6729 6312 6405 6485 6530 6519 6590 6978 7335 7924 8412 8391 8151 7899 7512 7163 7217 7409 7576 7435 7526 7997 7909 8158 7960 7338 6423 6665 7106 6447 7004 7504 7533 7499 7350 7431 7597 7247 6766 6752 7079 6958 7019 7417 7558 7112 6859 6911 6747 6714 6818 6883 6819 6834 6987 7386 7835 8407 9004 9491 9494 9437 9126 8652 8278 8189 8525 8991 9049 8859 9157 9740
5764 5829 5793 5835 5813 5780 5726 5665 5504 5864 6577 6795 6677 6551 6647 6621 6425 6218 6612 7498 7603 8012 8473 8533 8797 8628 8289 8169 8295 8881 9060 8753 8502 8726 8837 8628 8093 7603 7475 7187 7521 7601 8201 8185 7770 7767 8156 8051 8075 8025 7802 7081 6989 7227 7112 7448 7732 7431 7009 6743 6725 6818 6964 6919 6598 6410 6437 6774 7395 8270 9066 9485 9492 9508 9369 8812 8352 8211 8407 9029 9539 9423 9436 9801
