test/g2lab/icchange/view/histogram/change-07_b5.txt
ncols         411
nrows         508
xllcorner     532720
yllcorner     5948510
cellsize      5
NODATA_value  -9999
[rows 222 to 258 of 508, columns 168 to 251 of 411]
10352 10068 9995 9648 9487 9798 10157 10312 10153 10110 10171 10075 9980 9762 9719 9696 9640 9365 8983 8443 8426 8960 8657 7957 7641 7907 8162 8172 8062 8078 8155 8290 8270 8090 7929 7997 7963 8230 8801 9151 9280 9631 10240 10856 11192 11261 11172 11167 11143 10169 8519 7545 6118 6076 7191 8199 7641 6482 5992 5636 5377 5455 5561 5526 5463 5532 5458 5118 4921 5211 5574 5536 5296 5150 4973 4901 4993 5125 5271 5554 5829 5802 5831 5542
10125 10136 10040 9895 9823 9885 9836 9973 9937 9915 10126 10055 9967 9864 9838 9754 9611 9508 9374 8679 8268 8735 8728 8653 8438 8316 8101 8166 8185 8280 8099 8041 8201 8247 8353 8488 8547 8518 8713 9044 9267 9548 10219 10773 11030 11345 11382 11284 11219 10957 10213 9192 8130 8203 8681 8943 8679 8547 7688 6507 5745 5369 5446 5664 5578 5377 5331 5153 5006 5144 5505 5651 5533 5193 4998 4987 4928 5034 5204 5416 5948 6902 7213 6553
10029 10065 9942 9954 9907 9702 9569 9842 9905 9983 10197 10130 10216 10105 9783 9836 9673 9657 9617 9021 8367 8261 8390 9172 8867 7715 6952 7454 8455 8717 8294 8044 8123 8385 8679 8776 8795 8785 8667 8958 9291 9491 10294 11018 11284 11416 11343 11029 10901 11029 11180 11089 10662 10553 10135 9490 9416 9962 9118 7137 6050 6011 5972 5734 5634 5340 5158 5273 5356 5292 5390 5559 5546 5230 4997 4998 4818 4838 5049 5316 5501 6403 7203 6730
10092 9851 9783 9958 9932 9721 9791 10133 10117 10029 10138 10245 10224 9958 9661 9739 9660 9769 9794 9211 8713 8300 8427 9122 8890 7520 6713 7426 8604 8927 8350 8261 8280 8543 8783 8649 8768 8811 8647 8944 9474 9958 10562 11001 11282 11238 11098 10735 10352 10402 10775 11376 11565 11253 10436 9070 8671 9439 9560 8396 7616 7966 7451 6421 5701 5487 5199 5280 5418 5282 5197 5378 5544 5430 5227 5033 4800 4804 4870 5112 5487 5786 6662 7212
10444 10272 10155 10202 10124 9946 9979 10181 10141 10069 10011 10077 9978 9704 9604 9662 9743 9740 9649 9369 9242 8920 8583 8682 8525 8011 7820 8147 8455 8964 8768 8642 8605 8839 8942 8617 8668 8751 8644 8694 9192 10065 10661 10729 11039 11002 10531 10093 9809 9974 10346 10722 10993 10601 9819 8292 7058 7381 8428 9138 9533 9284 8216 6473 5529 5701 5469 5197 5177 5148 5121 5322 5635 5661 5461 5094 4896 4944 5076 5192 5437 5647 6660 8117
10640 10671 10614 10462 10267 10043 9875 9823 9986 10198 10023 9922 9793 9577 9741 9748 9572 9603 9588 9543 9336 9099 8587 8286 8391 8630 8764 8098 7249 8142 8922 8858 8783 8991 9163 8961 8799 8850 8862 8970 9392 10028 10684 10962 11124 10877 10394 9981 9775 10034 10471 10536 10514 10465 9557 7943 6558 6563 7782 8760 9886 9142 7325 6206 5563 5850 6032 5877 5586 5362 5249 5227 5413 5597 5548 5200 4936 5028 5150 5209 5473 5965 6422 7660
10580 10630 10666 10409 10060 9816 9683 9611 9852 10042 9753 9520 9624 9639 9628 9658 9659 9716 9645 9603 9466 9188 8799 8305 8446 8770 8720 7763 7102 8091 8931 9182 8954 8987 9349 9366 9055 9058 9143 9400 9802 10109 10537 10987 11257 11046 10987 10812 10400 10342 10846 11027 10769 10593 9868 8885 8414 8050 7976 8235 9095 8682 7546 6796 5883 5981 6554 6522 6252 5767 5445 5295 5187 5501 5661 5342 5013 4969 5106 5250 5580 6216 6566 6713
10453 10404 10556 10489 10272 9962 9824 9795 9814 9809 9532 9223 9521 9849 9670 9528 9663 9784 9668 9528 9432 9303 9080 8390 8318 8740 8570 8404 8506 9113 9333 9372 9086 9018 9304 9441 9359 9359 9372 9534 9829 10157 10539 10999 11235 11139 11082 11008 10873 10791 10876 10830 10381 10234 9821 9655 9595 8964 8056 8057 9063 9495 9372 8691 7636 6678 6271 6319 6295 5874 5532 5347 5205 5622 5941 5569 5110 4964 5067 5223 5346 6088 6528 6458
10586 10435 10386 10469 10502 10307 9969 9797 9642 9517 9484 9387 9435 9721 9648 9368 9475 9724 9839 9698 9571 9412 9153 8649 8216 8290 8612 8862 8549 8503 8823 9121 9226 9136 9206 9362 9513 9502 9471 9608 9888 10219 10486 10699 10761 10804 11012 11072 11165 10937 10496 10458 10035 9411 9017 8407 8137 7916 7513 8362 9968 10775 11142 10606 8906 7165 5710 5734 6117 5717 5568 5334 5178 5453 6002 5864 5257 5046 5039 5153 5294 5709 6276 6741
10920 10651 10329 10184 10239 10254 9955 9507 9264 9173 9167 9245 9287 9500 9579 9571 9748 9634 9739 9885 9785 9350 9325 9101 8272 7902 8397 9000 8964 8177 8178 8861 9226 9286 9203 9306 9441 9461 9635 9987 10129 10144 10083 10100 10077 10363 10788 10882 11033 10986 10437 10132 9556 8816 8309 7532 7132 7264 7592 8726 10061 11084 11496 10868 9293 7395 5981 5479 5747 5611 5591 5410 5258 5426 5903 6006 5380 4898 4993 5133 5248 5394 6016 6628
10678 10600 10417 10153 10161 10185 9794 9224 8990 9131 9087 9259 9361 9377 9472 9577 9602 9368 9489 9831 9995 9830 9603 9316 8498 7937 8002 8723 9028 8583 8120 8615 8979 9144 9255 9340 9345 9250 9622 10131 10153 10051 9699 9521 9589 9857 10206 10283 10185 10089 9679 9218 9022 8569 7895 7397 7410 7902 8738 9732 10171 10748 11028 10429 9435 7789 6369 5694 5642 5669 5362 5182 5223 5429 5702 5794 5660 5256 5085 5038 5101 5377 5780 6270
9966 10368 10398 10250 10317 10211 9727 9343 9095 9124 9080 9247 9439 9404 9442 9430 9394 9371 9554 9740 9800 9752 9433 9268 9098 8586 7829 7923 8740 9111 8056 7858 8580 8989 9279 9563 9570 9359 9428 9851 10135 10260 9848 9401 9374 9383 9485 9292 8775 8561 8518 8561 8607 8591 8320 7973 7901 8327 9329 10215 10311 10795 11082 10501 9611 8412 7048 6102 5702 5613 5368 5135 5220 5294 5476 5740 5968 5661 5135 5103 5100 5289 5597 6006
9605 10123 10297 10410 10593 10284 9726 9537 9212 9114 9048 8934 9273 9440 9463 9524 9525 9454 9454 9513 9534 9513 9602 9512 9419 8938 8004 7672 8392 9094 8484 7996 8480 9207 9472 9875 9989 9656 9355 9720 10302 10469 10184 9608 9307 9263 8986 8566 8185 8006 8172 8497 8839 9135 8952 8188 7743 8125 8874 9799 10399 10965 10997 10550 9875 9182 7773 6339 5683 5703 5666 5374 5235 5182 5272 5589 5793 5781 5407 5220 5125 5222 5448 5683
9376 9968 10461 10719 10874 10701 10208 9829 9499 9369 9112 8940 9343 9593 9727 9805 9617 9326 9257 9520 9924 9749 9503 9535 9373 9148 8503 7757 7689 8595 9064 8568 8514 9198 9666 9807 10065 9850 9527 9692 10220 10337 10111 9974 9559 9032 8600 8529 8801 8805 8539 8766 9318 9550 9212 8553 8194 8437 8692 9321 10055 10546 10776 10635 10408 10015 9172 7395 6047 5909 5778 5552 5351 5396 5270 5367 5704 5971 5656 5263 5172 5166 5439 5841
9064 9966 10704 10973 10957 11060 10750 10330 10133 10046 9752 9536 9706 9909 9950 9846 9595 9422 9323 9583 9989 10147 9738 9475 9366 9112 8721 8009 7483 7866 8743 8569 8116 8755 9402 9443 9734 9810 9613 9585 9804 9753 9559 9712 9731 9087 8538 8651 8778 8946 8984 9250 9410 9353 9130 9104 9286 9494 9495 9536 9924 10255 10521 10519 10176 9892 9644 8609 6872 5830 5521 5636 5572 5478 5404 5456 5737 5988 5850 5510 5264 5177 5273 5781
8652 9859 10336 11012 11203 11159 10976 10762 10682 10628 10294 10029 9996 10158 9963 9863 9849 9780 9560 9350 9581 10116 9881 9272 9089 9163 9057 8575 7778 7383 8195 8539 7995 8320 9050 9304 9307 9658 9655 9322 9106 9122 9130 9326 9566 9410 8926 8936 8995 9097 9422 9709 9562 9356 9384 9704 9971 10136 10151 10095 10314 10234 10054 10218 10103 9815 9630 9244 7879 6095 5400 5733 5486 5248 5278 5283 5263 5692 6062 5799 5413 5156 5116 5526
8525 9562 10059 10631 10906 10870 10827 10884 10837 10577 10167 10044 9906 9969 10010 10117 10113 9932 9642 9487 9418 9737 9861 9563 9193 9170 9080 8928 7993 7120 7454 8192 8065 8017 8810 9290 9145 9340 9492 9201 8863 8847 8949 8957 9049 9243 8944 8970 9320 9421 9574 9710 9673 9731 9898 10023 10134 10191 10409 10553 10641 10686 10218 9936 9982 9906 9758 9488 8861 7204 5819 5637 5368 5360 5435 5279 5083 5384 5876 5694 5559 5261 5108 5378
8370 9201 9702 9860 10008 10253 10518 10676 10624 10468 10183 9999 9647 9716 10179 10262 9974 9747 9721 9889 9709 9599 9739 9809 9560 9252 9135 9115 8705 7664 7218 7549 7646 7244 7670 8596 8852 8877 9360 9136 8752 8717 8903 8938 9017 9153 8905 8840 9121 9252 9487 9664 9933 10165 10238 10159 10151 10254 10439 10572 10572 10643 10379 9808 9692 9852 9833 9461 8869 8036 6308 5318 5342 5513 5559 5594 5657 5391 5484 5560 5542 5404 5117 5092
8383 8807 9447 9721 9708 9906 10156 10454 10602 10546 10218 9871 9650 9690 10065 10190 9754 9732 9764 9723 9761 10019 10022 9922 9976 9815 9646 9541 9308 8568 7359 6921 7061 6412 6442 7718 8572 8856 9107 8914 8642 8661 8861 8843 9074 9085 8964 8769 8974 9374 9647 9902 10191 10647 10845 10683 10656 10679 10397 10428 10448 10450 10492 10015 9331 9265 9530 9219 8486 7741 6594 5586 5441 5565 5437 5565 5662 5285 5329 5474 5370 5196 5098 5017
8169 8378 8937 9557 9734 9726 9872 10237 10591 10635 10359 10032 9951 10137 10505 10492 10031 10002 9910 9854 9997 10342 10090 9825 10204 10555 10413 9828 9207 8758 7486 6572 6856 6566 6424 7361 8136 8543 8725 8749 8628 8795 8933 8819 8890 8797 8711 9061 9238 9732 10089 10315 10256 10744 11305 11245 11234 10921 10416 10295 10367 10495 10498 10369 9757 9352 9608 9467 8852 7872 6942 6098 5653 5657 5572 5712 5906 5674 5447 5477 5596 5497 5304 5198
7950 8469 8755 9180 9493 9576 9901 10143 10519 10718 10601 10405 10407 10596 10747 10691 10414 10255 10213 10081 9992 10024 9985 10094 10447 10696 10550 10102 9525 9160 8111 7149 7213 7466 7447 7296 7531 8030 8368 8707 8651 8720 8739 8600 8488 8862 9035 9411 9680 10169 10506 10614 10531 10867 11277 11257 11215 11212 10796 10392 10436 10832 10534 10046 10088 9954 9885 9816 9552 8467 7328 6640 5882 5574 5626 5886 6289 6110 5560 5489 5702 5737 5355 5217
7885 8618 8839 8711 9274 9816 9987 10010 10342 10699 10773 10826 10888 10753 10490 10313 10353 10381 10260 10036 9958 9880 9824 10079 10302 10335 10345 10490 10098 9396 8867 8035 7665 7926 7989 7591 7129 7542 7436 7327 7574 7950 8223 8541 8835 9270 9415 9744 10247 10451 10783 10747 10739 10960 11126 11207 11193 11267 11031 10526 10420 11041 10096 9292 9985 10178 10057 10092 10247 9449 8142 7142 6488 5670 5613 5965 6024 5847 5565 5593 5630 5690 5548 5385
7634 8488 8953 8889 9212 9775 9958 9965 10256 10676 10943 10994 11035 10768 10502 10416 10315 10258 10042 9865 10098 10034 9778 9888 10280 10477 10415 10513 10220 9581 9081 8738 8166 7844 7884 8153 6890 5483 4990 5047 6166 7401 7993 8419 9189 9739 9912 10306 10598 10615 10662 10516 10428 10745 10816 10821 10847 10788 10701 10572 10511 10734 10120 9418 9841 10172 10266 10536 10948 10706 10124 8784 7319 6046 5705 6003 5852 5639 5773 5865 5826 5874 5794 5565
7289 8128 8602 8427 8576 9386 9914 10032 10218 10527 10759 10856 10858 10494 10178 10175 10123 10099 10052 9999 10225 10078 9750 9802 10201 10570 10546 10314 10167 9831 9284 8805 8308 7801 7683 7729 6120 4161 3736 4360 5831 7350 7981 8295 9360 10074 10235 10807 11094 10816 10449 10366 10274 10356 10466 10444 10495 10493 10291 10432 10563 10722 11083 10681 10184 10197 10532 10943 11088 10958 11037 9914 7807 6226 5701 5863 5819 5581 5925 5963 5758 5962 5928 5769
6969 7603 7974 7544 7818 9043 9768 10091 10228 10380 10486 10816 10911 10586 10230 10030 9984 9887 9891 9989 10023 9799 9718 10024 10523 10752 10752 10404 10145 9849 9298 8706 8342 8018 7593 6905 6004 5097 4800 5295 6236 7450 8174 8616 9410 10285 10832 11208 11307 11202 10711 10328 10124 10167 10443 10581 10375 10192 10175 10412 10908 11041 10971 10701 10291 10074 10481 10741 10711 10729 10742 9809 8075 6555 5904 5813 5723 5410 5458 5790 5798 5827 5858 5798
7145 7333 7419 6906 7470 8930 9630 9911 10125 10360 10484 10821 10927 10708 10550 10223 9786 9505 9635 9909 9841 9540 9574 9947 10442 10671 10807 10475 9987 9668 9482 8907 8196 7470 6816 6882 6982 6594 6472 6931 7438 7841 8464 8951 9557 10348 10843 10976 10951 10938 10693 10361 10260 10291 10430 10610 10614 10613 10642 10643 10836 11020 10574 10172 10292 9945 9891 10203 10292 10617 10493 9299 8355 6937 5841 5638 5515 5453 5516 5774 5729 5526 5579 5769
8035 7554 6980 6401 6775 8228 9262 9493 9834 10173 10444 10701 10685 10497 10253 9900 9552 9436 9656 10033 10040 9738 9672 9726 9991 10161 10123 9869 9664 9450 9429 8499 6840 6114 6826 7678 8189 8025 8181 8228 7996 8119 8632 8690 9056 9909 10309 10646 10884 10947 10660 10453 10434 10524 10504 10681 11055 11182 11300 11335 11216 11043 10634 10198 10166 9956 9713 9891 10140 10333 10637 9786 8542 6902 5670 5473 5765 5797 5716 5625 5654 5656 5299 5169
8681 7910 7153 6687 6752 7512 8779 9310 9433 9725 10177 10468 10527 10580 10322 9928 9931 9829 9794 9932 9929 10045 10070 9947 10007 10065 9751 9342 9289 8890 7983 6886 6182 6558 7746 7889 8284 8553 8616 8391 7472 7416 8453 8653 8815 9584 10212 10818 11010 10865 10502 10332 10329 10435 10489 10700 10999 11303 11559 11775 11526 11002 10607 10389 10317 10213 9974 9758 10013 10481 10908 10496 8592 6766 5638 5581 5907 5772 5681 5700 5742 5716 5387 5045
9063 8363 7414 6963 6998 7124 8065 9090 9359 9454 9859 10263 10424 10559 10294 10185 10446 10350 10205 10017 9843 10218 10596 10526 10347 10268 9706 8895 8349 7150 6651 7021 7719 7923 8194 8177 8101 8168 8362 8243 7594 7624 8623 9168 9442 9863 10394 10604 10799 10592 10519 10518 10355 10363 10586 10912 11145 11222 11335 11651 11606 11214 10837 10740 10556 10358 10250 10172 10319 10770 10880 10838 10162 8824 7604 6442 5831 5623 5639 5658 5688 5760 6245 6268
9119 8833 7951 7089 7063 7431 7653 8534 9378 9497 9633 9799 10093 10321 10038 9870 10272 10531 10525 10237 9989 10301 10789 10901 10257 9760 8995 7619 6721 6586 7516 8474 8472 8637 8787 8701 8273 7708 7877 8481 8718 8710 8653 8997 9570 9985 10089 10116 10757 10623 10245 10305 10312 10510 10729 10848 11059 11045 11119 11452 11292 11144 11078 10999 10623 10539 10685 10728 10630 10923 11266 10967 10964 10507 9065 7310 5996 5689 5791 5837 5734 5777 6152 6405
7848 9056 8762 7786 6964 7051 7338 7938 9149 9835 9843 9646 9976 10372 10193 9837 10022 10452 10439 10423 10278 10325 10541 10246 9295 8321 7547 7003 7197 8045 8311 8737 8987 9205 9297 9148 8623 8078 7744 8556 9295 9189 8871 8899 9438 9727 9990 9919 9998 10134 10055 10020 10166 10411 10623 10702 10894 11038 11130 11221 11113 11238 11277 10985 10525 10505 10710 10799 10822 11021 11203 10977 10887 10770 9144 7185 6090 5781 5945 6031 5942 5754 5788 5958
6130 8331 9344 8663 7173 6577 7251 8063 9068 10000 9937 9601 10297 10623 10303 9982 9941 10258 10453 10638 10408 9753 9181 8584 7438 6872 7425 7904 8403 8648 8826 8963 9271 9545 9569 9505 9140 8619 8031 8247 8520 8193 7889 8302 9112 9693 9940 9396 9189 9834 10235 10182 10084 10270 10406 10478 10676 11001 11135 11171 11214 11306 11234 10940 10655 10686 10559 10659 10946 11162 11083 10803 10656 10810 9266 6913 6167 5935 5783 5656 5631 5555 5561 5583
5242 6839 8512 8731 7672 6697 6863 7924 8829 9750 9350 8800 9565 10272 10308 10054 9921 10131 10243 10005 9649 8442 7316 6709 6702 7330 8246 8328 8660 9020 9246 9307 9484 9741 9868 9901 9835 9328 8658 8468 8245 7552 7217 7941 9018 9860 10167 10004 9622 9819 10087 10213 10139 10146 10148 10187 10258 10495 10716 10917 11005 11008 10887 10685 10689 10839 10693 10599 10698 10737 10558 10431 10159 9904 8512 7286 6690 6153 5749 5585 5649 5701 5686 5655
4241 5181 6561 8326 8423 7288 6710 7502 8700 9429 9173 8881 9476 9915 10081 9821 9656 9662 9263 8492 8098 6922 6344 6883 7746 8058 8264 8616 8983 9192 9509 9687 9622 9800 10087 10319 10499 10076 9162 8557 8364 7917 7470 7754 8331 9240 10257 10937 10675 10094 10109 10437 10335 10101 9978 9939 9778 9775 10028 10309 10458 10405 10337 10243 10298 10488 10516 10422 10233 10084 9961 10286 9794 8931 8381 8383 7801 6448 5829 5798 5954 5960 5777 5805
3679 4416 5706 7645 8653 7879 7036 7312 8433 9092 9200 9514 9635 9589 9889 9794 9302 8777 8143 6998 6447 6741 7220 8020 8384 8555 8522 8737 9167 9286 9595 9911 9898 9806 10179 10593 10716 10517 9697 8834 8540 8111 7426 6749 6736 7789 9386 10426 10724 10403 10326 10654 10463 10134 9762 9584 9585 9497 9598 9812 10046 10112 10063 10037 10130 10385 10382 10131 10130 10120 10162 10428 10149 9751 9319 8391 7656 6632 6015 5972 5846 5753 5823 5950
3725 4143 4890 6038 7590 7973 7208 7054 7355 8027 8617 9227 9242 9018 9124 8906 8309 8004 7619 6831 7061 8080 8088 8388 8736 8983 8920 8987 9244 9518 9767 9981 10010 9926 10321 10767 10723 10364 10089 9399 8645 8108 7888 6711 6130 7227 8688 9782 10182 10396 10466 10633 10553 10103 9632 9468 9683 9663 9599 9865 10201 10241 10112 10154 10346 10425 10199 9961 10276 10357 10507 10831 11138 11192 10670 9379 8422 7203 6152 5875 5800 5888 6006 5958
3468 3752 4005 4617 5892 7215 7509 7086 6787 7009 7537 8155 8289 7928 7327 7070 6782 7269 7986 8082 8317 8578 8549 8888 9059 9198 9359 9527 9473 9521 9751 9868 10080 10218 10292 10434 10344 10176 10299 9915 9078 8476 8559 7957 7717 8471 8882 9186 9554 10196 10496 10711 10486 9941 9723 9522 9635 9901 9935 10170 10506 10488 10357 10499 10649 10390 10198 10166 10482 10630 10820 11087 11330 11356 11475 10670 9227 7545 6054 5639 5789 5960 6069 5901
