test/g2lab/icchange/view/histogram/change-07_b4.txt
ncols         411
nrows         508
xllcorner     532720
yllcorner     5948510
cellsize      5
NODATA_value  -9999
[rows 380 to 417 of 508, columns 0 to 83 of 411]
2096 2116 2107 2073 2046 2031 1912 1843 1898 1939 1918 1865 1859 1819 1787 1777 1788 1799 1803 1825 1833 1786 1757 1779 1802 1836 1823 1781 1726 1817 1825 1740 1791 1907 1869 1764 1771 1793 1764 1803 1787 1732 1706 1701 1751 1817 1814 1772 1735 1721 1728 1764 1856 1957 1979 1978 1991 2020 2035 1926 1881 1943 2082 2107 2085 2136 2205 2186 2151 2173 2187 2127 1994 1993 2099 2159 2156 2188 2194 2068 1964 2006 2022 2092
2054 2083 2115 2118 2074 2029 1913 1880 1946 1952 1923 1872 1834 1791 1788 1792 1789 1823 1845 1854 1844 1783 1732 1746 1769 1804 1798 1727 1668 1828 1902 1797 1766 1834 1829 1747 1780 1866 1862 1791 1816 1858 1853 1803 1778 1773 1797 1792 1762 1687 1686 1751 1793 1808 1844 1894 2017 2124 2063 1872 1853 1985 2078 2048 2036 2121 2226 2211 2216 2192 2148 2177 2102 2058 2104 2050 2047 2101 2122 2040 1953 1996 2114 2186
2062 2115 2122 2140 2067 1974 1953 1958 1970 1940 1894 1871 1839 1818 1824 1844 1825 1815 1844 1868 1856 1810 1771 1778 1800 1789 1763 1712 1723 1851 1856 1769 1727 1779 1825 1857 1844 1791 1817 1800 1805 1816 1816 1802 1786 1735 1725 1789 1823 1713 1722 1775 1737 1726 1759 1877 2024 2162 2134 1981 1985 2078 2074 1992 1994 2095 2194 2187 2224 2175 2134 2211 2192 2222 2253 2142 2108 2147 2150 2071 2070 2050 2090 2148
2124 2150 2059 2029 2058 2028 2001 1985 1979 1918 1857 1875 1862 1855 1876 1889 1821 1782 1833 1868 1864 1840 1829 1842 1852 1826 1789 1800 1820 1829 1781 1763 1790 1840 1861 1927 1872 1735 1770 1797 1774 1766 1748 1745 1777 1794 1769 1753 1771 1745 1761 1794 1723 1696 1740 1837 1977 2103 2201 2165 2133 2167 2088 1992 2009 2099 2146 2155 2200 2172 2122 2149 2164 2265 2289 2213 2203 2230 2213 2163 2232 2084 2006 2127
2126 2135 2049 2002 2097 2099 2030 1987 1939 1916 1876 1874 1873 1878 1865 1844 1825 1797 1831 1850 1832 1817 1841 1876 1892 1875 1837 1840 1897 1845 1772 1795 1869 1868 1830 1901 1897 1766 1716 1723 1730 1724 1714 1713 1746 1803 1818 1787 1769 1763 1679 1740 1731 1688 1742 1771 1827 1990 2207 2231 2170 2188 2091 2036 2089 2150 2115 2147 2202 2181 2127 2087 2134 2247 2270 2229 2215 2215 2146 2132 2213 2127 2080 2160
2130 2170 2150 2050 2026 2057 2052 1973 1896 1961 1919 1875 1895 1866 1839 1832 1907 1896 1869 1838 1793 1772 1805 1850 1865 1872 1785 1752 1898 1869 1761 1773 1842 1816 1769 1837 1880 1801 1684 1699 1722 1746 1761 1779 1784 1800 1818 1825 1814 1746 1678 1760 1724 1668 1751 1889 1888 1955 2135 2169 2147 2140 2061 2086 2158 2156 2060 2089 2161 2177 2174 2140 2188 2267 2226 2191 2191 2184 2094 2058 2173 2258 2206 2169
2117 2202 2214 2058 2000 2071 2064 1964 1900 1946 1885 1869 1889 1854 1953 1897 1876 1947 1941 1854 1773 1748 1766 1795 1799 1805 1707 1711 1884 1838 1720 1700 1760 1773 1793 1810 1798 1855 1804 1746 1745 1771 1807 1821 1802 1769 1736 1740 1772 1713 1694 1754 1695 1669 1788 1955 1917 1906 2077 2199 2159 2070 2028 2082 2164 2076 1930 1975 2061 2160 2186 2168 2231 2260 2185 2160 2174 2154 2086 2088 2225 2347 2284 2204
2075 2184 2202 2053 2016 2089 2060 1951 1926 1930 1851 1866 1855 1858 1962 1856 1837 1987 1990 1889 1769 1731 1739 1767 1754 1732 1772 1816 1855 1794 1711 1695 1774 1818 1878 1836 1780 1861 1830 1749 1725 1725 1757 1788 1781 1760 1706 1675 1701 1662 1675 1715 1678 1687 1797 1878 1825 1825 2034 2219 2158 2093 2010 2014 2091 2018 1869 1887 1970 2162 2242 2216 2272 2223 2117 2092 2100 2088 2100 2183 2225 2307 2299 2237
2035 2113 2130 2033 2026 2077 2051 1960 1983 1932 1847 1878 1833 1856 1906 1832 1894 2007 1990 1900 1795 1735 1717 1737 1763 1784 1874 1874 1815 1789 1833 1869 1841 1840 1901 1854 1748 1730 1715 1715 1721 1726 1732 1749 1771 1782 1808 1711 1650 1650 1664 1676 1677 1717 1795 1836 1798 1772 2007 2219 2195 2170 2049 1954 1959 1954 1894 1808 1823 2051 2209 2255 2342 2273 2151 2097 2082 2028 2070 2144 2099 2186 2272 2230
2023 2066 2098 2041 2011 2072 2045 1982 2026 1928 1865 1883 1808 1832 1871 1833 1885 1944 1908 1840 1814 1806 1814 1827 1867 1840 1778 1777 1801 1866 1952 1969 1819 1718 1789 1813 1729 1653 1670 1723 1790 1806 1779 1747 1760 1819 1876 1747 1673 1694 1682 1689 1698 1738 1804 1826 1799 1833 2035 2181 2219 2204 2066 1908 1816 1804 1821 1778 1830 2017 2115 2205 2273 2242 2206 2169 2145 2083 2173 2100 1983 2111 2215 2184
2055 2080 2130 2054 1988 2055 2027 2011 2023 1927 1912 1874 1786 1806 1887 1918 1926 1911 1839 1771 1769 1780 1808 1844 1878 1897 1822 1766 1804 1845 1864 1858 1782 1698 1717 1774 1783 1738 1748 1807 1861 1871 1807 1738 1712 1757 1806 1765 1774 1759 1713 1733 1711 1718 1784 1830 1882 1918 2026 2111 2170 2118 1989 1894 1792 1757 1804 1848 1947 2090 2139 2213 2244 2224 2213 2146 2081 2054 2120 2091 1958 2058 2093 2063
2077 2095 2154 2054 1992 2055 2023 2046 2020 1933 1945 1862 1766 1783 1879 1941 1928 1912 1856 1805 1796 1782 1745 1738 1791 1857 1827 1769 1764 1767 1755 1732 1737 1743 1743 1768 1818 1832 1806 1811 1860 1879 1783 1677 1660 1686 1746 1787 1819 1754 1717 1744 1714 1666 1729 1851 1938 1898 1895 1973 2019 1970 1900 1889 1841 1812 1838 1869 1939 2026 2100 2185 2223 2244 2257 2201 2136 2055 2018 2204 2165 2047 2006 1972
2053 2026 2076 2032 2056 2073 2032 2060 1998 1937 1952 1854 1760 1767 1831 1865 1861 1845 1825 1857 1868 1834 1777 1733 1762 1819 1795 1799 1805 1788 1761 1711 1704 1739 1802 1791 1799 1837 1778 1679 1672 1721 1730 1685 1683 1733 1734 1748 1744 1671 1711 1751 1709 1633 1705 1850 1895 1809 1783 1874 1916 1883 1831 1853 1878 1885 1850 1842 1902 1953 2022 2100 2136 2189 2234 2235 2235 2197 2154 2228 2190 2105 2051 1983
2084 1991 2004 2066 2114 2097 2057 2062 1965 1964 1963 1863 1799 1799 1824 1832 1826 1793 1792 1858 1873 1837 1809 1795 1804 1817 1812 1855 1887 1877 1852 1793 1747 1763 1801 1790 1796 1832 1791 1699 1662 1713 1763 1762 1776 1797 1696 1678 1644 1561 1674 1768 1724 1658 1743 1819 1807 1757 1779 1866 1889 1826 1766 1789 1871 1914 1888 1923 2011 2008 2007 2015 2024 2078 2145 2200 2227 2235 2263 2229 2162 2198 2212 2123
2159 2040 2054 2087 2070 2064 2076 2062 1966 2014 2015 1915 1876 1851 1904 1909 1879 1841 1810 1813 1810 1782 1783 1820 1833 1826 1820 1851 1874 1885 1877 1847 1804 1762 1778 1829 1868 1862 1809 1760 1791 1830 1802 1765 1757 1756 1685 1670 1678 1669 1730 1780 1741 1702 1797 1777 1765 1770 1781 1849 1872 1825 1785 1764 1881 2022 2093 2159 2182 2119 2069 2008 1989 2040 2094 2180 2236 2261 2378 2297 2146 2183 2270 2247
2194 2133 2217 2160 2020 2010 2052 2089 2021 1986 1953 1924 1888 1759 1807 1908 1917 1913 1897 1842 1782 1753 1770 1783 1781 1785 1788 1791 1794 1811 1847 1865 1843 1801 1791 1853 1875 1849 1776 1739 1775 1815 1799 1754 1718 1734 1762 1751 1771 1793 1778 1772 1756 1746 1787 1770 1788 1758 1696 1736 1824 1887 1881 1831 1939 2173 2306 2285 2239 2172 2118 2032 2014 2077 2132 2230 2297 2327 2414 2321 2171 2198 2265 2271
2171 2183 2271 2182 2012 1963 1997 2104 2092 1951 1877 1820 1854 1844 1832 1845 1865 1880 1885 1807 1754 1788 1844 1786 1718 1746 1782 1788 1785 1801 1830 1858 1857 1859 1771 1765 1829 1813 1756 1741 1796 1817 1817 1808 1805 1755 1773 1796 1795 1788 1794 1800 1800 1780 1790 1805 1775 1772 1748 1763 1820 1936 1964 1920 1972 2169 2308 2267 2240 2179 2097 2024 2021 2094 2191 2279 2354 2354 2363 2352 2335 2300 2256 2227
2128 2129 2154 2134 2066 2016 2033 2097 2111 2018 1901 1785 1838 1939 1884 1808 1734 1743 1788 1801 1754 1789 1897 1883 1797 1788 1806 1810 1822 1837 1831 1840 1823 1807 1742 1752 1822 1819 1809 1832 1861 1842 1827 1867 1850 1731 1751 1791 1782 1763 1752 1779 1817 1831 1855 1820 1753 1816 1889 1904 1916 2000 2079 2038 1999 2053 2224 2273 2231 2171 2079 2025 2040 2090 2185 2267 2326 2337 2340 2405 2452 2385 2246 2161
2080 2037 2053 2109 2126 2101 2052 2027 2017 1970 1903 1844 1828 1862 1891 1882 1816 1790 1855 1911 1896 1828 1831 1866 1875 1841 1799 1751 1775 1830 1832 1824 1735 1742 1829 1831 1831 1824 1836 1879 1869 1815 1786 1821 1800 1725 1772 1784 1739 1697 1693 1741 1809 1836 1847 1780 1746 1825 1890 1918 1964 2060 2170 2166 2037 1948 2115 2264 2221 2184 2089 2048 2080 2092 2150 2210 2255 2323 2327 2348 2376 2309 2182 2134
2058 2037 2046 2079 2102 2094 2033 1951 1906 1909 1963 1947 1861 1822 1845 1907 1940 1966 1980 1958 1888 1718 1641 1698 1743 1813 1807 1737 1731 1790 1853 1848 1763 1787 1896 1860 1823 1779 1782 1825 1809 1754 1729 1747 1767 1779 1802 1800 1754 1712 1718 1747 1790 1796 1770 1742 1771 1855 1897 1899 1952 2077 2163 2198 2096 2007 2119 2219 2192 2145 2140 2112 2127 2136 2172 2198 2227 2304 2270 2247 2240 2194 2151 2202
2030 1997 2026 2058 2061 2053 2053 2000 1932 1928 1982 1982 1869 1805 1770 1808 1882 1926 1966 1910 1790 1649 1662 1748 1760 1823 1846 1830 1832 1829 1863 1890 1871 1801 1814 1830 1814 1770 1751 1767 1735 1705 1733 1773 1780 1801 1821 1822 1815 1795 1794 1812 1805 1762 1729 1741 1785 1850 1866 1851 1907 2034 2132 2168 2153 2129 2176 2224 2190 2152 2178 2124 2181 2203 2152 2146 2211 2265 2259 2303 2290 2204 2151 2222
2007 1980 2066 2109 2101 2069 2059 2044 1996 1935 1913 1972 1922 1813 1769 1753 1786 1821 1842 1853 1822 1745 1717 1783 1822 1832 1788 1767 1789 1807 1831 1862 1868 1815 1789 1796 1812 1830 1837 1791 1724 1703 1783 1831 1787 1776 1779 1807 1833 1853 1857 1846 1819 1781 1742 1745 1781 1824 1820 1821 1895 1993 2083 2111 2102 2116 2191 2249 2198 2156 2126 2094 2181 2183 2082 2081 2226 2323 2302 2340 2327 2205 2083 2062
2095 2076 2115 2144 2112 2037 1992 1982 1975 1948 1936 1997 1945 1862 1852 1852 1824 1783 1775 1834 1905 1859 1759 1788 1826 1800 1740 1715 1756 1802 1813 1790 1789 1787 1781 1760 1746 1769 1812 1821 1763 1722 1774 1825 1765 1711 1710 1780 1837 1849 1833 1806 1801 1785 1767 1771 1794 1815 1802 1848 1958 2041 2094 2077 2051 2103 2215 2254 2169 2147 2077 2060 2154 2124 2067 2076 2156 2214 2213 2194 2178 2115 2043 2018
2196 2153 2050 1967 1946 1951 1943 1945 1972 2024 2015 1977 1918 1878 1910 1938 1903 1822 1774 1802 1879 1884 1789 1787 1814 1787 1741 1748 1801 1857 1834 1758 1745 1767 1765 1760 1737 1742 1781 1831 1830 1763 1732 1773 1752 1676 1665 1738 1815 1797 1761 1745 1763 1790 1804 1813 1818 1819 1802 1885 2033 2113 2127 2086 2053 2096 2194 2203 2138 2122 2043 2084 2160 2072 2029 2000 1990 2023 2070 2087 2056 2034 2067 2127
2109 2087 2051 1953 1897 1941 2010 2029 2010 2022 2010 1939 1895 1874 1884 1904 1882 1836 1796 1805 1835 1871 1824 1785 1803 1823 1809 1797 1813 1871 1864 1800 1790 1789 1807 1822 1793 1784 1804 1833 1849 1820 1763 1762 1775 1760 1742 1764 1797 1764 1695 1690 1755 1801 1808 1826 1846 1823 1799 1874 2012 2091 2074 2026 1996 2042 2122 2095 2070 2086 2056 2163 2182 2055 1995 1910 1881 1932 1981 1996 2001 2026 2074 2138
2025 1992 2070 2109 2045 1982 1959 2009 1985 1929 1958 1954 1924 1894 1845 1830 1837 1843 1849 1871 1874 1865 1805 1780 1832 1880 1872 1791 1748 1782 1840 1843 1830 1834 1879 1899 1852 1830 1830 1848 1870 1917 1853 1774 1766 1782 1797 1791 1779 1751 1704 1700 1749 1779 1776 1816 1845 1791 1764 1848 1946 1981 1924 1882 1902 1987 2038 1989 2033 2082 2093 2211 2181 2024 1924 1864 1845 1898 1955 2000 2053 2099 2141 2206
2004 1952 1975 2014 2060 2030 1956 1980 2005 1973 1963 1934 1921 1925 1897 1877 1870 1873 1878 1912 1905 1844 1807 1803 1859 1903 1905 1783 1684 1711 1796 1834 1827 1844 1883 1918 1885 1842 1811 1824 1882 1946 1858 1765 1766 1756 1777 1795 1780 1761 1738 1710 1716 1787 1811 1814 1821 1768 1756 1835 1893 1904 1834 1798 1870 1944 1957 1954 2059 2090 2147 2231 2130 1970 1863 1837 1833 1903 2015 2079 2125 2178 2242 2292
2067 2066 2083 2083 2074 2091 2090 2072 2025 1993 1955 1893 1845 1861 1896 1906 1879 1860 1861 1858 1873 1867 1852 1818 1821 1871 1888 1837 1762 1773 1834 1816 1778 1793 1835 1881 1880 1825 1785 1783 1843 1883 1804 1764 1772 1764 1776 1815 1823 1792 1763 1714 1714 1780 1802 1807 1819 1809 1824 1853 1870 1876 1862 1844 1878 1909 1915 1998 2119 2123 2188 2183 2035 1937 1854 1842 1869 1944 2064 2140 2173 2219 2270 2314
2122 2155 2212 2161 2052 2045 2077 2093 2068 2005 1983 1946 1899 1869 1882 1877 1824 1783 1789 1802 1851 1902 1892 1822 1712 1751 1871 1924 1887 1864 1862 1810 1745 1752 1818 1859 1896 1858 1787 1768 1775 1774 1747 1751 1757 1767 1791 1828 1850 1838 1819 1779 1760 1776 1784 1799 1790 1799 1854 1863 1822 1775 1746 1747 1837 1925 1942 2089 2220 2175 2197 2120 2001 1954 1884 1868 1918 1991 2103 2174 2185 2193 2222 2261
2033 2055 2187 2137 2008 2016 2040 2112 2117 2025 2005 2011 1966 1893 1879 1911 1896 1860 1816 1813 1832 1839 1862 1851 1764 1706 1863 1968 1950 1813 1811 1832 1762 1750 1826 1897 1932 1912 1833 1781 1770 1758 1748 1750 1768 1773 1784 1806 1827 1853 1862 1850 1801 1792 1809 1816 1783 1774 1824 1847 1836 1776 1737 1768 1865 2020 2108 2195 2243 2192 2189 2084 2034 2004 1881 1873 1950 2044 2124 2166 2142 2141 2169 2193
1929 1940 2106 2080 2063 2098 2054 2096 2131 2063 2067 2052 1978 1901 1894 1961 2003 1963 1853 1828 1855 1841 1858 1952 1914 1718 1832 1975 1907 1713 1775 1867 1788 1791 1851 1922 1931 1915 1868 1834 1844 1832 1809 1806 1816 1792 1768 1777 1784 1808 1846 1840 1776 1790 1829 1823 1780 1757 1777 1800 1810 1793 1838 1963 1996 2078 2170 2178 2213 2158 2081 2030 2017 1985 1851 1839 1920 2044 2106 2115 2082 2083 2127 2162
1964 2014 2125 2041 2146 2170 2051 2033 2136 2154 2084 2045 1984 1927 1934 2001 2025 1931 1815 1819 1848 1854 1871 1919 1831 1692 1837 1927 1898 1801 1772 1820 1815 1817 1846 1883 1874 1842 1839 1858 1876 1878 1858 1836 1830 1819 1782 1752 1751 1767 1806 1776 1709 1759 1813 1801 1750 1746 1740 1741 1752 1767 1789 1873 1935 1989 2044 2127 2234 2244 2117 1999 1901 1998 2010 1951 1960 2014 2050 2051 2003 2040 2138 2177
2045 2185 2168 2011 2136 2126 2037 2044 2158 2148 2050 2044 2045 2029 2012 2015 1991 1872 1774 1816 1825 1838 1863 1896 1765 1723 1858 1888 1841 1800 1792 1833 1822 1806 1851 1854 1802 1762 1784 1833 1880 1853 1805 1777 1790 1806 1802 1786 1785 1789 1792 1741 1705 1762 1799 1790 1758 1755 1748 1733 1735 1749 1753 1785 1854 1897 1936 1983 2047 2088 2042 1902 1860 2035 2133 2061 2000 1983 1942 1938 1985 1955 2106 2185
1972 2218 2138 2014 2117 2056 2060 2088 2095 2065 2009 2036 2098 2124 2074 2018 1974 1884 1825 1846 1833 1839 1861 1856 1754 1782 1880 1871 1817 1800 1852 1876 1833 1829 1861 1845 1789 1771 1762 1720 1782 1800 1728 1671 1688 1764 1821 1848 1834 1813 1797 1791 1782 1810 1839 1808 1786 1784 1783 1775 1765 1802 1858 1839 1855 1912 1903 1868 1831 1813 1814 1727 1772 1997 2140 2079 1972 1937 1874 1957 2007 1816 2013 2167
1987 2164 2089 2146 2204 2046 2046 2054 2026 2019 2014 2054 2110 2130 2074 1993 1968 1961 1921 1889 1877 1874 1860 1835 1801 1839 1898 1887 1855 1779 1825 1860 1798 1822 1860 1856 1824 1849 1813 1723 1760 1839 1856 1810 1743 1790 1852 1883 1865 1828 1818 1838 1833 1846 1851 1802 1785 1784 1778 1784 1778 1851 1950 1884 1814 1824 1859 1883 1857 1808 1780 1730 1755 1948 2111 2030 1907 1890 1899 2032 2046 1949 2112 2187
2094 2123 2104 2211 2194 2034 1999 2002 2064 2112 2109 2085 2083 2090 2064 2018 2008 2009 1982 1952 1941 1927 1862 1856 1863 1879 1900 1925 1866 1733 1762 1794 1765 1815 1856 1847 1852 1930 1919 1855 1849 1886 1926 1891 1820 1895 1846 1814 1867 1804 1780 1793 1802 1822 1785 1740 1747 1759 1757 1751 1753 1796 1849 1817 1765 1764 1868 1969 1986 1922 1847 1818 1780 1912 2036 1910 1879 1921 1964 2056 2094 2092 2184 2257
2138 2147 2151 2186 2118 2081 2061 1987 2010 2110 2146 2096 2040 2058 2094 2080 2040 2021 2009 1990 1995 1947 1854 1907 1907 1869 1890 1926 1849 1737 1785 1785 1794 1836 1860 1821 1845 1938 1916 1871 1860 1878 1850 1799 1805 1897 1799 1803 1873 1737 1722 1771 1781 1771 1739 1696 1720 1735 1743 1733 1734 1761 1796 1828 1843 1840 1878 1934 1934 1924 1850 1819 1829 1928 1928 1838 1918 2027 2057 2079 2129 2112 2169 2295
2146 2124 2142 2175 2115 2132 2133 2030 1953 1955 2041 2084 2091 2114 2135 2097 2021 2003 2018 1998 2010 1911 1847 1973 1900 1838 1883 1915 1879 1856 1882 1824 1829 1866 1861 1794 1823 1883 1845 1836 1835 1821 1784 1774 1825 1853 1753 1843 1886 1767 1725 1757 1779 1783 1850 1814 1781 1784 1753 1768 1775 1752 1750 1843 1942 1947 1918 1855 1823 1843 1829 1858 1930 1931 1841 1830 1982 2141 2097 2055 2137 2118 2138 2207
