test/g2lab/icchange/view/histogram/change-07_b5.txt
ncols         411
nrows         508
xllcorner     532720
yllcorner     5948510
cellsize      5
NODATA_value  -9999
[rows 148 to 184 of 508, columns 84 to 167 of 411]
1581 1637 1719 1923 2147 2402 2623 2846 2926 2899 3004 3122 3169 3175 3250 3365 3473 3535 3692 3804 3880 3911 3870 3992 4403 5171 6816 9110 10263 10580 10666 10644 10147 9087 8851 9214 9459 9320 9255 9195 8801 8618 8585 8377 8079 7365 6748 6869 7131 7561 7939 7941 8442 8997 9277 8729 7745 8133 8800 8636 8318 7765 7164 6950 7122 7434 8044 8629 9105 7584 6039 5747 5682 6186 6436 6346 6076 6187 6910 7396 8325 7642 6124 6045
1551 1642 1796 1994 2050 2194 2451 2679 2885 2949 2990 3046 3142 3253 3336 3376 3440 3530 3649 3685 3866 4039 4026 4060 4173 4953 6343 8212 10098 10995 11027 10759 9662 8258 7957 8525 9383 9695 9922 10125 9713 9041 9010 9069 8881 8446 7885 7972 8351 8411 8746 9174 9465 9361 9617 9247 8225 8244 8639 8393 7706 7428 7465 7297 7064 7290 7912 8577 8798 7830 6805 7184 7548 8079 8403 8193 7970 7766 7166 6635 6837 6264 5332 5486
1502 1564 1817 2009 1957 2067 2339 2647 2865 2938 2918 2982 3123 3262 3322 3324 3377 3464 3614 3768 3843 4024 4151 4122 4017 4486 5947 7597 9662 11226 11306 10770 9310 8057 7444 7399 8291 9250 9717 10186 10165 9577 9338 9467 9204 8759 8319 8068 8424 8759 9107 9686 10184 10172 9756 9522 8769 7965 7777 7318 7265 7680 7741 7406 7181 7507 7467 7612 8084 8398 8404 8576 8841 8983 9145 9438 9323 8491 6815 5575 5465 5384 5247 5096
1419 1465 1750 1909 1885 2015 2275 2575 2762 2837 2858 2958 3129 3220 3238 3244 3310 3385 3419 3607 3825 3958 4090 4194 4140 4115 5212 7172 9167 10857 11250 10654 9613 9070 8485 7648 7415 7821 8480 9183 9460 8898 8674 9286 8839 8300 8198 8111 8496 9090 9496 10160 10719 10116 8973 8622 7989 7080 6388 5893 6858 7702 7025 6039 5647 6361 6753 7025 7618 8577 9035 9071 9225 9868 10452 10559 9394 7636 6216 5319 5164 5322 5316 4919
1397 1479 1624 1714 1793 1974 2146 2272 2519 2756 2853 2992 3133 3171 3180 3257 3323 3336 3308 3517 3896 4008 3925 3925 4044 4006 4537 6195 8153 9634 10906 11010 10507 10033 9376 8171 7183 6988 7398 7909 8071 7883 8095 8900 8828 8643 8424 8453 8822 9285 9575 9640 9685 9209 8337 7835 7189 6427 5779 5412 5961 6205 5425 4833 4373 5332 6762 7169 7048 7644 8485 8870 9179 9519 9857 9983 8753 7031 6000 5472 5290 5178 5039 4644
1351 1430 1495 1560 1683 1877 2030 2071 2325 2730 2870 2970 3028 3105 3204 3372 3435 3356 3321 3493 3732 3891 3893 3892 3985 4137 4399 4792 6419 8459 10322 11009 10655 10583 10302 9047 7948 7867 8204 8492 8349 8163 7952 7997 8196 8615 8755 8697 8814 8630 8142 8146 8594 8767 8440 8038 7816 7500 6906 6599 6889 6986 6694 6303 5677 5858 6694 7009 6852 6996 7315 7161 7178 7326 7723 8412 7821 6487 5695 5383 5094 5047 4940 4759
1319 1370 1443 1489 1581 1788 2004 2113 2156 2425 2724 2846 2885 2985 3186 3410 3375 3279 3276 3515 3699 3855 4003 4056 4045 4052 4172 4139 5225 7726 9559 10703 10790 10668 10591 9897 9237 9402 9504 9948 9704 8988 8544 8640 8703 8743 8981 8808 8198 7586 6917 7712 9064 9158 9411 9496 9446 9314 8573 8211 8749 9341 9389 8766 7928 6717 6521 7012 7386 7082 6112 5423 5563 5853 6390 6247 5689 5423 5209 5115 4905 4847 4982 4941
1357 1418 1465 1533 1631 1784 1936 2001 1960 2154 2516 2767 2861 2921 3082 3265 3213 3255 3356 3430 3494 3745 3878 3880 3994 3997 4098 4377 4988 6895 8936 10169 10383 10191 10352 10555 10387 9995 9737 10132 10365 10146 9929 10038 9806 9218 9059 9065 8419 7670 7313 7868 9596 10424 10326 10215 9925 9714 9457 9167 9524 10139 10318 10305 9187 7382 7052 7010 6665 5780 5494 5723 5911 5329 5282 4544 3927 4388 4719 4874 4932 4916 4989 5011
1341 1425 1486 1600 1768 1907 1930 1861 1882 2081 2381 2690 2843 2900 2948 3162 3345 3267 3333 3379 3400 3692 3891 3960 4126 4041 4028 4233 4516 5357 7274 9133 9766 9835 10145 10790 10943 10189 9304 9134 9402 10099 10252 9920 9661 9364 9220 9368 8921 8254 7945 8176 9988 10848 10008 9698 9579 9554 9546 9460 9487 9732 9503 8856 8252 7575 7062 6106 5376 5284 6039 6563 6710 6071 5638 4705 3706 3678 4213 4850 5171 5104 5013 5450
1310 1398 1458 1585 1784 1916 1869 1784 1820 2026 2189 2467 2743 2884 2923 2976 3169 3249 3343 3495 3643 3796 3873 3969 4105 4030 4025 4126 4229 4324 5577 8108 9625 9795 10229 11036 11592 11089 10090 8998 8595 9231 9748 9461 9161 9104 8822 8690 8422 8215 7880 7968 9238 10221 10014 9377 9218 9408 9671 9624 9039 7919 7035 6507 6239 6026 5460 4722 4691 5533 6425 6839 7351 7380 6850 5984 4866 4415 4755 5085 5222 5260 5368 5576
1304 1360 1416 1496 1637 1731 1732 1736 1841 1974 2082 2255 2579 2829 2866 2802 3027 3287 3268 3298 3446 3626 3720 3724 3858 3971 3992 4036 4163 4492 5238 7292 9456 10096 10699 10960 10889 10759 10863 9835 8821 9100 9357 9181 8778 8646 7787 7967 8624 8495 7959 7217 7522 8166 8756 9059 9237 9372 9460 9312 8664 7354 6701 6612 5966 5618 5157 4476 4028 4366 5562 6800 7645 8287 8272 7977 7338 6719 6035 5452 5212 5326 5533 5389
1293 1353 1381 1404 1467 1527 1560 1630 1815 1989 2074 2181 2439 2719 2834 2844 3077 3213 3170 3159 3288 3472 3605 3683 3882 4048 4022 3952 4036 4288 4785 6192 8456 10110 10808 11071 10979 10856 10890 10041 8800 8535 8782 9145 9000 8586 7820 8044 8927 8828 8614 7572 6275 6058 7465 8982 9398 9260 9207 9100 9032 8727 8372 8115 7545 7137 6564 5328 4432 4678 5340 6745 8295 9686 10413 10188 9394 8764 7211 5986 5688 5485 5611 5633
1236 1293 1319 1342 1408 1463 1430 1528 1769 1977 2087 2169 2314 2519 2775 2980 3204 3225 3120 3158 3344 3500 3595 3683 3849 4051 4139 4117 4075 4138 4443 5358 7273 9489 10601 11116 11511 11407 10843 10197 9122 8443 8585 9124 9262 9049 8883 8662 8793 8922 8857 8201 6155 5568 7413 9328 9669 9003 8936 8808 8430 8281 8544 8909 8856 8374 7868 6716 6018 6305 6205 6399 7890 9749 10842 10371 9551 9296 7986 6334 5631 5496 5463 5504
1201 1248 1266 1281 1364 1447 1370 1445 1699 1904 2001 2051 2173 2342 2656 2896 2995 3041 3065 3161 3288 3309 3378 3527 3712 3922 4095 4055 3897 4117 4273 5225 6706 8711 10324 11052 11357 11644 11251 10587 10143 9161 8513 8583 8899 9185 9424 9336 9462 9439 9120 8636 7084 5909 7040 8424 8939 8664 8589 8595 8046 7965 8216 8303 8381 8211 7931 7437 7292 7287 7045 6568 6915 7986 8903 8801 8552 8080 7057 5884 5232 5120 5016 4678
1201 1267 1284 1312 1342 1387 1349 1442 1603 1717 1759 1854 2024 2278 2515 2793 2870 2902 3009 3272 3378 3267 3267 3385 3696 3956 3912 3879 3829 4016 4102 4981 6943 8775 10237 11030 11261 11387 11231 11038 10786 9383 8084 7625 8029 8358 8943 9278 9131 8931 8951 8727 7913 6857 6604 7342 7971 8495 8850 8998 8841 8528 8151 7388 6980 6951 7356 7524 7707 7603 7329 7108 6780 6239 5998 5808 6111 6009 5585 5631 5593 5520 5267 4666
1251 1266 1190 1211 1275 1304 1370 1505 1506 1470 1530 1701 1927 2171 2400 2709 2882 2877 2944 3160 3279 3292 3358 3310 3497 3715 3623 3950 3955 3920 4344 4821 6880 9123 10446 11209 11352 11246 11086 10905 10351 9263 8581 7878 7574 7702 7942 8143 7968 8022 8822 8783 8106 7866 7071 6927 7408 7616 8414 9194 9262 8457 7620 7480 7769 7512 8142 8478 8154 7848 7655 7711 7418 6277 4449 3657 4117 4970 5666 6258 6818 6797 6464 6121
1268 1205 1174 1210 1291 1327 1321 1399 1455 1367 1442 1648 1858 2107 2309 2499 2713 2837 2942 3054 3052 3238 3389 3317 3414 3525 3618 3881 4027 3960 4286 4453 6068 8531 9937 10890 11457 11505 11301 11193 10763 10033 9617 9267 8716 8042 7517 7625 7635 7727 8548 8900 8645 8466 7625 7096 7511 7957 8375 8517 8331 8115 8439 9596 10394 9717 9633 9743 9202 8784 8188 7663 7241 6665 4911 3546 3823 4601 5865 6573 6858 6977 7108 7158
1208 1161 1328 1363 1283 1310 1242 1315 1480 1371 1445 1610 1734 1983 2189 2387 2615 2816 2992 3073 3052 3300 3395 3328 3454 3606 3715 3835 3908 3787 3908 4616 5192 7266 9425 10506 11131 11342 11301 11382 11494 10667 9483 9131 9045 8758 8307 8319 8119 8145 8569 8787 8941 8394 7765 7501 8464 9371 9064 8511 8214 8701 9622 10782 11461 11425 11419 11357 10622 9726 9115 8574 8033 7363 5894 4499 4392 5133 6185 5858 5251 5713 6544 7267
1147 1144 1352 1338 1251 1312 1261 1328 1386 1304 1481 1509 1534 1818 2050 2257 2525 2741 2903 2858 2871 3223 3249 3201 3357 3555 3600 3591 3639 3796 3953 4364 4802 6437 8974 10554 10798 11273 11529 11545 11583 10994 9991 9446 9256 9362 9150 8716 8484 8340 8117 8039 8625 8312 7811 8110 9080 10076 10155 9835 9552 9721 9892 10240 10710 11127 11567 11937 11141 10176 9936 9536 8491 7373 6314 5666 5486 5875 6270 5513 4833 5426 6384 7100
1146 1130 1254 1274 1285 1300 1264 1315 1255 1268 1483 1466 1534 1744 1881 2048 2351 2664 2773 2775 2844 3100 3086 3216 3370 3445 3427 3518 3709 3850 3844 4052 4830 6078 8400 10377 10914 11337 11724 11751 11496 11173 10372 9522 9258 9347 9265 8832 8487 8216 7603 7444 8181 8240 8273 8635 9209 10043 10595 10793 10746 10864 10908 10578 10292 10104 10543 11212 11303 10584 9698 9065 8202 7424 7139 6965 6533 6147 6224 6016 5983 6604 7298 7405
1182 1129 1190 1289 1286 1268 1262 1295 1209 1303 1478 1410 1466 1565 1674 1863 2234 2531 2659 2808 2944 2995 2985 3122 3228 3322 3468 3606 3730 3769 3724 3918 4472 5967 8039 9959 10848 11117 11582 11987 11854 11145 9851 8698 8608 9129 9635 9305 8766 8565 8269 7942 8177 8489 9110 9419 9536 9795 10073 10477 10805 10845 10883 10693 10391 9942 10011 10239 10198 9844 8826 8182 8191 8114 7993 7589 7038 6187 6371 7265 7597 7859 7985 7987
1169 1193 1244 1268 1200 1187 1262 1313 1250 1352 1389 1295 1344 1422 1571 1796 2044 2293 2521 2726 2930 2971 2971 3053 3144 3255 3438 3565 3635 3656 3739 4014 4118 5293 7524 9148 10275 10652 11067 11611 11803 10712 9040 7939 8105 9222 9900 9846 9429 9237 9191 8591 8285 8709 9398 9944 9568 9401 9814 10141 10258 10089 10230 10174 9651 9075 9089 9238 9210 9172 9028 8559 8311 8194 7951 7710 7363 6834 6719 7485 8052 8334 8570 8829
1141 1268 1290 1207 1127 1164 1295 1352 1302 1353 1272 1201 1301 1416 1522 1696 1909 2068 2380 2709 2880 2922 2980 3143 3297 3279 3356 3492 3522 3675 3708 3834 4012 4523 6570 8791 9980 10208 10305 10755 11046 10157 8553 7901 8249 8738 9196 9564 10027 9968 9347 8639 8292 8502 8909 9318 8959 9080 9965 9898 9850 9906 9958 9713 9291 9104 9361 9671 9674 9383 9238 8791 8082 7633 7260 7422 7588 7307 6702 6778 7815 8612 9047 9144
1128 1268 1251 1159 1134 1232 1338 1389 1359 1324 1226 1226 1323 1431 1459 1586 1795 1983 2235 2584 2781 2820 2946 3128 3232 3135 3278 3409 3491 3722 3730 3746 4052 4220 5531 7552 8701 9338 9885 10456 10743 10212 9177 8487 8351 7749 7433 8071 9155 9605 9360 8738 8373 8069 7791 7910 8206 8792 9760 9976 10148 10341 10150 9588 9176 9697 10405 10596 10328 9981 9572 8924 8176 7586 7312 7447 7662 7344 6795 6512 6962 7696 8057 8260
1122 1234 1196 1151 1174 1267 1349 1375 1360 1305 1257 1337 1405 1425 1414 1498 1630 1815 2054 2395 2652 2776 2909 3064 3087 3062 3277 3316 3418 3685 3790 3722 3763 3945 4450 5491 7080 8687 10129 10856 11047 10886 10245 9147 8448 7513 6947 7028 7698 8359 9053 9009 8485 8201 7261 6500 6529 7292 8505 9696 10448 10565 10277 9697 9056 9420 10047 10076 10008 10297 10145 9205 8596 8175 8148 8081 7805 7388 6912 6672 6471 6201 6023 5915
1172 1189 1169 1147 1204 1226 1238 1275 1313 1300 1343 1462 1451 1417 1428 1470 1473 1627 1953 2242 2530 2734 2883 2960 3043 3174 3354 3273 3314 3551 3697 3643 3663 3787 3940 4327 6233 8478 9699 10551 11188 11496 11240 9970 8584 8023 8297 7714 6945 6993 8303 9024 8953 8772 7648 6425 5992 6343 6666 7666 9057 10069 10415 9830 8945 8806 8919 9052 9423 10106 10539 9951 9140 9081 9199 8839 8089 7790 7594 7311 6829 6198 5320 4242
1164 1159 1191 1238 1260 1228 1175 1185 1232 1263 1380 1472 1422 1422 1440 1445 1406 1524 1872 2199 2379 2643 2793 2842 2999 3157 3277 3260 3294 3425 3541 3507 3665 3810 3921 4199 5545 7751 9145 9743 10717 11471 11355 10473 9249 8944 9246 8548 7207 6670 7706 8524 9421 9497 8532 7751 7229 6596 5637 5953 8060 9985 10260 9685 8567 8089 8207 8701 9387 9963 9813 9145 8802 9478 9873 9475 8676 8452 8033 7592 7141 6700 5937 4402
1110 1158 1207 1259 1288 1310 1296 1271 1274 1282 1361 1386 1326 1347 1415 1408 1397 1516 1794 2096 2284 2534 2654 2718 2908 2961 3126 3296 3362 3410 3423 3462 3625 3850 4001 4274 4907 6767 8681 9509 10049 11118 11630 11182 10503 10047 9779 8824 7827 6992 7100 7511 8407 8716 8353 8276 8216 7740 6962 7015 8438 9922 9973 9732 8591 7716 7960 8590 9226 9060 8234 7629 7855 8681 9420 9573 9151 8496 7787 7128 7033 7186 7041 5405
1153 1194 1192 1203 1244 1275 1275 1282 1299 1317 1337 1342 1370 1409 1416 1366 1364 1522 1748 2006 2248 2487 2620 2722 2841 2849 3070 3304 3388 3403 3420 3419 3520 3690 3923 4101 4600 6200 8371 9614 10064 11061 12102 12104 11463 10793 9791 8588 7698 7374 7475 7580 7640 7304 7333 8004 8628 8814 8968 9035 9001 9258 9216 8969 8071 7281 7486 8056 8576 8107 7396 7214 7775 8691 9204 9324 9252 8449 7404 6694 6663 7574 8113 7646
1215 1208 1180 1175 1205 1214 1195 1201 1240 1297 1308 1280 1415 1501 1448 1422 1412 1582 1812 1983 2266 2542 2674 2693 2790 2943 3108 3225 3312 3377 3418 3444 3526 3696 3892 3988 4461 5627 7073 8970 10260 11040 11908 12352 11881 10961 10051 8723 7442 7116 7619 8068 7991 7401 7139 7552 8100 8429 9280 9878 9544 9179 8741 7866 6765 6318 6866 7815 8218 7477 7121 7734 8698 9407 9458 9382 9470 9061 7995 7128 6880 7688 8888 9030
1224 1203 1175 1169 1191 1187 1158 1163 1195 1266 1253 1200 1333 1421 1425 1470 1450 1632 1910 2015 2215 2456 2608 2588 2703 2933 3092 3135 3270 3312 3353 3471 3618 3806 3920 3884 4080 4811 5792 7870 9749 10688 11336 11796 11666 11018 10532 9592 8587 8072 8110 8030 7959 7883 7668 7347 7547 8200 9276 10198 10037 9592 9169 8022 7117 7606 8167 8435 8205 7251 7439 8781 9708 9886 9593 9396 9720 9864 9209 7971 7202 6967 7581 7769
1225 1193 1175 1190 1207 1192 1141 1126 1166 1242 1224 1214 1337 1366 1415 1457 1445 1641 1888 2032 2168 2266 2530 2725 2774 2930 3081 3183 3399 3329 3322 3581 3667 3805 3914 3851 3994 4292 5449 7341 9056 9986 10528 10941 11184 10741 10221 10118 9874 9777 9423 9097 8968 8929 8603 8000 7796 8194 8623 9147 9607 9659 9478 9309 9761 10322 10002 8876 7925 7727 8426 9413 9983 9820 9702 9667 9914 10109 10021 9186 7927 6935 6226 6225
1209 1197 1195 1215 1220 1192 1137 1119 1173 1235 1236 1262 1333 1331 1415 1422 1424 1544 1687 1900 2118 2199 2498 2774 2836 2954 3096 3182 3261 3288 3391 3603 3628 3548 3689 3886 4026 4124 4870 6497 8139 9419 10107 10570 10749 10671 10428 10340 9775 10238 10402 9655 9555 9497 9435 9079 9070 8625 7931 7756 8092 8920 9820 10543 11469 11227 10013 8604 7609 8274 9321 9491 9672 9691 9783 9807 9767 10024 10498 10208 9348 8202 7192 6479
1181 1213 1210 1223 1220 1186 1157 1148 1174 1235 1268 1302 1298 1307 1406 1360 1320 1387 1443 1678 1954 2130 2442 2725 2848 2947 3049 3064 3103 3292 3362 3519 3571 3459 3551 3748 3868 4082 4177 5328 7390 9024 10298 10479 10427 10925 11122 10721 10244 10364 10385 9635 9555 9341 9720 10108 9992 9327 8252 7803 8088 8828 9610 10111 11296 11195 9380 7893 7677 8358 9456 9661 9649 9657 9624 9499 9485 9768 10265 10294 10130 9160 7736 6465
1197 1219 1205 1199 1189 1187 1184 1171 1158 1228 1303 1301 1257 1295 1371 1312 1288 1298 1348 1528 1741 2046 2379 2662 2845 2935 2994 3018 3091 3191 3204 3374 3522 3508 3433 3545 3688 3828 3824 4426 6272 8160 9684 10307 10471 10975 11168 10319 9302 9046 9631 9868 9740 9717 9747 9883 9763 9830 9613 8681 8172 8300 8615 9382 10135 9576 8304 7738 8392 9057 9632 9862 9857 9812 9852 9755 9530 9374 9768 9997 9855 8876 7315 5932
1238 1241 1204 1172 1163 1198 1217 1206 1171 1229 1297 1277 1209 1267 1341 1319 1338 1312 1360 1511 1631 1916 2304 2556 2717 2833 2952 3032 3154 3185 3175 3318 3448 3483 3469 3522 3511 3549 3784 4110 5257 7253 8914 10021 10490 10688 10692 9686 8554 8138 8265 8086 8255 8668 8349 8934 9314 9375 9709 8995 7327 6864 7164 7622 8029 7889 7940 8076 8828 9697 9780 9868 10208 10314 10478 10228 9674 9326 9876 10221 9493 8166 7201 6679
1201 1236 1200 1180 1182 1212 1272 1257 1198 1205 1271 1248 1191 1269 1317 1326 1357 1318 1388 1534 1615 1861 2211 2462 2583 2726 2882 3029 3154 3220 3247 3340 3464 3538 3558 3560 3483 3496 3618 3808 4431 6384 8440 9588 9938 10074 10130 9616 9334 9048 8496 7797 7468 7191 6777 7720 8614 8903 9035 9017 7626 6229 6137 6067 6956 7913 8235 8885 9534 10080 9958 9832 10150 10445 10456 10284 9820 9565 9885 10269 9615 8476 7859 7544
