test/g2lab/icchange/view/histogram/change-07_b4.txt
ncols         411
nrows         508
xllcorner     532720
yllcorner     5948510
cellsize      5
NODATA_value  -9999
[rows 456 to 493 of 508, columns 84 to 167 of 411]
1809 1915 1992 1959 1847 1781 1706 1762 1834 1783 1781 1847 1896 1922 1886 1797 1763 1780 1830 1861 1814 1735 1660 1610 1607 1618 1641 1711 1819 1935 2047 2082 2076 2066 2027 1969 1916 1903 1938 1939 1901 1939 2073 2082 1917 1900 1955 1940 2080 2087 2010 2011 2079 2123 2101 2099 2015 1910 1879 1866 1835 1823 1832 1782 1791 1846 1850 1798 1772 1791 1754 1698 1616 1479 1326 1317 1357 1389 1430 1498 1531 1471 1396 1287
1813 1809 1808 1808 1807 1813 1802 1911 1955 1861 1831 1818 1827 1818 1806 1771 1771 1806 1834 1872 1871 1827 1760 1691 1648 1640 1642 1724 1843 1910 1992 2019 1972 1939 1915 1948 1997 2038 2041 2034 2033 1974 2013 2059 1949 2026 1965 1909 2124 2099 2042 2088 2133 2147 2123 2058 1971 1912 1889 1880 1827 1763 1760 1789 1829 1840 1819 1816 1806 1815 1793 1749 1666 1523 1374 1370 1402 1422 1429 1444 1469 1482 1463 1370
1827 1866 1825 1781 1788 1834 1851 1881 1840 1834 1894 1897 1843 1824 1803 1790 1785 1810 1837 1849 1864 1854 1806 1741 1699 1690 1679 1749 1852 1906 1901 1945 1971 1951 1902 1953 2079 2142 2112 2017 2007 2043 2035 1999 1997 2118 2043 2020 2150 2042 2028 2109 2135 2041 2056 2036 1936 1926 1976 1945 1834 1747 1743 1792 1807 1765 1787 1826 1811 1844 1820 1743 1689 1637 1549 1478 1452 1435 1396 1358 1335 1406 1534 1575
1830 1872 1842 1781 1752 1764 1772 1764 1767 1841 2040 2116 1971 1876 1853 1820 1797 1767 1767 1761 1790 1830 1812 1776 1746 1738 1750 1798 1862 1909 1924 2003 2113 2104 2029 2001 2054 2109 2092 1992 2026 2135 2089 2044 2060 2144 2091 2077 2058 1991 2007 2113 2086 1924 2025 2134 2029 1902 1889 1904 1827 1742 1706 1736 1726 1674 1778 1822 1783 1830 1774 1704 1672 1605 1541 1459 1421 1410 1413 1387 1349 1361 1466 1543
1881 1871 1821 1759 1737 1749 1710 1750 1867 1849 1987 2088 1946 1924 1844 1800 1849 1757 1684 1714 1769 1815 1831 1791 1775 1776 1812 1861 1877 1967 2051 2087 2162 2179 2094 2024 1993 2031 2076 2077 2030 2093 2129 2124 2110 2117 2089 2042 2027 2058 2131 2186 2065 1942 2031 2136 2050 1848 1773 1808 1803 1731 1708 1684 1656 1643 1796 1811 1771 1786 1708 1693 1638 1517 1477 1451 1433 1435 1467 1488 1454 1400 1385 1441
1902 1849 1788 1737 1743 1780 1775 1850 1915 1834 1900 1952 1910 1920 1774 1733 1811 1735 1684 1785 1887 1805 1789 1812 1813 1799 1847 1900 1921 2012 2081 2081 2109 2117 2092 2055 2039 2029 2087 2096 1946 2004 2155 2201 2134 2111 2095 2056 2079 2198 2274 2228 2055 1962 2046 2109 2045 1950 1926 1936 1897 1824 1755 1647 1652 1694 1740 1696 1738 1750 1650 1688 1627 1516 1524 1547 1541 1498 1475 1473 1482 1473 1455 1432
1869 1804 1740 1701 1747 1841 1886 1932 1888 1801 1853 1922 1949 1892 1716 1682 1765 1771 1766 1883 1905 1737 1762 1862 1868 1796 1867 1942 1954 1959 2033 2092 2090 2071 2095 2134 2117 2046 2000 1999 1963 2088 2205 2201 2128 2138 2137 2114 2148 2202 2243 2184 2061 2026 2079 2106 2050 1999 2015 2020 1963 1896 1764 1617 1613 1648 1609 1540 1550 1614 1637 1668 1604 1504 1465 1483 1512 1500 1432 1373 1391 1463 1498 1461
1835 1808 1749 1724 1763 1858 1903 1884 1824 1787 1857 1923 1983 1883 1724 1730 1824 1858 1847 1876 1801 1722 1790 1877 1854 1810 1931 1985 2030 2045 2054 2126 2153 2107 2092 2114 2098 2006 1902 1965 2109 2191 2168 2131 2097 2117 2191 2201 2140 2092 2124 2110 2063 2083 2106 2104 2056 2022 2012 1976 1905 1857 1727 1605 1592 1608 1626 1607 1602 1641 1645 1576 1495 1444 1411 1407 1439 1518 1528 1457 1416 1400 1445 1460
1821 1849 1825 1789 1793 1866 1862 1795 1808 1791 1839 1911 1933 1872 1779 1800 1899 1915 1828 1790 1742 1735 1811 1858 1846 1897 1992 2002 2049 2072 2064 2106 2144 2160 2148 2112 2070 2008 1944 2019 2171 2162 2076 2110 2061 2095 2249 2248 2150 2064 2036 2040 2072 2109 2125 2133 2090 2029 1992 1918 1840 1796 1737 1686 1659 1644 1636 1630 1644 1663 1579 1500 1461 1441 1439 1468 1503 1535 1547 1506 1463 1394 1422 1450
1857 1887 1866 1830 1827 1866 1812 1789 1844 1823 1850 1866 1833 1844 1806 1822 1889 1868 1771 1733 1730 1783 1830 1856 1879 2001 2051 2006 2033 2038 2064 2123 2156 2204 2225 2193 2145 2130 2064 1992 2084 2056 2012 2210 2116 2164 2301 2224 2179 2095 2036 2051 2099 2135 2128 2126 2089 2038 2014 1940 1886 1839 1789 1744 1705 1642 1582 1523 1534 1580 1536 1486 1468 1459 1474 1508 1547 1546 1507 1458 1425 1406 1472 1453
1865 1884 1846 1820 1825 1830 1790 1817 1860 1830 1871 1825 1799 1855 1818 1774 1796 1818 1729 1726 1806 1851 1831 1848 1945 2087 2071 2022 2086 2092 2118 2146 2148 2172 2198 2186 2150 2178 2079 1942 2010 2046 2095 2241 2161 2274 2302 2103 2128 2124 2107 2117 2116 2100 2073 2065 2039 1994 1972 1956 1947 1886 1750 1652 1607 1581 1533 1486 1489 1528 1527 1515 1478 1452 1463 1477 1514 1530 1524 1507 1499 1500 1514 1457
1759 1767 1858 1820 1786 1771 1741 1782 1788 1810 1892 1820 1813 1857 1792 1735 1762 1807 1743 1818 1898 1865 1815 1838 1973 2079 2044 2041 2112 2144 2151 2123 2109 2147 2164 2143 2098 2084 2090 2083 2137 2175 2151 2135 2144 2176 2152 2054 2091 2124 2157 2152 2103 2048 2029 2023 1986 1907 1894 1905 1861 1859 1749 1607 1551 1586 1598 1544 1502 1482 1520 1552 1545 1520 1492 1467 1461 1443 1429 1451 1488 1493 1468 1455
1729 1769 1875 1814 1741 1744 1789 1803 1732 1812 1904 1781 1831 1841 1780 1786 1789 1811 1817 1905 1913 1847 1793 1815 1915 2002 1994 2003 2060 2118 2121 2085 2072 2110 2140 2130 2068 2046 2132 2197 2225 2218 2199 2193 2179 2131 2133 2135 2138 2150 2197 2168 2074 2022 2042 2032 1947 1861 1868 1817 1758 1852 1829 1695 1605 1621 1621 1568 1515 1492 1488 1531 1530 1541 1527 1495 1467 1423 1397 1416 1435 1407 1411 1440
1815 1759 1817 1839 1770 1774 1866 1864 1732 1731 1798 1777 1838 1825 1812 1873 1821 1804 1866 1934 1866 1797 1777 1804 1841 1930 1955 1961 1993 2065 2104 2078 2075 2140 2190 2159 2103 2101 2174 2183 2182 2189 2204 2243 2249 2214 2179 2131 2147 2180 2194 2166 2026 1918 1929 1997 1978 1904 1916 1818 1782 1891 1853 1736 1636 1628 1554 1507 1544 1596 1490 1458 1481 1498 1495 1478 1467 1466 1474 1496 1483 1390 1383 1440
1817 1702 1793 1879 1820 1768 1848 1853 1759 1743 1803 1832 1818 1863 1898 1886 1807 1814 1874 1876 1754 1772 1808 1810 1792 1893 1972 1977 1987 2065 2132 2141 2154 2208 2246 2225 2209 2198 2190 2170 2147 2149 2192 2247 2278 2257 2215 2168 2181 2186 2164 2162 2044 1911 1902 1985 2027 1943 1878 1864 1854 1845 1760 1674 1662 1619 1489 1441 1587 1685 1541 1491 1490 1458 1431 1422 1453 1504 1538 1573 1531 1436 1420 1450
1783 1669 1773 1854 1809 1739 1821 1802 1779 1835 1896 1864 1840 1899 1873 1824 1822 1896 1933 1842 1738 1799 1843 1778 1776 1970 2012 1980 1982 2050 2142 2195 2211 2221 2232 2230 2241 2244 2240 2216 2172 2130 2160 2226 2268 2257 2201 2179 2213 2175 2143 2142 2086 2012 1962 1971 1985 1936 1864 1879 1819 1766 1700 1652 1664 1623 1486 1411 1519 1621 1564 1571 1555 1494 1434 1422 1436 1469 1497 1539 1539 1483 1449 1458
1774 1688 1714 1783 1798 1783 1820 1739 1740 1834 1896 1856 1837 1838 1799 1839 1859 1869 1854 1823 1776 1793 1820 1796 1835 1999 1985 1904 1891 1979 2088 2171 2177 2162 2152 2169 2195 2222 2233 2221 2178 2129 2158 2224 2238 2213 2149 2170 2226 2183 2160 2144 2096 2043 1950 1896 1903 1929 1882 1815 1775 1737 1711 1668 1623 1535 1475 1468 1522 1498 1484 1491 1494 1458 1435 1460 1469 1492 1491 1477 1507 1482 1440 1444
1839 1701 1657 1772 1849 1896 1833 1719 1731 1805 1835 1797 1819 1790 1803 1959 1999 1916 1780 1697 1729 1832 1897 1925 1817 1828 1913 1903 1867 1924 2034 2124 2119 2092 2119 2184 2172 2166 2186 2196 2162 2127 2151 2196 2211 2187 2132 2188 2270 2234 2206 2133 2057 2000 1918 1858 1877 1913 1870 1779 1732 1714 1715 1705 1648 1544 1512 1580 1609 1463 1475 1511 1448 1400 1380 1408 1460 1496 1463 1446 1486 1462 1436 1431
1871 1706 1655 1796 1899 1947 1843 1730 1749 1798 1788 1774 1839 1839 1809 1930 2067 2138 2027 1875 1830 1890 1987 2006 1912 1854 1940 1977 1932 1940 1993 2027 2046 2096 2210 2330 2210 2158 2216 2202 2149 2113 2133 2172 2215 2209 2172 2207 2272 2260 2198 2084 2002 1982 1966 1923 1902 1916 1882 1800 1703 1663 1684 1689 1631 1552 1520 1549 1573 1505 1534 1532 1464 1432 1454 1458 1459 1457 1420 1422 1491 1467 1479 1471
1829 1708 1740 1817 1885 1921 1840 1787 1825 1848 1787 1791 1870 1899 1800 1778 1948 2079 2099 1968 1879 1853 1891 1924 1907 1912 1957 1968 1901 1929 1968 1992 2034 2137 2233 2301 2249 2230 2299 2264 2175 2119 2129 2172 2232 2285 2248 2184 2221 2236 2129 1986 1938 2005 2043 1996 1900 1911 1933 1848 1699 1593 1585 1590 1563 1521 1504 1521 1529 1508 1482 1457 1422 1446 1527 1521 1461 1473 1544 1495 1447 1452 1513 1525
1801 1806 1845 1811 1842 1865 1810 1844 1901 1865 1765 1769 1834 1885 1917 1859 1846 1876 1900 1885 1829 1804 1810 1825 1848 1894 1933 1891 1832 1883 1964 2032 2102 2195 2218 2264 2318 2196 2190 2232 2209 2168 2136 2168 2249 2358 2277 2144 2178 2176 2059 1927 1930 2001 2049 1979 1860 1911 1959 1842 1723 1584 1524 1530 1507 1503 1526 1540 1471 1415 1414 1427 1429 1481 1540 1534 1476 1444 1516 1520 1417 1367 1418 1485
1777 1855 1860 1769 1794 1802 1778 1848 1913 1845 1728 1751 1763 1866 2032 1977 1836 1749 1767 1835 1895 1892 1866 1829 1847 1895 1911 1834 1778 1828 1906 1983 2096 2197 2201 2323 2354 2219 2177 2218 2247 2213 2206 2252 2298 2318 2245 2147 2146 2144 2086 1990 1960 1991 2013 1938 1844 1883 1902 1812 1735 1637 1574 1549 1515 1524 1581 1564 1438 1365 1421 1499 1510 1491 1526 1552 1525 1437 1445 1545 1491 1420 1438 1499
1740 1767 1821 1795 1799 1737 1767 1878 1950 1843 1750 1790 1805 1759 1810 1871 1879 1840 1841 1891 1943 1955 1901 1843 1847 1913 1932 1854 1808 1831 1877 1901 2025 2108 2120 2321 2408 2313 2255 2223 2211 2200 2229 2289 2263 2189 2143 2135 2180 2191 2152 2089 2021 1981 1967 1953 1850 1810 1810 1785 1736 1682 1637 1576 1530 1542 1573 1568 1471 1418 1502 1592 1545 1445 1441 1541 1593 1538 1436 1435 1438 1431 1460 1522
1810 1779 1808 1819 1767 1678 1762 1871 1868 1852 1821 1890 1910 1791 1690 1742 1800 1839 1857 1868 1857 1859 1800 1745 1776 1897 1962 1920 1912 1906 1898 1899 1999 2031 2064 2253 2376 2350 2254 2212 2205 2194 2187 2206 2193 2182 2193 2166 2210 2185 2078 2016 1993 1982 1971 2017 1885 1735 1779 1790 1748 1690 1659 1593 1531 1517 1510 1557 1523 1466 1519 1578 1509 1387 1372 1519 1639 1589 1439 1396 1446 1431 1415 1458
1767 1700 1772 1749 1706 1685 1751 1771 1774 1880 1844 1860 1919 1918 1850 1754 1725 1764 1821 1821 1788 1785 1736 1685 1724 1853 1912 1916 1949 1952 1931 1966 2048 2046 2029 2152 2303 2312 2208 2168 2217 2198 2158 2160 2161 2294 2297 2142 2133 2086 1980 1920 1952 2013 2000 1970 1893 1808 1825 1817 1774 1709 1650 1595 1532 1475 1456 1524 1507 1434 1451 1484 1455 1397 1417 1507 1590 1549 1453 1477 1543 1518 1470 1477
1672 1634 1784 1721 1736 1753 1706 1762 1766 1801 1780 1788 1807 1809 1810 1822 1780 1769 1827 1887 1882 1852 1792 1731 1747 1823 1834 1864 1902 1912 1895 1976 2077 2072 2008 2116 2282 2267 2167 2150 2212 2173 2125 2152 2227 2358 2283 2108 2079 2055 2000 1946 1939 1964 1949 1929 1990 1939 1857 1793 1741 1702 1647 1583 1544 1506 1461 1460 1475 1418 1401 1436 1483 1508 1507 1527 1526 1463 1451 1541 1597 1573 1513 1507
1702 1701 1805 1725 1805 1769 1697 1796 1721 1726 1803 1808 1799 1788 1804 1893 1878 1806 1823 1885 1893 1868 1836 1805 1845 1875 1807 1820 1856 1856 1840 1940 2026 2028 2034 2167 2304 2268 2189 2171 2186 2134 2086 2171 2263 2291 2203 2085 2082 2100 2075 2024 1997 1985 1982 2013 2051 1972 1837 1705 1659 1673 1661 1619 1584 1551 1476 1457 1545 1521 1464 1498 1575 1592 1571 1524 1484 1415 1414 1516 1566 1536 1467 1449
1856 1813 1809 1783 1803 1756 1763 1845 1724 1791 1878 1837 1770 1748 1804 1864 1824 1787 1799 1837 1785 1772 1836 1893 1843 1817 1806 1817 1840 1858 1856 1921 1947 1983 2079 2188 2307 2303 2238 2223 2185 2110 2075 2151 2175 2120 2105 2107 2098 2114 2137 2147 2130 2100 2089 2028 1977 1893 1788 1663 1604 1602 1592 1591 1562 1522 1528 1531 1572 1565 1534 1563 1618 1576 1506 1492 1506 1491 1483 1514 1512 1467 1413 1382
1924 1863 1870 1822 1789 1819 1839 1859 1814 1853 1901 1822 1730 1731 1824 1865 1798 1779 1794 1803 1767 1755 1851 1897 1750 1730 1856 1911 1828 1782 1865 1951 1939 1930 2003 2112 2269 2305 2234 2208 2183 2135 2098 2118 2098 2089 2132 2139 2065 2039 2111 2182 2225 2178 2103 1953 1867 1832 1773 1704 1677 1654 1600 1567 1517 1510 1581 1573 1541 1537 1536 1569 1610 1564 1485 1493 1573 1583 1539 1492 1481 1471 1467 1436
1846 1912 1941 1841 1817 1908 1832 1882 1872 1827 1833 1794 1739 1757 1839 1858 1799 1789 1811 1794 1769 1788 1840 1868 1820 1828 1966 1977 1790 1683 1812 1954 1923 1871 1890 2039 2191 2239 2164 2132 2169 2185 2138 2126 2177 2205 2206 2146 2015 1945 2041 2169 2221 2159 2038 1930 1870 1829 1796 1784 1814 1779 1684 1620 1514 1529 1613 1577 1565 1578 1597 1612 1649 1656 1584 1500 1540 1581 1527 1458 1419 1435 1468 1465
1799 1938 1925 1848 1867 1892 1813 1930 1895 1755 1758 1806 1780 1791 1874 1850 1810 1817 1860 1836 1832 1855 1832 1839 1864 1919 1999 1963 1846 1811 1921 1933 1885 1892 1900 2012 2132 2157 2103 2076 2159 2236 2167 2165 2258 2248 2251 2156 2017 1969 2067 2211 2228 2129 2018 1967 1906 1835 1780 1776 1808 1785 1713 1647 1568 1599 1621 1565 1565 1602 1650 1672 1677 1680 1639 1555 1494 1519 1537 1513 1475 1448 1444 1432
1788 1828 1840 1859 1832 1841 1846 1941 1883 1753 1750 1840 1813 1831 1888 1829 1826 1870 1902 1875 1902 1881 1812 1828 1852 1902 1947 1918 1901 1963 2031 1862 1888 2022 1996 2032 2093 2120 2110 2094 2149 2211 2146 2174 2193 2153 2191 2164 2085 2068 2137 2248 2232 2118 1988 1915 1884 1842 1767 1707 1690 1676 1686 1693 1678 1676 1620 1563 1579 1625 1666 1653 1628 1645 1656 1606 1500 1472 1496 1500 1484 1455 1474 1515
1754 1759 1829 1827 1723 1806 1847 1872 1887 1810 1804 1866 1811 1836 1857 1825 1831 1890 1900 1871 1922 1885 1802 1807 1786 1841 1881 1854 1888 2007 2014 1829 1888 2008 1997 2032 2059 2069 2073 2089 2142 2173 2158 2256 2223 2115 2126 2149 2140 2126 2162 2210 2183 2072 1946 1873 1882 1876 1830 1761 1678 1644 1687 1771 1768 1719 1652 1612 1635 1665 1671 1623 1570 1581 1619 1630 1590 1572 1575 1525 1449 1413 1443 1511
1777 1827 1856 1822 1739 1805 1787 1833 1923 1877 1845 1804 1772 1821 1812 1797 1829 1895 1872 1834 1878 1862 1827 1795 1764 1830 1851 1802 1801 1947 1980 1844 1850 1868 1917 1996 2040 2057 2077 2116 2188 2234 2253 2305 2263 2173 2106 2082 2136 2194 2187 2156 2071 2054 2036 1945 1916 1939 1934 1907 1788 1719 1760 1822 1795 1702 1662 1652 1692 1729 1714 1644 1581 1584 1621 1639 1649 1649 1658 1606 1512 1473 1491 1531
1828 1854 1857 1846 1813 1798 1804 1839 1886 1860 1828 1767 1725 1770 1752 1790 1865 1902 1847 1807 1842 1870 1882 1833 1829 1914 1909 1785 1750 1885 1942 1901 1853 1821 1877 1970 2023 2073 2111 2152 2194 2205 2258 2296 2275 2238 2170 2140 2195 2256 2257 2190 2094 2116 2134 2018 1953 1941 1955 1949 1859 1795 1822 1852 1780 1688 1652 1639 1670 1729 1730 1675 1649 1674 1691 1639 1613 1613 1613 1580 1531 1526 1572 1620
1819 1842 1843 1848 1854 1859 1865 1862 1828 1819 1855 1908 1886 1815 1759 1809 1922 1951 1868 1825 1856 1915 1923 1868 1892 1978 1958 1801 1727 1840 1913 1972 1937 1867 1879 1922 1993 2069 2115 2164 2173 2139 2254 2319 2297 2294 2255 2228 2239 2242 2212 2152 2105 2070 2086 2002 1911 1913 1939 1901 1817 1786 1819 1859 1826 1755 1683 1648 1651 1705 1717 1675 1685 1730 1713 1619 1584 1584 1577 1545 1535 1548 1571 1588
1800 1812 1832 1848 1870 1889 1888 1869 1813 1797 1858 1965 1966 1852 1763 1791 1846 1883 1860 1854 1855 1945 1979 1864 1851 1938 1946 1812 1761 1851 1928 1962 1943 1896 1905 1911 1957 2049 2118 2206 2211 2200 2333 2363 2332 2303 2251 2227 2237 2233 2204 2170 2084 1988 2039 2028 1964 1982 1999 1939 1877 1883 1834 1913 1954 1879 1811 1741 1707 1726 1718 1697 1710 1718 1692 1650 1630 1621 1602 1583 1587 1591 1585 1523
1814 1824 1848 1870 1882 1887 1870 1825 1780 1839 1929 1954 1904 1809 1768 1801 1810 1823 1842 1852 1864 1919 1916 1802 1779 1842 1891 1854 1872 1917 1919 1872 1862 1892 1938 1965 1984 2052 2153 2237 2276 2336 2426 2400 2346 2265 2192 2192 2204 2233 2256 2252 2158 2087 2135 2115 2110 2085 2012 1885 1890 1961 1882 1976 2024 1919 1873 1828 1797 1789 1780 1775 1733 1697 1679 1655 1666 1684 1662 1657 1686 1705 1680 1540
