test/g2lab/icchange/view/histogram/uncertainties.txt
ncols         411
nrows         508
xllcorner     532720
yllcorner     5948510
cellsize      5
NODATA_value  -9999
[rows 224 to 251 of 508, columns 252 to 314 of 411]
35,8573 16,48026 12,79704 17,43633 14,49954 5,272115 3,81368 5,00742 4,407604 4,113995 5,252411 6,764777 11,87355 12,04279 8,728795 11,12885 5,322771 6,156804 6,916202 9,132479 9,984038 12,7816 10,94024 6,118115 6,660287 14,90842 16,57664 12,33984 10,45973 19,79974 24,5096 27,98784 26,79943 30,47812 58,75348 26,02574 14,03971 12,97391 10,83159 9,986162 11,94384 18,09619 14,94057 13,877 21,08586 18,77884 10,59199 5,465232 4,827195 4,45416 4,72239 13,47295 14,25188 9,620327 7,108151 0,3763795 3,086875 5,594825 8,457908 16,36111 13,1613 16,34068 4,156972
10,32139 22,29149 40,57924 16,43903 6,900624 3,399449 4,689041 6,892189 4,962517 4,203417 10,42407 19,33861 21,33047 20,70221 12,68152 4,112864 5,199465 10,62236 11,75106 11,66626 14,80207 13,23571 17,60637 16,35266 37,50793 40,75613 38,5765 13,39348 11,56517 13,23986 11,38145 15,23562 17,93978 27,84008 51,85164 37,68261 18,67204 15,24703 13,14712 11,85737 18,84977 27,18132 19,83604 16,27199 16,38992 18,91547 14,5031 11,81324 9,774528 5,79421 7,234286 18,6621 27,9851 29,82892 19,55295 5,575363 3,995039 3,91605 2,903683 7,581904 13,06324 9,362527 8,447636
7,246829 5,075684 72,01277 10,80347 1,770127 2,560795 2,977363 2,564919 1,407078 2,504524 7,864307 11,06901 13,74732 13,54878 6,325195 6,878105 10,34779 26,45491 19,37771 10,02929 9,638292 16,82282 10,75084 28,50385 35,31685 37,24448 19,59276 26,00543 19,99162 11,356 17,35893 15,04141 16,71587 27,45202 52,27735 59,32798 32,98626 17,96189 13,45973 10,47844 13,92347 20,29472 19,15337 21,7864 15,77193 11,82897 11,3689 15,30543 12,75041 9,150971 7,018198 14,01079 33,35236 55,05151 37,26503 12,6689 4,100594 4,87626 3,823398 5,372671 7,209348 6,961854 13,47322
5,310025 6,580201 48,71951 16,40795 9,404274 9,895824 8,800479 7,756585 6,95885 6,036383 7,270261 8,937021 14,19023 16,48222 6,445251 12,36546 20,20739 35,06866 31,44441 11,9154 14,8617 37,36181 33,05627 25,80644 18,49023 14,38562 5,340263 5,61874 10,23205 35,17382 23,27193 15,0941 9,499619 14,93049 27,03407 55,2924 33,16802 15,66571 9,861378 17,60383 12,75183 11,41811 11,583 11,28464 13,07681 10,88751 8,360394 11,694 14,63554 10,79028 8,183797 6,860782 32,03525 48,8027 41,24583 11,81307 0,5113777 5,870143 3,423676 9,934013 13,17889 8,749863 10,74377
17,68559 13,26879 39,2426 23,59717 11,14776 13,30571 15,81167 16,09313 10,34177 11,64032 5,843516 8,579758 13,3302 11,72641 6,328691 8,439062 21,37258 33,82052 42,42116 27,52357 40,11596 51,65715 34,1731 15,06885 5,208861 5,180532 13,17078 0,5841274 2,148142 18,18874 16,55461 20,77731 12,04594 12,06867 28,84802 41,59566 17,56 13,60641 7,906039 14,62722 7,534229 9,916815 12,60597 11,99857 14,73412 13,24799 8,887109 9,116583 12,90218 15,93007 16,1594 11,5983 24,30659 55,09376 35,83531 11,11048 0,6157348 2,899766 4,215877 7,589451 15,36768 16,74755 16,96479
27,66337 9,870521 21,27098 29,19976 14,28806 12,10287 15,07968 16,28825 16,40154 14,0585 13,72843 14,21864 16,31312 10,74379 11,86216 19,78907 27,58243 33,34064 23,22072 16,73997 36,44307 76,38734 43,84272 18,32281 12,67176 4,510509 8,303219 3,529509 14,16528 27,81757 52,42674 31,46729 18,442 22,5751 49,01013 28,93547 20,23707 14,59532 20,86196 20,61566 8,302156 7,753433 14,63613 17,77053 17,76233 12,49913 13,14745 20,20663 24,85367 31,6911 17,72224 12,16644 20,18968 40,53148 48,34951 28,26936 6,814609 3,053798 4,14362 11,65625 15,82428 8,705133 5,559061
34,92844 16,16448 12,97664 37,75097 18,79667 10,39316 18,86507 28,13911 25,266 22,88076 20,8872 20,0019 17,36016 16,92862 27,12403 25,99312 34,86826 21,2266 12,21549 13,54938 20,32236 30,34198 59,40609 38,49657 31,38989 19,95643 15,00869 8,30327 15,11974 47,82159 58,28026 33,04388 33,63948 31,61574 48,74163 59,81402 55,96596 50,07649 38,87964 33,94012 13,56971 8,672052 11,41765 17,06954 19,42152 13,59718 16,21639 28,79286 36,65854 51,29607 25,20312 12,71441 16,23842 34,07621 54,45002 40,70575 14,80354 4,21565 2,518913 8,879797 11,86192 4,762234 3,428761
55,02747 24,51434 8,031412 16,97738 19,27033 6,522536 19,5167 29,05037 19,92289 15,03785 9,614669 18,92173 17,59027 21,61436 23,98906 20,93525 17,7091 15,73744 15,91808 19,17212 22,78686 21,01729 22,42853 40,10121 59,1355 68,03976 46,52089 31,44929 34,00542 83,48727 29,11701 31,27526 64,26476 42,9256 28,04647 24,20423 25,71636 47,11311 31,20816 18,43648 21,39309 11,3713 14,88271 13,19429 11,21367 14,75649 17,30448 31,66731 38,37414 50,53772 26,19562 17,56379 17,81077 30,35514 47,28237 38,61329 17,29035 8,715478 2,541304 8,221492 16,17957 9,91409 9,230143
45,31305 33,75006 11,20248 11,32389 43,69075 6,915296 22,56154 32,60196 17,51379 13,02171 13,59768 19,60784 17,08145 14,92844 24,03825 17,53382 18,16646 22,08098 24,1737 35,79736 30,99516 24,6137 22,82652 27,73722 31,03202 35,05346 77,60577 61,52963 48,01963 61,75211 36,76616 34,35711 41,43409 35,02472 38,51213 42,78652 39,71171 45,89538 21,66702 21,02752 24,08824 16,01971 21,45698 13,45737 10,72818 13,3225 24,44565 30,68722 33,57251 34,69733 29,59975 22,17101 22,57917 31,64309 49,44517 41,29962 24,74485 12,59348 3,814065 5,05044 15,91581 8,913434 15,94234
39,18224 32,71187 24,17393 31,39856 58,00961 14,36446 5,393239 9,482136 11,14652 7,874642 13,72723 20,57783 17,12063 17,53008 23,10987 22,19791 20,77971 24,02307 18,97091 19,91136 27,30716 46,47586 53,87886 25,26693 19,7895 16,18377 26,17388 53,45499 33,77247 17,99962 48,4276 33,03075 20,08671 28,48815 52,77118 46,30553 61,36182 48,91805 40,99529 44,11721 39,19825 29,25014 19,98535 11,41384 11,80278 16,95081 26,4069 25,23279 17,47259 23,37201 31,9536 31,91117 34,30851 46,87473 48,32159 49,69918 32,94296 19,53474 4,0684 1,822142 5,538133 9,170436 16,90834
41,60002 37,70561 43,68686 47,27369 27,91916 13,48626 7,404092 12,78055 9,694661 8,422498 11,40202 10,58944 16,24856 23,60384 33,54237 34,84237 32,41299 21,69439 17,95193 14,96395 22,89553 39,02261 43,04634 23,62136 16,16321 15,09118 15,04128 40,61252 36,64318 16,84241 27,92019 55,74194 30,24093 34,39984 40,14369 48,58321 60,30776 51,22371 41,76894 48,04617 55,99041 39,64706 15,01149 9,062899 10,67403 24,80336 27,36057 16,19298 14,45681 18,12061 24,43873 25,90988 28,03968 49,55871 62,36372 46,25829 39,18536 22,17285 3,889218 2,505479 6,380172 5,725553 11,97833
45,43496 42,07444 33,77644 21,90394 14,65218 17,88996 31,10317 34,83089 21,31357 11,62024 8,088305 12,04636 25,65709 40,80893 22,37843 16,89229 25,69803 59,0917 37,61654 19,09199 9,445526 15,15888 28,8424 22,05825 21,93017 11,98015 7,896983 21,3637 72,10587 50,24329 67,11264 62,27085 53,14979 43,48458 42,21815 37,54921 48,3952 44,67875 33,12319 30,32042 48,38757 46,188 15,85268 10,62029 15,76723 17,97418 18,2093 18,62933 17,35497 24,87612 22,54902 17,41086 13,82979 33,82123 40,16475 28,2811 19,919 8,270313 1,484272 4,057541 3,567347 6,58938 8,914411
49,36919 48,40318 54,0043 26,28983 12,20826 15,88978 34,61292 49,65234 38,63841 46,2609 32,32798 33,98241 44,88149 36,27314 17,73429 11,78762 27,54868 37,27048 52,23001 18,15348 13,22526 22,49506 25,84626 30,23122 16,26576 25,01263 31,9772 23,20843 23,0708 34,20593 24,25785 29,18123 27,73155 27,50102 42,66771 44,23011 56,70493 20,56501 11,32173 11,84185 33,86282 43,74013 27,61653 19,31302 13,38957 9,347374 14,35102 14,56151 18,89687 23,56728 14,41923 18,53667 20,39611 29,32498 22,25764 16,3422 6,269824 6,436784 5,304683 2,393129 7,291777 5,482404 4,141515
27,34204 61,0577 53,52832 26,73062 10,78518 10,36595 15,42235 41,46285 38,58557 55,29629 53,31459 39,30363 47,37097 56,71958 30,52503 14,13423 22,34078 19,63882 43,346 31,20884 33,7046 20,58413 5,504088 13,24977 14,07816 15,8917 24,89474 50,93931 32,71769 37,9602 29,78926 21,25504 20,22192 19,89047 34,15659 47,15813 58,36349 22,24449 6,690275 7,024492 22,49179 37,07967 39,89847 25,93711 20,21199 22,75443 22,23866 12,19067 17,9653 14,29919 10,97248 23,29035 29,82408 25,98238 18,46729 19,71618 6,480614 3,64024 5,265653 1,311546 3,292939 1,651606 3,719536
10,68111 22,26464 34,74339 19,47029 8,686996 9,030335 16,12533 36,52679 44,82348 51,24801 45,31939 26,20547 31,50752 34,48014 43,59979 36,89724 18,25983 6,861554 7,35019 15,76203 8,615396 4,497893 1,666904 3,426034 4,235525 5,624042 7,779731 18,08216 35,29194 34,98074 25,73667 23,42681 19,12059 17,31443 24,9849 45,82898 69,60685 58,41063 12,77922 7,375192 7,986177 14,17797 21,47698 15,43412 22,12207 40,21056 25,99661 10,68833 16,33717 28,62435 28,29565 27,26796 37,05293 34,672 22,96643 13,49984 9,365823 3,080323 7,677491 9,735654 6,604637 1,697517 5,276681
10,45089 22,58283 49,73188 24,16635 8,374667 10,99257 15,32758 25,39617 40,64348 50,24286 40,18345 34,82743 32,25667 21,41476 27,43275 21,82473 2,492045 2,786554 2,039349 1,781523 3,409092 6,703933 2,00817 2,368398 1,168671 3,815917 6,536922 7,636712 24,24625 35,98281 35,28009 45,41694 38,5917 45,84624 17,78279 28,09482 46,54537 50,15359 28,66999 8,596197 8,956342 7,500289 7,444132 7,242101 18,70268 20,15853 14,54778 15,07579 18,55585 27,52876 34,84417 35,24476 39,00794 44,2643 35,41762 28,14322 24,84605 11,05018 5,331214 17,19348 4,619505 2,788215 5,716974
12,08473 14,04417 50,67714 28,38725 14,9695 19,24647 28,16579 26,1054 27,55485 51,55478 43,75548 39,11076 24,26447 30,37617 38,89098 7,03373 0,4237497 3,171755 5,713023 1,367793 1,425175 3,490504 2,225133 1,67947 1,582738 0,8328786 4,995749 8,395336 21,35051 52,30474 42,36763 19,46117 9,212063 5,590037 10,88004 34,89212 47,17982 44,37408 46,35457 13,26699 2,663854 4,688487 4,346424 8,145872 10,92253 10,41525 13,92654 16,97557 14,53762 19,35351 25,96716 27,16436 30,29375 41,85254 47,44785 45,13909 36,09471 24,96053 3,382735 7,283173 8,527837 11,44223 8,565723
4,532061 9,524815 42,86438 50,72225 29,00409 37,98952 43,31774 27,16119 28,89948 51,35721 31,93849 30,40698 26,70382 50,7249 25,23905 4,336364 6,936453 4,752953 8,801729 7,203032 4,327505 3,239368 3,365162 3,470298 6,569172 2,543597 7,788874 7,885842 14,67786 32,73024 33,03174 7,030974 3,214469 4,957493 13,14245 32,74704 69,86421 51,17026 49,96777 20,95047 4,991261 1,86305 4,385344 10,11231 11,96634 10,18683 22,87149 21,29062 13,86433 13,72996 19,08306 20,59085 23,04536 38,65498 49,17912 39,55222 42,90693 38,2825 7,033781 1,754383 6,379218 6,71523 6,121585
4,465924 3,96341 20,20657 43,15343 52,14074 46,41718 57,18932 28,58259 23,38771 31,84929 30,33472 28,10492 32,29615 41,7845 26,69134 14,66856 5,832688 1,999243 5,208572 7,515863 5,483874 5,430951 8,807701 4,745331 4,104003 4,473753 5,621797 7,814448 16,89473 19,97523 14,59383 7,653965 4,274362 9,320765 16,94778 21,19078 38,87284 52,50196 49,17384 20,80877 3,046266 3,205713 8,949466 12,74748 26,98309 25,17849 21,09593 15,3251 10,27037 13,23273 17,48224 21,97394 20,2041 33,74796 31,80498 25,18064 36,83879 54,20315 39,78342 19,81247 7,234332 2,679387 2,910386
7,060071 2,718057 9,313847 33,74527 65,10482 37,03016 30,49648 34,8088 22,87212 32,45308 40,25905 56,11982 30,14654 22,69098 21,03062 17,73808 7,251175 2,132752 4,418848 7,207412 7,405883 4,897518 5,028123 3,756274 4,649494 3,66534 1,106845 3,756488 9,659768 2,264368 4,508845 8,527405 6,168877 13,2614 14,77404 15,30536 24,85997 39,64319 30,22183 7,910913 4,059919 10,89642 8,9187 10,33021 24,86745 26,77331 14,22191 12,96802 10,24898 17,44898 16,36696 19,15984 24,77281 25,10725 20,53934 14,76048 24,52874 49,44944 36,15472 40,38657 53,20585 25,82288 7,189013
16,50525 9,285414 3,917955 29,40594 49,50152 19,04552 13,08878 46,18575 45,13783 46,15226 53,28672 47,57737 27,16486 25,48683 19,57373 10,06348 2,932186 4,614013 6,564988 9,267559 11,68343 3,526639 6,713688 6,980455 4,132095 3,082505 2,290216 2,502354 2,254324 3,853053 2,386975 2,577854 3,759098 4,963774 15,76507 12,68263 16,57659 21,14387 8,850322 10,94249 6,669055 8,353574 5,551998 7,550234 14,06344 17,8144 17,45743 18,70323 17,76625 19,62705 17,36451 19,72334 22,70585 19,60092 17,50368 14,14833 19,08295 38,77092 41,10833 22,05465 22,74829 42,48393 8,644919
16,91551 9,649785 1,392627 9,899556 27,49037 23,02031 9,190826 26,9199 55,56072 45,6054 46,38274 39,83662 32,86801 23,95648 16,66589 7,372342 5,883543 7,467119 7,268142 6,292819 4,739201 1,140377 10,282 11,75855 5,958714 4,969651 1,147094 1,473373 2,80847 1,576153 2,046241 0,6131967 4,662078 4,166753 10,09227 3,950603 3,077615 5,536423 2,615743 3,163172 4,532394 3,76511 5,59694 4,239261 17,9631 36,28973 38,66755 27,26186 18,07291 12,35187 19,36448 21,0601 19,45693 16,38692 18,3064 20,78828 23,28633 28,57973 39,26991 46,01828 38,84329 23,2662 7,380642
23,47054 11,31467 2,213575 6,886657 24,12713 51,52924 10,01222 12,31072 40,56962 49,8065 47,8185 38,54396 28,63856 21,84003 10,80621 5,060656 1,48749 2,083503 6,53277 8,648499 5,331948 5,365445 4,006951 5,625697 5,416951 7,119588 2,190303 3,052018 2,97374 3,7608 4,165437 1,754933 3,434681 5,460814 3,853497 2,827453 5,968523 4,680135 3,362378 1,423607 6,493744 3,298748 7,84199 4,308922 14,7689 36,96416 37,09435 30,75488 13,79373 10,64128 19,84729 22,08114 17,96202 15,9465 14,14784 18,01324 17,23394 14,52234 18,62527 20,66645 28,15088 17,83192 10,27905
42,89557 18,59423 3,878206 2,225153 10,78802 20,60846 55,32948 19,66382 24,35189 20,89432 34,76374 41,595 15,25787 11,46655 9,068604 6,228904 12,90361 10,26571 3,574479 4,961513 4,816998 5,267658 4,725785 5,357949 6,579443 6,148863 2,768064 6,802226 5,346451 3,287808 5,235801 6,249676 4,577626 6,870846 1,174102 0,281662 2,839851 8,992822 9,483243 8,368833 10,98919 3,902482 5,130203 8,294693 6,471778 13,32218 18,25478 21,71868 18,82274 15,17172 11,25553 18,53175 15,69034 12,97549 10,97407 10,40172 11,29354 14,53205 16,80645 14,14036 13,23072 13,06869 9,76319
34,20184 19,39219 8,248106 8,621288 1,92484 7,080377 16,78248 52,62831 24,23813 24,18408 36,09259 25,85214 12,90896 5,117555 2,82416 5,093695 2,263556 6,753337 5,671749 10,45487 5,453825 10,25485 5,015044 4,557622 3,985058 4,16728 5,843184 8,835265 4,124507 4,820755 9,648314 4,831706 1,485052 5,176806 1,144638 0,4666218 2,70436 8,620901 11,44843 6,266934 0,3933353 6,371182 3,136016 4,689338 3,678185 2,701484 6,789257 15,4732 16,61804 13,71838 10,5826 13,7001 13,15454 8,789648 12,40528 13,55419 10,55574 22,24293 35,93736 25,54586 18,15026 15,15629 8,148429
10,55622 21,65175 15,0126 18,21224 4,09517 3,594327 5,550678 32,00657 39,75849 42,22422 50,03848 25,64754 12,85 8,3412 4,28741 1,568062 4,1626 2,75464 7,129343 7,134922 8,537067 10,07107 4,264277 10,45362 4,873532 2,406317 4,764966 8,614711 9,275333 3,797908 5,658546 4,400446 5,360149 1,70997 0,6598665 1,403116 1,910227 8,27018 3,63451 2,073352 2,793868 5,102482 10,69746 4,02333 5,172311 1,328561 4,322763 7,214087 6,228056 12,81872 21,22291 16,18182 11,61942 8,268369 20,43015 25,14909 11,29439 18,92391 30,30573 33,44358 29,68838 25,59802 9,414303
7,078732 29,13419 28,14034 9,349233 7,662639 10,5027 8,610861 18,29456 49,36047 45,28621 43,54466 31,68952 14,97219 18,35573 16,11229 4,773175 5,365215 4,769453 5,797689 6,837732 5,757317 4,558795 3,31584 7,467395 4,894004 4,558473 5,74597 3,881338 10,69071 7,095992 3,200618 3,697456 8,77149 8,337545 4,012072 1,397821 4,744076 6,64052 1,388134 2,189322 7,070024 16,2064 16,35604 0,9989345 2,324511 3,160595 0,9087803 5,82867 8,898224 10,35837 16,66345 18,77011 15,68214 9,152087 16,7648 20,6958 15,50613 20,89379 26,53337 24,10366 27,0223 39,69659 20,216
11,07334 17,40256 25,32291 23,50874 7,182673 8,239328 7,222668 11,46884 44,76414 46,8754 44,49029 58,41195 31,77163 7,718953 11,45789 6,440426 3,813298 1,902734 6,186775 6,609464 6,876813 4,74293 5,387071 6,205171 5,092619 6,038799 5,107393 6,953046 3,815415 5,815208 3,600552 5,230789 5,090161 0,5692507 3,161663 3,972043 2,681544 3,695801 5,159308 2,720513 6,001978 6,495262 2,914683 3,231401 1,527158 3,843307 8,072449 2,535215 2,977871 6,45753 7,79688 17,89707 23,74952 15,31902 11,9478 17,34597 19,8743 27,10349 30,36614 24,2446 36,18178 55,85366 38,78729
