test/g2lab/icchange/view/histogram/uncertainties.txt
ncols         411
nrows         508
xllcorner     532720
yllcorner     5948510
cellsize      5
NODATA_value  -9999
[rows 280 to 307 of 508, columns 189 to 251 of 411]
5,601556 9,995865 6,187341 8,675743 11,02118 13,39506 10,43888 7,139249 2,900288 2,878192 3,021756 2,286155 1,686925 2,105901 2,532755 2,838593 5,108406 2,339673 3,515605 3,050604 3,949204 4,656816 4,141564 2,690903 1,675324 1,107171 2,766101 6,033361 5,016201 9,17356 2,085855 3,345424 11,7418 7,437465 2,399837 6,348515 3,182186 2,875114 2,5323 3,832181 5,063545 1,657268 2,321081 1,298306 3,236821 7,039514 14,02515 2,871414 3,073821 9,412076 7,799602 2,766386 4,399141 6,81697 11,47554 4,981596 6,949184 11,25453 9,361587 8,250842 8,442194 3,887598 5,817545
9,747043 4,861021 8,663016 8,586222 9,421646 9,669626 4,33672 2,100912 2,09 2,31952 1,757502 1,156781 3,31131 1,149167 1,348549 1,297524 2,599961 1,481851 3,557763 2,292835 1,857351 3,088807 3,782966 1,62098 2,896049 1,7164 2,892801 3,28233 2,920037 5,64274 3,373656 7,153759 7,175446 5,501476 2,759071 4,135165 3,881313 1,630496 5,418189 4,958438 2,302477 2,476686 1,670643 4,69165 3,858548 1,57848 5,073077 3,661563 1,894146 3,852353 3,053512 5,585846 2,822586 2,048803 1,040047 3,397638 6,57059 9,335991 6,400192 7,749612 3,285099 6,858574 7,808614
8,583561 2,339453 2,631528 2,518184 4,729362 7,154236 4,232563 2,432469 1,878578 1,878668 2,819609 1,968075 8,306138 5,944293 4,516613 3,104754 3,615431 2,866621 3,84318 6,572571 5,392893 1,509009 2,591848 4,39082 5,463447 8,803945 6,586199 11,36326 13,57219 2,074369 2,841178 1,758948 2,052485 3,429842 2,495613 2,221609 6,607545 3,128263 2,954964 1,847495 6,894029 2,128808 3,977118 6,511409 3,400526 2,448289 2,945201 5,21497 3,218218 1,673608 0,7188578 6,988555 5,619796 5,850247 1,731492 1,161403 6,147461 10,86679 11,72986 7,110322 6,962187 8,594728 5,404977
3,633235 3,465158 4,210765 2,297619 0,8783024 5,616296 7,359968 7,193141 1,104828 1,076818 3,609911 4,095624 3,388152 1,04494 1,32404 4,258969 2,611343 1,000811 2,384153 3,763526 2,37719 2,163555 3,339854 5,804814 11,0532 6,771947 7,241707 7,412148 5,502599 4,511625 2,691209 2,105422 2,181937 2,681173 5,711936 3,5383 5,435401 5,378319 5,653147 5,4905 5,67883 3,845035 4,910788 4,492652 7,102802 11,58791 6,818942 7,575895 2,449581 1,161487 1,695652 4,595944 6,781136 3,176002 2,69433 1,188599 10,03573 10,46863 9,766822 6,829823 12,09482 17,17104 11,3544
2,550782 5,306887 4,407772 2,42368 2,18164 4,543745 8,792592 5,551774 0,8936847 2,552746 3,335849 7,142662 2,751416 2,459225 0,9469944 4,246073 3,1733 3,336414 2,593842 2,797309 4,440818 4,430938 4,507586 4,316092 7,877653 4,365692 1,962883 3,038993 2,801677 3,534925 4,616723 5,843037 4,124677 6,508098 8,747259 3,611509 3,718032 12,57337 8,888723 4,744531 4,109301 3,34138 4,134413 9,097439 9,837241 21,94659 3,837018 5,117874 3,492841 4,812571 6,445386 2,608888 2,603298 4,467127 1,290838 3,047703 6,307146 7,956585 8,393488 7,142036 9,022659 17,68902 6,732433
4,411777 5,274727 7,626863 13,45069 4,716681 4,169685 6,773204 4,353511 5,061026 8,823589 9,303803 11,86992 2,746261 3,597466 1,624894 3,356045 1,86903 2,105073 3,144592 1,664824 5,744408 7,867899 2,669269 3,033274 5,454495 7,424238 5,299651 3,01079 2,862948 1,891132 7,204388 3,110949 2,491323 4,961075 4,661608 7,699103 7,554076 8,056265 3,217391 4,641736 4,238856 2,737348 4,898181 8,820599 7,499879 10,72928 8,568336 5,106547 3,271308 3,734932 3,242622 3,857828 2,429599 2,426447 1,577851 4,090209 5,435317 3,536732 2,33258 2,538191 9,141386 15,4089 11,70123
8,86084 4,181069 2,371971 6,69676 3,262536 5,44562 3,713951 3,830799 5,785822 13,07894 13,02288 8,638005 4,785091 5,118189 1,410463 3,395224 1,948934 1,329294 1,452895 1,751979 7,273119 9,541409 1,440055 2,6866 5,837047 15,10426 13,52626 7,55762 1,874065 4,179545 5,980355 2,272697 3,592559 3,588412 5,351904 8,859035 5,748311 2,593912 2,584383 2,314024 3,618051 4,225656 2,845704 7,131243 14,93207 12,49047 11,01102 4,614418 3,738261 5,660306 3,632354 2,332776 1,192277 1,846969 1,597198 3,490856 3,153959 1,722404 2,330947 1,827831 8,778392 10,40603 7,070468
7,951658 2,399472 2,297189 2,389885 2,340996 0,768527 1,361269 3,050824 5,294124 16,15553 10,23925 5,893772 4,899906 5,850841 2,168863 5,428927 2,882288 1,99655 2,243401 1,594397 4,357244 7,516304 3,934367 3,94679 3,107286 3,37922 6,748106 5,470268 2,058548 3,710841 3,516684 2,002697 6,793982 5,959126 3,998469 6,636307 4,967196 1,908303 3,606091 2,421459 2,669625 5,931062 2,108407 4,060022 11,08615 12,97521 8,486141 2,567633 1,922934 4,294657 2,22462 2,514425 3,377182 6,705336 3,317168 3,939046 1,256828 2,750629 5,829628 2,190049 3,381347 6,608878 9,109113
5,543 6,467727 3,068372 3,298277 2,865538 2,89832 5,934559 1,177194 5,423067 16,08318 10,65124 2,943168 2,772536 4,628085 2,783236 1,372033 1,431571 6,343602 4,405348 1,530276 4,154384 3,606766 5,386758 5,117697 2,608187 4,323101 4,319339 2,573477 2,697167 6,004821 6,910363 2,788049 2,989322 3,750354 5,213832 3,499107 4,777647 3,942114 1,951276 7,752439 5,675763 1,96335 5,36545 3,137987 5,292202 4,605698 3,719296 3,603007 3,36263 1,74227 3,483976 3,909592 7,330899 7,875686 5,163965 5,006821 2,872919 5,288558 7,00326 0,7992644 1,179805 4,396668 6,176904
6,32895 5,21061 5,359225 1,630779 2,885227 6,618683 9,991931 2,083116 5,4203 16,4223 11,42877 6,759334 8,028704 2,772774 1,677037 1,189007 3,86441 7,088349 7,12706 1,697757 2,171861 2,300086 5,154791 6,230427 4,793588 2,406157 2,570133 2,47225 3,103826 10,1158 3,073655 2,502672 2,665292 2,484595 2,773105 4,417232 9,758483 4,068805 4,234214 13,4525 10,92137 2,290378 2,60679 2,837547 3,934368 3,566344 2,250379 1,470227 1,001468 0,8124838 3,234208 7,462514 9,901197 6,203071 2,865887 2,906909 4,500719 4,529137 3,899585 0,7914307 1,834631 2,25249 3,021289
4,936968 1,618855 2,154506 3,607744 8,86818 9,902038 10,4307 4,55583 9,113057 13,62312 14,9346 18,88113 10,26487 3,941017 2,120541 3,285979 4,601398 1,622672 1,725252 2,254949 1,646369 2,367934 3,962183 8,342349 7,398666 4,982682 3,909459 2,68031 2,061339 3,141811 2,833832 3,061279 3,200327 3,691411 2,607657 2,615644 4,442461 3,156663 2,218834 3,571984 3,996125 3,688695 2,806077 6,011782 3,100486 6,696692 1,690787 4,949074 1,464815 1,325258 1,572587 1,870584 2,186162 2,358174 1,471583 1,160934 2,000412 3,312467 4,648577 3,558025 3,923488 4,575344 5,75982
7,865091 4,778607 1,310642 12,62957 19,57305 15,99705 8,243922 5,440973 11,57761 6,995963 20,04273 20,03022 7,867311 5,175663 3,676679 5,488765 4,032722 2,265563 1,870881 3,651908 2,714561 2,431526 3,224871 4,390406 5,319232 5,012355 5,742106 6,049343 3,645874 2,34927 3,999635 7,570319 7,290577 3,809776 4,098612 1,733352 4,67836 3,864999 2,831273 1,961866 1,806358 2,332278 2,452844 2,72656 3,719578 2,137312 2,989216 3,996604 3,089485 2,391984 2,44223 1,02386 0,3227843 1,164904 1,151958 0,9062721 2,614169 2,582856 5,049794 7,043351 9,505124 9,999264 8,768124
14,15074 6,25631 1,821694 7,173148 10,43187 12,01416 12,52152 8,403952 6,596356 2,3478 5,133268 11,58541 9,135689 5,961633 4,374947 2,59084 2,550404 2,482308 2,771122 2,149927 2,389596 3,007313 1,89426 3,302974 3,161701 1,823508 1,935843 2,914243 5,254078 2,931984 4,682831 5,990461 3,87927 3,245747 3,2914 3,069592 2,616153 2,222964 3,402749 5,327579 6,423162 2,142096 2,759359 2,427362 3,322989 2,696352 2,053744 1,426684 1,352894 1,769051 1,747976 3,830488 3,096196 7,751686 2,747454 1,927257 3,060725 4,284369 3,604645 5,227561 8,678258 12,23049 8,274439
9,199774 3,036297 3,145575 3,097946 2,82938 7,889007 18,53313 13,35184 5,439701 2,393535 5,87506 6,466769 2,913664 3,747308 5,09903 4,164682 2,643747 2,193528 2,857372 3,265142 1,714828 2,039169 2,807596 5,618185 3,725656 1,643337 1,680784 3,937719 6,954331 3,704364 7,652851 10,29955 4,56472 7,435591 3,015234 6,247445 6,531773 3,372791 1,835879 3,090256 3,03886 2,577478 1,289618 3,742903 3,054607 2,080043 2,021986 1,712404 1,279612 1,360532 1,476033 1,751613 1,249207 0,5926753 0,7241491 3,661984 5,923144 3,338788 2,580726 3,124598 4,549362 9,236425 3,965916
4,49076 1,371297 4,648536 4,787868 1,559281 6,216285 25,96247 19,32364 5,563954 4,295557 7,328785 7,58029 5,01169 3,394822 8,021632 6,470555 1,710704 2,422654 2,065763 4,215092 2,784532 2,667248 2,88679 4,8082 4,470242 4,326877 2,925901 2,217351 2,514244 2,297239 6,865455 9,551343 6,565507 6,486132 1,848604 4,319124 5,598607 3,44217 4,119044 3,519978 1,99204 5,511524 5,872849 2,557865 1,443459 1,654077 1,824525 1,839944 2,410427 2,338033 1,914821 1,425269 1,654693 0,5960912 1,383392 3,276524 3,203718 1,908813 1,584674 2,047432 3,691617 10,38879 6,235624
17,3079 7,489373 4,952872 4,745884 3,308203 4,39851 26,76343 28,79464 9,980942 1,094207 2,915329 10,04779 4,216721 0,8683657 3,019915 2,637921 1,988758 4,493182 6,955531 5,523354 2,863364 2,874068 2,807947 2,014925 2,375539 1,893334 3,02941 3,592758 2,023779 2,277025 2,404187 5,673663 4,867552 3,020288 2,404411 2,272426 2,074959 3,738219 4,326793 3,517219 2,074462 4,007958 5,277146 2,898386 1,905074 2,911989 1,725485 1,696343 2,699239 3,567619 3,250576 1,294274 3,378156 5,524408 7,254455 7,294666 5,427521 3,596736 2,698872 4,085325 5,798406 9,363486 5,740392
25,63091 17,59196 3,58944 4,02743 9,372175 6,411423 12,99475 17,31076 9,87993 2,697302 2,695581 6,309053 4,316959 2,636137 2,435973 1,334657 1,772776 6,655884 4,346196 2,81768 3,173463 2,719161 1,699317 1,965386 1,684997 2,592164 3,570463 2,017267 1,973868 2,942542 1,852859 3,00408 4,436744 5,295093 5,632828 3,60119 2,285011 5,541504 4,293787 2,726269 1,905908 2,245654 2,089721 5,611876 4,023335 1,862128 1,575718 3,014438 3,955929 1,48789 3,71604 3,028419 11,61225 5,583001 1,104653 2,606874 3,87807 2,115972 6,131811 11,43242 6,328946 5,583036 1,475832
38,53036 22,95633 8,946673 6,323627 13,25698 5,98271 2,981457 5,405166 9,088423 6,869307 0,3209373 4,656483 8,938046 9,959952 3,652146 3,9611 3,946836 3,264727 1,509062 2,478127 1,880503 2,457941 2,631037 3,990793 5,711685 7,203517 8,308636 4,857588 2,827357 2,760468 4,854472 3,047225 2,328511 7,775738 6,959695 4,759865 4,521499 1,664243 1,57936 3,062768 4,260176 12,60557 5,688922 1,628001 3,513629 2,097793 2,675076 1,415363 3,29207 2,544216 2,395802 1,364301 2,556839 4,154325 0,9171937 2,262243 6,740185 4,226075 3,349369 5,154442 3,132136 3,442206 0,9531125
41,17146 26,9192 18,12663 8,372848 9,923668 7,174711 8,329128 5,110798 5,935323 6,232318 1,118698 2,330378 6,658063 11,72504 2,898491 4,530082 4,013281 2,384238 3,816585 3,400504 1,595747 4,528837 6,028944 6,887641 5,080024 4,901096 4,99271 1,681513 2,662421 1,614247 1,870369 4,069358 5,490323 7,060689 6,277734 4,202252 3,082482 3,941477 5,005515 4,096765 2,191217 5,35695 1,592673 1,571783 5,256428 4,731758 2,634342 2,375356 2,63508 3,929885 4,843859 7,076677 9,355768 7,071422 3,65404 4,387251 4,881172 2,835591 1,600492 1,24053 3,672571 4,256058 7,246927
44,11889 31,81077 16,43933 8,766892 6,861105 6,917231 9,406531 3,492972 4,31826 2,291358 1,054548 2,126882 7,262516 5,416389 1,542723 10,86274 3,01226 2,860167 1,588449 2,146585 3,354706 7,61566 8,585111 9,766649 6,107499 2,923401 1,631194 3,86835 3,209414 2,412662 2,08809 4,060658 4,71657 3,457568 2,131388 1,82177 2,39488 4,465757 2,577688 2,356737 2,041658 2,545342 1,881868 1,833603 0,7214294 2,117382 4,094275 2,645787 2,635378 1,496536 3,09164 3,794839 5,875399 5,067113 2,348042 3,752741 5,617522 5,585565 2,767064 2,008535 5,012887 4,100876 4,245112
28,67551 33,5573 12,43306 5,002268 3,662664 2,360662 5,487966 2,715129 4,81894 4,170251 3,909235 2,318704 8,181563 5,162306 1,62044 4,24548 8,058504 3,967662 5,729268 4,732177 2,080955 2,347133 3,213151 5,645304 5,406359 2,181713 1,558152 1,718862 2,294017 3,000181 1,579655 3,4287 3,993922 1,694228 1,881734 3,001675 3,970957 3,810277 3,601908 2,869121 3,19654 4,510489 6,6597 4,092976 1,344016 1,440674 2,757871 3,259146 3,40198 2,195793 2,380155 4,054451 3,603584 7,228321 3,209847 1,326713 3,428711 3,379521 7,133883 3,385068 2,977468 3,210556 1,765984
23,52557 31,83418 11,58083 4,52136 6,609308 2,12895 2,842821 6,315053 6,791716 4,408771 3,22121 1,239052 2,696147 2,158534 2,070801 2,936295 7,871367 3,594801 3,576905 2,97417 2,282884 1,711897 1,818888 4,485701 3,457206 3,040266 2,07675 4,128339 5,634824 2,710186 3,67368 2,522949 2,14814 1,62024 4,569505 2,237967 3,833873 2,998122 2,659307 4,480846 4,885503 4,619615 6,468949 3,313707 1,584514 1,166009 1,990464 6,383778 6,602768 3,940582 2,73651 3,318754 6,944145 10,38138 4,803285 1,851065 2,399737 1,173196 4,507758 2,190442 3,172345 3,274011 2,699065
21,98024 26,22744 13,1667 20,20291 13,35681 2,244703 3,91466 10,12711 3,295887 3,261053 2,766294 1,184835 2,542128 2,583525 2,60244 2,209736 1,919003 1,951941 2,034742 1,745828 2,854045 1,630134 2,558435 2,905936 1,608661 3,67522 3,595329 3,627004 6,227987 3,604892 6,146799 3,636026 1,57355 2,436406 6,943806 3,706783 2,675799 3,633523 1,161421 6,033617 4,794564 3,031423 1,582816 5,071521 3,707061 1,734779 2,346598 3,851802 3,353632 3,559317 2,408691 2,707712 6,511524 7,477247 5,924513 3,558038 3,047895 1,43165 3,577466 1,973488 2,482999 4,078767 2,533356
19,80615 25,5769 19,65039 25,39632 15,10149 4,310585 4,144387 6,962729 2,508942 3,873312 2,901386 4,13987 4,706192 2,057621 1,608468 2,658803 4,07971 3,519031 1,995072 2,756745 3,532778 3,961945 1,906518 2,472232 2,252901 2,819065 3,37229 4,568411 7,603648 5,280873 2,796962 2,778098 2,508122 2,941833 2,07666 6,074365 3,885676 3,045034 3,240087 1,807459 2,839053 3,19146 3,590825 4,15209 1,779088 1,672217 2,275252 1,347696 1,038797 1,362196 3,587979 3,479745 2,999373 3,203869 3,766699 3,699956 2,832774 3,691516 4,818427 1,653718 1,319916 2,258677 4,182601
9,283447 17,51472 17,43292 13,67334 5,286399 3,857728 6,601493 4,788963 3,912672 5,815584 4,655211 4,393554 3,733196 1,929371 1,99753 2,028922 2,674673 2,609668 2,58074 3,335346 4,907938 6,059451 3,21848 1,896102 1,693038 2,607356 3,234318 2,381612 3,531813 1,838593 1,969327 3,124166 2,806021 2,414373 2,603176 12,73501 7,07148 3,79685 5,837369 5,079183 2,440314 3,14146 3,466304 2,135023 2,577479 2,402248 2,388309 3,163219 3,029217 1,615437 1,802109 2,017521 1,390646 2,782954 3,392945 1,096323 1,523383 3,667537 4,442647 2,806755 2,131117 2,011536 2,536927
11,44902 13,61843 17,12175 5,079884 1,303858 6,912157 19,02622 9,192178 6,934432 4,452831 2,321059 3,116841 5,592332 2,064642 1,585164 2,053254 3,435383 7,288529 4,385367 2,605843 2,784085 3,119221 3,262275 2,251784 1,987628 3,024988 2,660629 4,459806 2,467818 2,496933 1,975467 2,42747 5,247854 9,230756 7,98788 2,094491 2,719474 3,455497 4,328689 7,497196 3,977894 1,582178 12,31028 3,439645 1,890251 1,939644 3,129185 4,512345 5,087176 1,934303 2,179067 2,151535 2,09613 2,539092 2,634343 1,511342 1,320159 2,845098 4,313251 1,485216 1,41185 1,452239 2,222754
18,59143 12,88597 9,743483 2,211317 3,760423 3,669099 15,34224 5,418578 2,859084 2,557634 5,38883 5,303592 4,651184 2,923849 3,633782 1,59189 1,772693 3,024362 2,510128 2,085783 1,985193 1,597383 1,526784 2,611802 3,756509 3,14317 2,07938 3,708234 2,663612 3,219879 5,130434 3,99783 9,606184 3,293038 3,555434 4,324246 5,697585 2,428789 1,389789 3,787067 3,841108 1,504796 10,94004 3,984526 4,10379 2,350976 1,570585 3,780909 1,443673 1,406586 1,391047 1,817908 1,779618 1,417786 3,339102 3,316362 3,458729 3,240474 3,319644 1,820332 4,643221 1,766492 3,25328
22,10205 16,05149 6,939126 1,387787 3,07796 1,836583 2,44131 3,112135 3,06636 3,485649 4,902852 2,789198 1,997485 1,720189 2,679058 3,368144 1,973126 2,61576 1,64966 1,189456 1,5126 2,240669 1,828228 3,28132 2,823154 4,755845 3,761615 3,38602 3,706775 3,766398 2,811448 2,281968 3,012964 2,738256 3,42131 2,39412 2,847273 2,030001 2,042179 4,316545 5,107692 1,770265 4,669019 4,33924 2,853755 2,287413 1,427006 3,797486 1,373021 3,448748 2,14223 1,341341 1,412035 1,340223 2,533463 4,237181 3,016027 4,013927 5,774729 4,675247 7,538448 1,790117 1,426332
