test/g2lab/icchange/view/histogram/uncertainties.txt
ncols         411
nrows         508
xllcorner     532720
yllcorner     5948510
cellsize      5
NODATA_value  -9999
[rows 420 to 447 of 508, columns 252 to 314 of 411]
5,487471 3,820431 5,866269 8,812719 9,179301 8,462916 10,43651 10,5359 13,35293 23,55014 43,56411 31,51819 42,30721 20,00882 8,950634 11,68526 13,66316 10,3704 10,7728 10,15077 12,29544 11,05652 11,38721 9,268857 7,239387 3,176237 3,722005 10,7847 8,505306 3,155817 10,89958 12,65035 33,33118 19,75412 22,51922 26,351 4,430449 1,143979 3,933279 1,682297 2,33705 4,896751 5,698175 4,09548 12,23487 13,45681 3,961863 2,343299 3,867482 3,009049 1,459534 1,87577 2,375735 5,043322 1,198975 2,002171 6,011884 7,483023 8,993672 3,818314 3,878002 2,109471 2,784765
5,555438 4,757688 5,818169 8,963374 8,534228 10,20326 10,91005 22,39528 37,01203 46,06133 49,1734 42,82844 34,75994 20,48116 10,93851 13,58327 7,742409 3,289576 5,871046 3,747357 8,331045 2,555478 5,615671 11,13127 6,851635 4,363342 3,013002 3,507176 1,660503 5,553133 17,30419 23,6016 34,56047 37,5924 44,1725 30,65357 15,76442 2,820475 2,967042 6,516021 5,999967 4,35326 5,909975 3,91564 7,892128 8,633241 2,606705 1,073556 2,36512 2,505678 4,761264 7,421735 5,338205 6,690294 3,716013 2,461234 8,547691 7,141487 10,06783 7,951017 6,909076 2,507606 4,687363
2,866154 1,755192 5,211132 9,462086 10,01611 16,5559 31,24121 34,61609 37,73304 50,53462 35,81771 28,9339 28,64249 23,39003 11,51355 9,714807 3,144851 4,965834 5,936407 4,497973 14,68689 4,670992 4,906902 14,75892 12,05199 1,531545 2,425942 6,031558 12,71648 9,185745 12,84988 21,01442 22,68341 19,94115 29,53431 33,6549 18,81909 3,615584 0,7197896 3,600156 3,86286 1,932993 5,498951 5,368571 4,022616 5,126792 3,642095 3,115966 5,843553 7,501228 11,82827 8,540805 5,125045 8,583038 4,103272 2,317491 8,346734 5,798205 4,409636 9,588989 4,720631 2,733027 3,680763
2,723342 2,254171 8,963589 19,25456 31,56181 51,16861 35,74405 36,54261 41,02379 33,32166 23,87033 20,27006 26,18697 26,65455 11,6082 4,741023 3,025467 3,084819 2,892407 2,452905 5,621796 6,183115 1,784878 1,134788 5,616825 6,610822 2,220834 13,32008 22,66674 13,31327 3,926203 23,80333 26,17684 5,967754 18,56799 25,16623 4,652768 6,321215 2,896377 4,151194 4,654177 3,781711 5,521385 4,903609 2,512499 10,50138 10,72479 14,49756 7,56226 6,079197 6,257236 3,937874 2,922705 2,0016 2,153078 1,790079 3,304551 2,241316 2,274553 8,902243 4,539034 5,192283 7,494734
6,605066 8,062411 15,18309 35,02121 36,46441 52,05284 41,10513 46,35447 44,87975 32,4523 25,01442 15,92981 15,65872 12,97461 9,280296 7,156834 5,955916 5,068779 3,659599 3,429205 6,893958 2,382169 3,118259 1,937613 3,709037 2,031207 1,652265 10,17871 23,56637 12,33184 4,064854 16,98487 19,38358 1,393226 4,393803 3,938542 5,200626 4,207606 3,77567 6,653569 8,809676 5,778524 2,578861 3,269727 6,423856 15,01624 16,42578 15,30372 3,637786 5,40275 10,95107 5,702296 4,302201 3,95794 1,727384 2,971474 4,077515 5,423365 3,645953 1,891451 2,035265 5,173225 3,289831
8,601889 14,78823 19,74849 30,59233 41,71891 42,81303 41,31286 35,83427 29,299 29,95988 18,48894 5,211779 5,143324 2,531154 2,610729 4,433002 7,084596 8,174778 6,23335 6,762748 4,886476 1,875265 4,681051 7,339542 15,08803 17,48981 14,00047 15,11424 15,62931 7,300051 4,779736 2,003721 2,27217 4,589456 3,573406 2,845592 3,222603 3,817214 3,451598 3,860205 6,60605 6,316318 5,99697 5,833245 11,82464 18,22447 21,22709 10,58719 4,471192 5,98672 5,460286 1,463814 2,281384 3,553132 3,59496 5,683938 6,627793 7,597548 6,933149 7,633626 4,678433 2,889036 3,858439
19,48755 27,16449 39,62903 25,59448 29,49139 27,40304 22,33995 24,2031 26,55425 22,42829 13,94368 4,152259 3,015154 2,61476 1,418706 1,752425 4,486073 7,99427 10,05669 10,1557 10,98523 5,819987 7,333512 12,58765 11,17676 11,15179 12,93524 8,093828 3,169322 4,755471 4,048682 8,95207 8,797354 2,329115 5,940191 5,513913 4,28208 4,461061 5,975164 4,893587 5,742442 4,048362 5,284665 5,508604 11,23798 15,53649 11,87344 6,439648 7,999265 8,255227 3,86203 2,308306 2,329996 6,234258 5,850185 7,841167 5,643075 9,304978 8,77864 9,744761 7,383078 3,699639 5,391916
35,00597 47,71381 30,04663 31,74325 30,58235 21,29659 27,58878 31,08054 26,24032 16,11796 10,47953 9,275387 7,966162 5,021544 3,363129 2,903913 7,643221 16,48937 9,701772 13,01814 10,48455 9,009413 6,226559 7,203482 6,176722 1,725853 1,468298 1,26624 2,129999 11,57928 5,859716 7,369153 9,462532 5,532313 7,313154 7,012972 5,282521 7,08595 17,54007 13,69538 8,047003 6,879014 10,2957 13,72191 11,5037 9,988212 11,87198 4,554718 6,981962 3,581146 2,265036 7,912941 2,371301 3,346609 4,41676 8,284395 1,313331 6,22098 17,05729 9,158918 6,795455 4,388983 3,078185
20,20312 24,90125 28,669 27,2661 23,82812 24,58692 28,86834 25,36462 24,5237 20,15331 17,73703 9,020587 4,409587 3,888497 7,152033 4,99017 7,024158 11,60521 8,087434 8,363173 6,237961 7,878806 10,05847 2,399928 4,557551 2,203266 0,1552795 1,418186 1,216229 2,289223 2,989494 2,698329 4,755294 7,121387 7,697608 4,856568 5,395748 8,571935 10,20684 7,944527 6,872083 6,449004 9,296432 16,1491 10,89466 6,673605 6,201963 9,642261 8,141973 4,816061 3,081196 1,433367 0,4386974 6,015131 7,20818 8,125232 4,145838 8,985799 12,17259 9,077296 4,670361 5,93083 4,026494
22,62795 17,01809 16,27828 23,2571 21,23983 21,79456 20,92455 15,67348 20,2172 34,73468 22,28887 6,419706 6,387616 4,194714 4,925723 5,955656 5,44244 7,44681 5,245732 4,065221 4,053143 1,090829 6,168722 6,524383 6,53588 1,730181 1,752836 0,3254703 3,047659 7,573982 6,541301 6,047522 7,271449 6,394543 5,771068 3,797758 8,337196 16,30926 5,856923 7,186132 8,972443 2,577235 4,361439 6,719988 3,731628 11,91305 9,261029 2,674821 4,268905 11,38403 3,184989 4,754173 4,224529 4,954704 4,687131 5,580803 4,536574 7,079792 3,27481 4,348773 4,263142 9,757989 7,603875
23,26446 21,15457 21,56322 22,04386 17,93517 17,7616 13,73958 7,715242 11,71439 17,96639 12,39859 4,95407 8,639265 3,407285 3,095908 2,576446 2,531182 5,535172 1,443437 3,151813 3,05947 2,663255 5,398514 10,08003 7,889285 6,668763 3,955983 3,043204 2,227673 2,530088 3,677113 7,298394 7,472977 2,531717 3,149137 2,521523 3,354277 3,545326 3,17426 7,78243 8,758957 4,920263 2,273391 1,127964 7,316716 11,80817 2,878998 5,75228 6,671528 10,71741 7,21689 9,496243 5,219631 4,263734 3,040827 2,662417 3,24722 4,013839 3,368433 9,06698 6,591908 5,487234 5,206396
15,64456 19,63407 17,9019 13,39301 12,46099 12,53342 8,762027 6,429842 7,372554 5,524384 7,187269 7,073926 2,901578 4,19223 3,752043 1,142404 2,82231 1,622322 2,456482 1,354565 1,039178 0,765454 1,375434 3,684543 6,123461 5,905826 4,637773 2,993667 2,755895 2,038979 1,431998 3,116233 3,242689 0,5456161 2,188618 3,823214 3,019307 2,156642 2,547812 5,704364 6,611418 2,352986 1,963206 3,37637 9,529284 9,578918 2,995533 3,813204 7,863612 11,73258 8,913761 5,577882 4,974514 7,13541 6,138803 4,889087 3,309881 3,474395 5,43813 11,70225 5,010928 4,808357 3,892966
16,22347 15,74354 10,31679 8,767541 11,10207 11,12867 6,040504 4,305431 5,888229 4,066084 4,409832 4,701662 3,40736 3,672186 1,101513 1,879212 1,884585 1,532469 0,7711488 1,317507 0,5799479 1,0872 2,111595 0,6090333 5,909656 5,645385 3,256015 3,142204 3,257437 2,484827 0,9074611 4,079486 8,85242 10,3577 6,416332 5,117474 5,876803 12,81194 5,281778 2,819547 7,121744 6,430065 2,764701 2,981917 3,919165 6,671205 10,39229 7,615342 9,059363 19,11084 17,77538 7,741354 4,318617 6,164727 6,18234 5,731864 5,501348 4,164 6,750853 6,218977 4,06451 3,147377 4,434633
7,635471 6,616391 5,503686 6,502747 6,424681 7,527624 6,879831 7,42209 4,834505 4,679837 5,460607 3,75163 3,538996 1,61254 1,235324 4,411418 3,672115 4,36542 2,026825 2,841402 4,325109 1,355309 0,8360001 2,523483 4,219411 4,387789 5,345473 4,116203 0,6329681 4,211203 6,642095 9,48693 9,329206 11,37237 16,30533 8,386968 7,225339 11,69533 3,828641 5,118664 5,883623 9,857282 8,306624 3,06893 4,173031 5,983202 3,399016 6,913317 15,25513 14,98584 8,397674 3,211617 2,793147 4,187891 5,461716 4,50035 6,221802 3,7493 4,595695 5,937909 1,387196 2,115133 6,680786
7,607285 6,937874 3,248468 7,399981 7,832078 4,485011 3,511379 3,797906 1,545603 5,860638 6,027841 4,3657 7,36393 2,110357 1,827585 0,9278135 1,945006 3,391488 1,817801 2,546648 5,42239 4,542199 4,676073 3,260345 4,164385 1,765822 3,332606 3,737478 1,361188 8,597356 10,77376 10,28214 16,93423 4,046678 5,855541 6,065287 6,781906 11,93854 7,055602 8,074493 3,821005 4,131632 5,388937 6,111671 4,781254 5,448025 4,358239 5,404852 13,87807 10,31647 4,521996 4,659048 4,489106 2,242091 1,885198 4,063054 4,757144 2,214503 4,474127 5,480672 1,364219 1,088592 3,028217
7,659346 4,679484 2,807896 2,443536 3,737402 2,939622 2,460783 2,163104 4,616592 5,73595 1,577628 2,915319 6,689447 2,158594 3,239947 1,118148 2,04771 1,678069 1,970997 1,47908 1,479148 2,863523 2,614718 1,173171 4,347825 2,143828 2,089672 2,758665 1,884294 1,730941 6,065723 15,70346 23,70118 2,3709 2,705014 6,708437 7,678019 6,137197 4,926277 5,986398 3,342006 2,792839 4,631034 7,960451 1,223208 2,412178 2,165309 7,743139 7,077821 6,04064 4,503728 2,938554 4,313892 5,441283 2,239625 4,598786 4,380623 3,666497 5,927133 7,378296 3,635823 5,468435 8,931272
5,462257 1,776584 0,9251717 4,905128 9,835854 2,17415 3,325725 1,531911 2,905649 2,447024 2,093715 1,457151 1,266669 1,97253 3,402351 1,794541 2,569256 4,981038 6,566535 5,316219 2,002844 1,028317 4,427831 3,35894 1,591861 3,187435 4,539508 4,782771 3,668756 3,199683 5,125309 8,766398 14,14991 25,48476 10,38764 10,609 11,2573 1,939255 10,89876 5,932394 3,278869 2,819189 1,246102 1,990413 2,899215 6,427513 1,444641 4,736648 1,467845 2,18687 1,864839 1,66842 4,804222 4,384094 2,567551 2,966651 3,891183 6,530538 3,099809 4,641288 3,835991 2,051059 6,036141
2,718406 1,331444 2,076129 1,781374 3,254848 2,597423 4,675005 3,404498 1,532036 2,957599 1,310885 1,024616 1,128659 2,26513 6,135828 6,262035 5,001198 4,957902 6,887361 4,87712 1,480491 2,071495 4,505805 6,87302 3,958642 2,332974 2,974273 2,67089 7,185512 6,182616 2,997425 5,045028 7,61625 19,34637 5,692611 8,599175 7,483007 3,474235 8,048273 4,923582 6,184229 6,289711 6,879129 3,308752 2,97584 3,680841 3,151094 3,268102 9,807698 6,428743 1,450557 0,8072668 6,172473 4,289616 2,916741 4,886335 5,922283 4,216793 2,699765 7,332051 4,325388 1,405877 1,05279
2,999761 3,451124 4,087097 7,054258 2,651759 3,324297 4,755993 1,003043 3,448723 5,904946 0,7609012 1,29502 0,7774141 2,697742 5,998615 3,172549 1,964603 3,237473 5,2461 6,00746 4,760293 2,518426 1,9775 2,982743 3,341567 2,233445 1,663104 1,252699 2,280296 4,515142 4,433268 9,878871 3,907692 7,81421 7,854051 8,266265 7,067982 8,22171 6,254646 9,345939 11,66864 5,502078 3,42791 3,76721 5,616408 4,6096 5,978868 7,516683 7,648047 7,493018 4,553733 4,274477 1,591118 7,242579 2,721652 0,9378597 7,426034 3,822437 2,536857 0,9332146 2,414438 3,64103 4,529227
5,325319 1,67303 1,897443 4,49636 4,070931 2,862393 1,771683 2,383574 1,925126 1,472784 1,707458 3,055859 3,441371 4,590892 3,173374 2,772323 3,542017 6,591721 4,769038 4,63473 5,264938 3,741861 4,508162 3,619769 3,823428 2,825433 2,024609 1,649926 2,573283 2,815775 4,527058 8,963736 5,537568 5,761304 13,94728 12,87499 6,92961 15,1707 17,57367 5,156113 3,765332 8,233356 8,276875 4,651027 2,845901 3,522137 4,328597 4,779541 3,139794 3,676461 9,716158 2,957186 1,657493 3,58762 1,083318 0,7966368 2,368033 2,513736 3,030275 1,350743 4,512965 2,771447 3,566588
6,30161 2,436173 4,535609 5,044616 4,436359 8,82799 5,645325 2,18925 5,490213 6,705009 4,443434 9,083347 13,67387 10,38612 2,731122 3,886525 4,548664 8,586802 3,432107 3,90918 3,924003 3,868081 1,195909 13,38743 7,698476 3,891112 1,770836 5,19668 4,692426 4,9746 4,050126 9,87837 11,97548 9,009579 14,459 22,46622 11,59414 7,864685 7,94946 2,92113 2,735708 5,450253 3,945476 3,160027 4,922819 3,224537 2,353533 1,24966 2,025452 5,92694 4,346292 3,112731 1,169208 1,329402 1,659443 1,299071 1,448253 1,134892 4,835775 7,120615 6,09776 3,942397 2,331576
10,27013 6,105838 2,46786 2,755821 5,179377 4,995861 3,343045 4,4711 8,708915 3,955904 0,9030707 2,982805 8,080391 6,994326 4,652414 3,071868 2,555118 4,657156 5,91618 4,680775 3,144937 2,737737 0,3182593 8,949765 5,849343 3,743966 3,079719 4,172414 4,213092 5,584156 6,996487 6,855539 4,446284 2,243195 6,198343 15,59427 18,05655 14,25121 15,74186 6,713453 3,743338 1,067718 2,925871 4,554471 7,103944 8,131465 7,845999 3,407694 1,870093 2,585741 3,606638 5,584438 1,687677 1,674866 2,077132 2,663877 1,786125 2,537923 5,493725 7,799284 5,187604 14,16942 10,45041
23,06234 19,09795 7,153604 3,054847 6,52253 5,818501 3,961793 3,089408 3,284304 5,939307 2,834214 1,752383 2,542461 4,983157 6,27563 4,821677 1,895242 0,9608861 0,7569332 4,912226 4,326109 1,920795 0,8623831 1,465564 2,226758 2,343055 1,976169 3,250147 3,357668 4,487434 7,818282 4,755156 5,730105 3,793434 8,95871 5,219457 15,82431 13,80981 9,508612 3,196013 3,118876 1,998244 5,014485 4,834213 4,452073 10,09832 10,32094 8,259993 3,607496 2,061295 1,047872 2,462239 2,317448 3,642993 4,799041 2,917067 5,205949 3,154049 1,446689 4,94823 9,709089 12,54331 5,652489
18,44886 16,97858 5,733595 4,617764 2,536708 0,9009778 0,6377782 3,261374 5,001451 3,372706 2,330052 5,385352 3,721482 4,571068 5,990316 5,113751 2,08651 1,09026 1,213991 3,897841 5,680053 6,58476 4,062818 3,289482 3,356914 6,21842 2,019277 4,719857 1,937406 3,355064 4,532903 2,888924 2,833477 5,525791 8,488101 1,343803 3,486097 6,868699 2,063474 1,246183 2,676587 3,345466 1,553853 3,062946 3,184898 7,602236 14,82439 12,82712 9,600408 6,79516 3,759628 2,121538 4,166781 1,421783 1,693187 2,012794 7,002107 1,412264 5,363582 14,00254 12,95371 8,045772 3,60326
14,3222 13,56907 6,386766 2,423471 4,652238 4,491265 2,746258 3,830224 1,798435 1,000311 1,292601 5,57085 5,35097 3,470357 2,537834 4,083164 4,358055 3,266806 4,416714 6,158606 4,570295 5,110705 7,354661 6,179979 4,861095 6,32735 2,650991 3,696592 4,911212 5,161455 8,399601 2,946047 4,72506 5,470237 5,488537 3,835034 4,225323 2,199278 9,530727 2,061165 1,723813 0,6481004 1,025072 0,8462951 2,270387 9,216804 16,08656 11,08045 11,89342 9,521747 4,038042 2,642561 6,27258 7,195309 4,069593 3,816651 5,022847 2,427627 4,76084 10,48013 9,331471 4,926114 4,488132
14,86411 29,54948 17,19141 3,259911 6,372021 3,39477 1,749177 3,173909 1,070095 1,102175 0,4424707 4,201289 7,040847 6,089051 3,074084 3,049549 3,605095 3,639276 5,979294 11,7461 4,980873 3,085408 4,918627 3,467875 3,548415 5,814566 5,083113 1,62056 3,177199 4,769974 3,315309 2,706579 4,498281 4,614839 3,795164 6,096411 5,86954 6,046045 5,818514 5,384486 11,02477 6,125732 1,738171 3,52808 2,630837 6,001833 8,296415 5,75329 5,047005 7,253058 4,766852 3,147434 7,266851 8,773769 2,593478 1,52391 2,176429 3,989072 1,097789 5,351181 7,180612 5,541895 10,06315
17,49831 21,25129 23,2884 14,19685 4,52445 3,373593 1,405194 2,243515 2,416874 3,848536 3,896348 4,42913 3,219407 2,527939 4,685867 6,482271 4,825812 4,737474 8,02504 3,192591 3,563674 3,540195 2,286946 1,975453 2,477352 5,616094 7,080657 5,432709 4,603113 3,266607 2,307002 2,610519 3,301486 3,667047 1,658059 2,528452 3,214436 3,124818 1,688192 2,415288 8,729253 5,446042 5,979749 4,754258 3,2349 10,16829 7,038163 2,951828 2,220419 3,635698 3,520036 4,418337 9,344083 5,609587 1,47004 5,494689 3,411565 1,294804 1,063643 2,01012 2,704371 3,406084 4,866077
14,77352 19,56568 32,76791 25,85629 6,055632 2,16406 2,681414 2,005834 2,78898 4,010591 7,584816 4,16986 2,547926 1,688526 2,796122 4,380094 4,258532 3,686836 2,129952 4,135767 6,545214 9,676936 4,47375 0,7619884 3,118077 5,708097 9,254333 4,261369 2,566459 4,126601 2,020684 0,7984638 2,779878 3,885795 7,683388 4,215422 2,163055 10,12485 5,851449 3,376304 4,951347 1,706482 6,997296 3,477225 7,791966 2,160159 4,086586 4,130141 3,09103 7,452881 9,518576 3,051015 5,17148 2,266776 2,646749 2,741248 2,924341 1,770897 1,403707 0,9241586 1,996114 3,555219 2,574633
