test/g2lab/icchange/view/histogram/uncertainties.txt
ncols         411
nrows         508
xllcorner     532720
yllcorner     5948510
cellsize      5
NODATA_value  -9999
[rows 140 to 167 of 508, columns 0 to 62 of 411]
2,725617 2,026364 4,295322 6,598336 5,966439 5,620202 4,637964 7,949701 8,143353 0,4639164 0,5395949 0,7445496 2,134669 8,976241 3,138283 1,508598 1,909191 1,174009 1,845388 4,06884 3,076164 9,853001 9,00392 1,346881 1,414964 6,672396 2,175533 1,198139 3,503633 5,519619 1,462767 1,721997 5,287344 0,273045 0,7266867 0,2373893 2,519168 1,269507 1,425984 1,757149 2,89315 5,185635 2,163495 1,365766 4,65689 8,686563 6,655246 2,334505 1,392937 2,306624 4,057158 1,879658 3,286072 1,535531 4,71211 5,463643 6,479805 2,164111 2,969559 3,796771 3,074254 4,750019 3,844701
2,572901 0,8213162 5,826901 2,744638 4,35152 5,118197 4,261497 5,678236 6,380136 2,922838 4,311344 3,034555 3,87914 2,139996 2,706604 1,44819 1,86515 0,750905 2,586383 6,468419 6,079313 4,487277 1,808307 0,7416617 3,766846 3,084531 1,916016 2,675243 2,112179 3,248286 1,528665 5,148994 7,464007 0,846871 1,06765 2,086067 5,881414 3,205224 3,093366 2,552209 4,776711 7,152394 0,7580228 2,776876 4,604206 5,192111 3,237091 6,05161 1,833893 3,822023 15,75164 9,36951 4,649793 0,8836721 3,835937 4,749406 10,63894 2,107262 2,387946 8,070321 2,522722 6,457133 5,468751
2,658763 3,244928 7,518532 1,791993 2,106895 5,733257 4,237594 2,93996 3,042541 2,63506 4,39768 1,89077 3,241081 4,913062 1,724796 1,329743 4,220665 9,517328 3,73709 2,797585 6,232896 0,388809 1,088042 3,579587 4,412484 1,409211 1,589669 4,180513 6,166611 1,744157 1,707864 2,535074 2,585058 0,7519639 0,3711071 1,028495 2,988902 1,532829 2,338503 0,7377611 1,578177 3,81362 0,2210797 2,682163 0,8276513 3,961585 3,558825 3,11929 3,489563 3,634196 4,084572 4,10953 2,294653 2,625023 3,684035 3,77426 6,886365 1,945401 1,152782 3,546577 4,505644 3,169822 2,014629
3,707868 2,77136 6,70606 4,735199 1,997119 2,309865 1,944107 4,239794 2,108022 1,585541 1,15371 0,9084225 2,303929 2,691872 4,209704 1,162883 3,361958 4,516768 2,422604 1,94977 1,033434 3,035658 0,6024011 0,5739081 1,492219 3,075898 1,060576 4,773166 7,280713 2,473765 0,1877171 1,819419 0,8566073 0,5207397 1,326044 0,7552671 1,015354 3,186188 1,24937 0,9957618 3,920625 3,127641 1,422618 1,503769 4,169692 9,86733 9,218441 10,53575 8,197761 3,488806 2,545058 2,448811 1,347123 1,31839 1,458911 2,803086 2,398587 1,475589 4,000625 5,495081 4,195278 1,250617 1,105399
3,160777 0,1846101 2,425616 6,095637 1,546465 0,3353043 1,315527 1,612039 0,9443066 2,67103 0,5396128 1,342988 4,987708 4,743032 3,982052 2,297591 2,528343 1,813877 0,2120514 2,498022 1,076224 1,455488 1,733948 1,847668 0,8213022 11,36947 5,431979 2,506539 4,385837 0,5572698 2,432082 5,726261 3,014919 0,9975254 0,685879 0,9253885 0,2031344 4,072276 4,262715 4,807992 1,773768 1,711989 1,443016 2,358694 0,1762897 0,7585942 6,190689 2,588545 3,882686 1,226117 0,6382714 3,089662 1,333504 2,748068 0,2460918 2,304097 1,910724 1,531611 3,631335 3,91823 5,460824 3,632002 1,220452
0,6359893 3,266475 0,5285145 4,789255 3,614307 1,604513 1,449055 0,7312646 1,412199 2,479318 2,094718 2,654321 5,697783 5,09714 4,428067 6,544552 2,478319 1,71614 0,759985 5,240738 2,487959 1,993039 0,1292112 0,6717182 1,927038 9,383311 4,296604 3,254134 2,82036 0,5825633 1,125422 2,250804 1,951468 1,376044 0,3017788 1,208635 1,258857 0,5973234 4,2144 4,996936 3,552381 1,16951 0,9933227 0,4954515 1,041294 1,119147 2,542785 6,063828 4,649024 3,931506 0,9904366 7,359511 4,414095 2,463111 3,106245 2,113035 3,896252 1,723167 3,22252 6,595235 5,268735 4,371735 7,48979
4,093573 4,669599 1,680092 5,057775 5,603267 1,579847 5,139008 6,52913 1,422858 3,575262 3,997488 4,188556 3,114724 0,7184142 1,324958 1,152289 2,284841 3,283802 4,441704 1,916111 0,8692539 4,668851 1,750465 0,4831742 5,729049 8,434641 2,536962 1,045632 2,028994 0,697827 0,5887654 2,18719 4,749166 1,602556 0,1039059 0,0356972 0,8999848 3,895518 2,00313 4,611183 6,283401 0,2268194 1,284272 1,439408 0,4681875 1,395061 3,727868 4,563678 5,127523 2,890659 1,5286 3,174523 1,013521 0,8562127 1,205111 2,245281 3,950196 5,042571 2,101409 3,798606 5,023045 3,102863 7,588602
9,681362 2,421656 4,429738 6,444597 5,223763 2,521847 5,578302 1,31194 1,058257 3,89327 4,381478 5,630004 6,185977 2,093518 2,054981 2,247082 1,033248 4,163254 4,27474 1,836653 1,079728 1,214005 2,888843 3,395975 1,008157 1,871741 3,058814 1,160811 0,4888763 0,9891185 1,768743 7,787899 5,503241 1,695426 1,780567 0,8757914 0,8943313 5,947471 1,818739 0,7492726 0,6681394 0,4177998 1,267924 3,974326 1,989146 2,069349 0,7993944 0,513234 4,816791 2,484415 4,852581 1,247131 1,269009 1,235785 0,680895 6,269975 3,413363 5,371296 1,516947 5,187704 3,956956 4,42819 6,772046
2,886676 1,383637 2,67348 5,378005 2,159009 6,673401 4,624271 4,428671 3,057744 0,277488 1,196006 2,951985 7,421651 9,994331 6,213052 2,461979 0,9217252 0,453881 1,576266 2,277788 1,926437 1,386498 2,572406 4,220875 1,249934 0,9852045 4,554566 5,01171 2,114758 0,9838433 0,4419398 5,085362 2,253613 1,771013 3,077096 3,421376 2,288945 3,363991 1,905397 1,385687 1,814396 0,9680024 2,305846 4,222162 2,192855 1,620436 0,4329198 1,116325 3,122625 8,683118 11,44117 4,961115 11,43409 0,4008671 5,624074 1,49248 9,225839 5,323351 2,798288 6,213086 1,622357 0,8955989 7,171526
2,342767 4,551809 10,21296 3,114008 0,7709124 5,37437 4,395082 2,355136 2,280021 0,6768339 2,80198 5,101429 9,697906 3,559278 2,66813 1,948526 2,734067 2,310315 0,9413613 3,310192 1,834964 1,100974 0,7128358 1,501011 2,401474 0,698618 5,09033 2,965489 1,910244 1,816675 0,6382283 0,8531814 1,838155 1,743671 2,098271 4,967419 2,873008 2,721729 2,780275 1,742326 1,876346 5,279902 1,029258 1,03254 2,412251 3,323906 3,679119 1,483463 3,087274 6,973539 3,094117 2,806913 3,08896 4,031034 8,506906 1,561884 4,784183 7,238761 3,683791 1,149872 1,510461 3,152955 3,280967
1,023293 2,219043 3,967324 2,425566 1,069731 6,666385 1,351734 2,294818 4,222596 1,612211 2,127949 3,384326 7,307174 2,782136 6,019126 4,678093 7,615146 4,155382 1,592791 2,163315 2,055408 1,05177 1,912362 1,937244 3,998809 1,239178 2,858524 2,406108 1,842766 4,607712 2,304329 0,2477205 2,497165 2,285269 1,173434 0,8956244 3,957101 2,925794 2,317703 14,0975 3,643075 1,01943 0,615037 1,033506 1,874122 4,00622 3,107058 2,842078 1,429717 8,653028 3,518563 5,108989 5,212783 1,78144 3,049443 0,9333736 0,9465449 1,240327 3,084265 0,7831234 0,3197326 1,513868 1,888392
2,587905 1,229695 2,126604 4,406431 1,844138 3,848753 0,4962491 1,078585 2,133737 5,461345 10,12667 5,012338 1,163158 1,212073 5,777427 0,3668997 2,646954 2,28869 1,800318 1,463961 1,464252 1,067147 0,5887524 0,7429578 0,6737171 0,8732716 2,745636 0,9022236 3,028132 5,046237 0,8150823 0,1485801 1,822407 2,730901 3,758647 3,119594 2,155742 4,690681 1,892093 6,254718 5,289364 1,582176 1,119137 1,196115 6,554942 4,020306 0,4019419 0,3056595 0,9401373 3,489975 3,485375 3,335464 3,075459 8,648291 7,750615 1,837907 2,047374 1,666349 0,7874959 1,538547 1,110869 3,309527 2,691227
4,542606 1,32441 1,946039 0,8577083 1,905745 4,194241 2,919385 1,335916 3,62114 5,08442 1,644463 2,966964 5,583735 3,568743 3,626678 1,526045 1,112163 1,778749 3,560139 5,189195 0,8939925 0,7840534 1,703621 0,5689864 0,8192683 1,454841 6,628894 2,546489 3,537221 2,680232 0,7303463 1,808959 3,656968 2,70037 3,501113 10,29155 3,956886 3,142179 3,006226 2,521948 0,2963254 2,024637 1,043885 2,439345 8,20424 4,670163 1,891283 2,867346 2,639375 0,3333879 2,897571 9,884013 10,71523 4,991142 3,637657 4,548081 10,10396 4,972903 2,990475 9,149637 2,507115 5,288439 3,390802
1,955255 0,9147051 1,962521 1,177509 2,177972 0,6806712 1,805398 2,742676 0,8205789 1,368137 1,002376 1,793735 3,790351 4,82819 2,326363 1,218251 2,35221 2,221988 3,279932 4,476838 1,12985 2,028028 2,138528 2,59788 2,336579 1,597593 1,913891 5,969727 1,874488 2,21832 2,23034 2,949434 2,594125 1,220418 0,1386929 6,550315 2,724459 2,307451 6,392056 2,38079 3,147821 5,453677 4,852281 2,214912 3,110441 1,046075 0,2687101 8,589815 7,345497 1,939453 3,883462 4,203125 2,793439 2,204465 3,655317 10,3182 6,861771 8,221534 1,353256 3,793838 3,762401 4,075833 3,575706
0,4749882 0,715162 1,74716 1,632259 1,197509 1,35663 2,068685 3,709409 2,754189 6,082559 2,239023 3,651496 3,769375 4,908981 3,274847 2,771869 8,846395 1,566513 0,5050489 1,177592 0,0703399 2,790737 6,58501 1,569266 3,151252 3,036032 0,5527919 3,196157 0,621097 3,424187 2,295453 2,898632 4,759217 1,641309 2,55881 2,504056 1,610286 2,279118 3,355179 0,9435204 2,721907 3,828224 3,391315 1,603999 1,548954 1,315895 1,634787 5,974265 6,468911 6,255528 1,556448 3,250872 5,080872 1,055911 3,221479 6,100431 4,728226 4,053751 2,895347 2,354642 8,061071 1,9649 0,4330633
1,69878 1,803501 4,680686 2,79079 1,996975 6,763521 5,410077 2,476793 1,998768 5,530187 7,754303 6,719196 5,3788 8,645644 3,195625 5,477286 3,08652 2,505575 8,022924 5,091307 1,506428 1,750211 0,804042 1,27333 2,810334 1,995257 1,440355 2,239886 2,141698 4,41831 1,628751 6,667379 7,769259 2,003635 4,472302 3,13626 5,091245 1,873137 3,466524 2,912136 4,512291 0,05774148 1,121138 1,292394 3,376313 1,325769 0,9048983 0,4043778 0,9301261 3,490745 2,625191 1,170857 1,698374 1,297537 2,960916 2,884462 2,881386 7,453858 6,645576 0,6470277 0,6554486 2,267303 0,4575549
4,032962 2,347802 9,760087 2,998425 1,856287 4,492554 7,631602 3,786844 2,373651 7,154686 15,28483 10,83552 2,792248 2,359087 1,859578 1,585948 1,277086 2,741462 4,226095 6,051712 3,577771 2,048922 1,005074 1,126881 0,5891387 0,8770063 1,106686 2,119029 0,2974632 2,444612 0,5479602 17,09619 7,650486 1,41386 0,540023 12,38542 6,075564 1,29269 0,5976645 4,81504 7,190264 0,4063337 0,1851038 1,833488 1,18888 0,1050854 1,004875 1,492858 0,3516752 1,312045 2,309968 0,6896316 0,4685458 2,963654 9,012091 3,001913 2,48658 2,053279 2,350339 1,521601 4,162597 1,875767 1,917483
1,393892 1,878465 7,714784 1,815773 0,3495925 3,981506 5,813764 1,051641 2,256859 4,931975 14,70359 7,900516 2,268192 2,13399 2,467082 3,156321 1,960256 1,132823 3,517083 7,615317 3,252981 1,807802 2,466246 1,298431 0,8503563 2,472106 2,404167 1,153059 4,437936 3,280048 1,140817 3,217871 0,3032819 8,593032 9,138396 5,172828 7,394474 1,161006 0,5499455 1,538579 2,762946 5,23916 2,609417 1,859518 1,736588 0,783032 0,6978142 2,569427 4,776568 2,301182 1,692211 1,153294 3,034837 4,295695 9,353836 5,262619 8,25107 1,560847 2,765185 1,670124 4,985672 4,292982 1,866503
3,003826 2,490419 3,449708 1,342018 0,6508 4,201607 4,785747 1,683158 2,917159 2,033323 7,078866 5,386082 3,873671 9,608841 5,964777 1,671142 0,8299749 1,880383 6,074733 7,080804 5,799376 2,571431 3,299199 0,9667559 3,507333 0,958001 1,180908 1,588403 4,783362 0,6447916 2,47578 0,6560434 5,51578 3,995016 0,7090871 1,405509 2,223143 2,6572 2,57596 0,8743567 4,825175 2,027721 3,453809 2,100743 0,7291667 1,493632 1,063337 7,600165 6,013661 1,533917 1,594957 3,495427 6,703591 4,418683 8,075122 2,408281 3,207337 2,198456 0,9173468 2,522055 2,817581 11,01355 4,648641
2,675367 2,08605 1,983095 1,79837 3,227576 1,08782 0,2259381 0,4554917 1,979621 4,241658 3,395141 3,58745 2,130948 4,433739 2,452492 0,7135586 2,652634 3,448731 2,56134 1,356863 3,615779 0,8661381 2,354047 2,505223 2,992575 0,08466413 3,871698 4,515636 2,561357 1,066171 10,21207 2,624762 2,041514 0,9233716 1,280152 1,034305 4,219356 1,981759 3,391866 0,7381927 1,648669 3,379371 6,41984 1,797588 6,2455 1,325928 0,8939595 1,284585 2,70401 3,925279 2,613085 6,962166 4,203169 1,435685 8,029195 6,919365 3,795595 3,983774 2,963736 1,682645 1,751935 8,629939 2,860314
3,294699 1,365745 1,000679 0,4178366 2,631651 1,764659 1,112614 0,3960268 2,130498 5,978967 4,549843 5,848048 6,969524 5,478723 1,837654 0,776787 2,498356 3,15607 2,809575 4,217937 0,3462606 4,874395 1,007267 0,3810161 0,9458013 0,8024083 4,002963 1,194925 2,752971 0,5328301 7,120878 0,6846355 1,415532 0,7691812 1,256275 0,8011184 3,212985 0,9206141 0,4526237 1,873149 0,9306422 0,5393963 0,1937099 1,864506 3,950781 0,9927017 1,005249 0,9325029 0,7643016 1,226039 1,086383 3,492823 1,699307 1,517304 6,329302 3,678731 1,363522 3,783325 2,836687 2,229621 1,447226 1,23553 3,582633
2,54449 4,732191 4,791432 2,558487 4,228597 2,555385 0,2295979 0,1024054 1,170023 4,102691 7,403474 10,34822 5,929755 2,422559 2,12195 1,30942 4,937725 8,338147 3,929498 1,758658 1,583358 1,827392 3,529266 1,583378 0,6962943 1,824092 2,292844 2,622552 0,5440632 2,942156 1,132272 0,2005725 4,9075 2,108495 3,007402 2,104831 1,446894 1,789227 3,185528 1,373157 3,555865 2,403238 0,2516384 0,7284763 2,340694 3,738101 1,821325 1,340461 2,918512 4,136527 1,179064 2,744599 2,510029 0,7214866 7,610687 4,847945 1,658233 3,197412 1,500348 6,730408 2,143271 3,431106 7,799964
1,821466 4,018877 3,704211 2,420023 3,884451 2,949805 2,606427 2,430993 1,155246 2,065953 1,307952 2,438139 3,516903 0,8535613 0,5497558 1,078231 4,098933 5,575893 2,484776 1,530207 1,264754 1,219362 3,310475 1,258727 1,310831 2,634609 4,460971 4,129957 0,5135285 5,110173 1,474667 1,111428 1,060084 3,952112 3,631953 0,3697193 1,629636 1,936218 1,423769 4,627206 5,243757 2,433846 1,038833 1,850075 2,285817 2,25342 1,259456 2,119629 2,622441 2,704966 1,504341 2,200666 0,9934049 1,595675 2,199608 3,340551 11,28495 1,986265 1,909524 4,67927 3,073185 0,9607916 7,98507
2,218857 2,015187 3,373639 2,740865 1,829146 0,8156651 2,036028 4,497872 0,9097601 1,808082 0,9825429 0,4329749 1,024724 1,129348 1,419398 1,212605 0,5409411 0,6613592 1,495657 3,28413 2,26008 3,355056 3,204596 1,415148 3,912784 4,14928 2,126951 2,40874 1,788789 2,057593 5,655988 2,724632 4,000559 3,555268 1,97986 2,802437 3,758222 5,318852 3,494941 6,099179 2,802289 3,413294 2,294713 1,940833 0,9697344 0,9292473 1,836013 2,286526 1,158265 0,8397412 2,086508 1,531076 2,074575 3,496484 8,063144 0,6074843 2,899003 1,340046 0,9370225 3,707242 3,77924 1,221485 0,8778965
2,936062 1,274362 2,239984 4,918367 2,608188 0,3018573 1,610789 4,279425 3,12111 1,31039 1,049521 0,460605 1,895121 3,123252 0,9162669 2,494545 2,820942 1,936858 1,843658 2,127103 2,58664 3,719897 7,760691 0,9095836 1,46429 0,6723326 1,338984 2,045266 1,165303 6,473013 7,013306 7,287467 5,161028 4,0355 1,539248 0,9271507 4,414526 2,228921 2,716712 2,883561 1,434369 1,59589 3,003048 1,537468 3,131054 1,36326 1,085786 0,4823368 0,5025873 0,7717476 0,2437456 1,575684 1,44801 6,45243 5,354548 4,795925 1,145977 1,439504 0,9395937 7,026686 4,023353 7,943365 3,702492
2,954086 3,434758 7,040397 7,40341 5,289552 2,419325 2,093291 5,733819 4,378271 1,518457 1,481875 1,834566 1,271771 1,079393 1,034548 1,476132 2,428406 1,873649 0,5307483 1,26204 1,775535 3,529469 4,620036 1,941071 1,56234 3,292298 0,2701492 0,983571 5,03136 5,035111 3,280403 1,035197 4,57912 4,556902 3,985815 1,168657 1,880309 3,020378 3,058506 1,896016 0,8300583 0,8480053 3,193498 2,210105 3,385802 0,648887 5,071035 1,645088 1,670891 3,445645 1,127663 4,344886 0,9798052 6,944134 8,037872 1,759029 4,094421 6,130822 1,887965 6,242245 5,609471 4,017125 1,939299
0,8595261 2,400652 5,215021 4,79742 2,246387 1,069085 1,364077 3,637866 2,442552 3,691414 5,14887 4,15314 3,091624 2,745094 2,26238 6,973749 7,811501 0,8370304 1,309463 0,8859983 4,690548 4,862881 4,995483 3,762142 3,749772 7,599439 4,430694 0,8773357 1,859718 2,266114 1,039812 0,4446692 1,625295 2,446903 2,242207 0,437572 2,554093 0,5453182 5,345654 3,432909 1,33036 3,699664 5,512989 2,527872 3,212668 3,199561 0,9684846 0,5725465 3,271227 2,711842 0,4027734 2,288544 5,625834 2,389796 3,107924 0,2532594 7,622366 5,221644 2,579378 5,36568 8,860046 2,841197 0,6742483
3,080675 6,436334 4,959418 3,366492 1,131885 2,721972 1,122684 1,42224 6,10363 4,657983 5,181304 2,673068 0,9194216 1,487491 0,5321661 2,718539 2,105144 2,632305 2,645281 1,593406 1,810069 0,4338138 1,094681 3,088945 4,314534 7,901463 3,05239 1,286589 1,628252 5,653358 9,299071 1,47608 2,32538 4,64129 2,648757 0,9478034 1,374652 0,1561507 1,73627 2,342691 3,351236 0,9043652 7,417882 2,10108 0,9634064 3,119856 0,4978797 0,4204786 2,052572 3,883987 2,910323 1,769077 4,326422 3,075775 1,837299 1,556329 11,75302 6,042533 5,025967 5,265054 10,94592 1,047678 1,183046
