test/net/g2lab/icchange/view/histogram/change-07_b3.txt
ncols         411
nrows         508
xllcorner     532720
yllcorner     5948510
cellsize      5
NODATA_value  -9999
[rows 266 to 303 of 508, columns 84 to 167 of 411]
2544 2563 2572 2551 2516 2493 2492 2436 2369 2366 2407 2436 2480 2521 2526 2474 2401 2359 2335 2313 2306 2273 2352 2403 2179 2312 2451 2489 2490 2410 2410 2509 2393 2403 2504 2505 2597 2718 2790 2873 2985 3169 3303 3354 3343 3172 3107 3173 3323 3328 3239 3281 3452 3534 3477 3490 3605 3716 3905 4019 3980 3895 3930 3985 3908 3871 3985 4083 4075 4111 4061 4033 4027 3970 4154 4387 4360 4210 4045 4137 4364 4403 4253 4300
2584 2651 2696 2638 2533 2494 2505 2459 2413 2439 2520 2498 2480 2532 2530 2452 2374 2338 2320 2343 2360 2352 2319 2309 2247 2489 2454 2286 2308 2444 2397 2479 2531 2468 2452 2481 2563 2733 2859 2879 2840 2916 3082 3197 3210 3152 3091 3103 3203 3310 3346 3348 3364 3448 3495 3457 3597 3779 3898 3930 3903 3794 3775 3825 3714 3793 3991 4026 4049 4026 3964 3797 4010 4184 4212 4307 4469 4357 4170 4254 4384 4439 4301 4380
2469 2598 2673 2614 2501 2462 2504 2472 2440 2512 2634 2504 2407 2452 2450 2375 2301 2299 2316 2356 2378 2345 2184 2239 2336 2357 2295 2177 2294 2533 2323 2243 2445 2491 2521 2534 2577 2697 2799 2886 2861 2799 2931 3090 3129 3052 3088 3228 3302 3277 3267 3290 3285 3226 3254 3446 3727 3830 3834 3888 3956 3887 3742 3675 3617 3886 3993 3834 3920 4003 3946 3788 4093 4249 4066 3977 4234 4358 4276 4278 4158 4311 4570 4560
2410 2497 2591 2511 2402 2436 2511 2477 2429 2496 2569 2454 2393 2401 2385 2335 2301 2313 2329 2350 2329 2311 2276 2349 2438 2373 2352 2268 2285 2457 2441 2331 2435 2576 2596 2604 2643 2719 2735 2939 2977 2832 2940 2982 2949 2873 2933 3140 3265 3195 3083 3092 3197 3215 3205 3488 3815 3872 3830 3926 4071 3993 3776 3601 3612 3905 3909 3791 3959 3972 3984 3906 3950 4000 3958 3985 4231 4460 4371 4279 4359 4453 4634 4660
2533 2471 2466 2457 2438 2488 2544 2477 2380 2338 2425 2442 2426 2394 2385 2393 2388 2364 2368 2362 2278 2396 2426 2293 2550 2575 2416 2291 2198 2356 2537 2399 2442 2556 2591 2621 2618 2627 2677 2831 2790 2709 2862 2905 2782 2772 2886 3076 3170 3144 3123 3131 3226 3325 3336 3480 3767 3866 3821 3908 4019 3918 3729 3628 3737 3901 3919 3976 4016 3836 3956 3896 3795 3936 4147 4295 4430 4659 4492 4334 4431 4335 4500 4652
2601 2478 2416 2512 2595 2574 2483 2397 2340 2295 2387 2471 2428 2422 2451 2478 2471 2421 2386 2352 2296 2426 2361 2226 2522 2523 2311 2248 2328 2311 2423 2406 2406 2479 2545 2570 2511 2491 2607 2731 2653 2681 2871 3031 2927 2817 2893 2993 3006 3058 3148 3205 3206 3345 3475 3462 3607 3728 3737 3796 3896 3869 3790 3828 3873 3926 3962 3973 3877 3745 3856 3914 3959 4185 4412 4487 4517 4622 4460 4278 4261 4266 4518 4640
2535 2570 2506 2478 2584 2628 2525 2422 2444 2491 2486 2463 2421 2448 2511 2531 2474 2391 2341 2317 2331 2418 2412 2244 2283 2336 2299 2342 2453 2263 2388 2482 2345 2398 2527 2552 2481 2485 2602 2716 2690 2846 2909 2881 2839 2831 2862 2877 2833 2887 3052 3141 3086 3276 3456 3424 3447 3578 3681 3764 3970 4086 4004 3939 3896 3882 3849 3752 3799 3827 3918 4125 4198 4292 4411 4441 4426 4349 4257 4207 4310 4420 4499 4517
2516 2708 2725 2658 2601 2615 2609 2537 2411 2432 2488 2445 2402 2419 2472 2498 2419 2321 2287 2272 2310 2356 2392 2306 2214 2335 2343 2321 2390 2385 2498 2508 2376 2429 2568 2576 2541 2607 2689 2717 2752 2932 2869 2754 2790 2836 2887 2880 2825 2846 2960 3033 3049 3338 3421 3329 3364 3614 3850 3910 3959 4114 4051 3822 3693 3653 3678 3703 3842 3969 4146 4360 4224 4243 4353 4405 4499 4310 4211 4349 4542 4526 4350 4358
2549 2640 2696 2654 2583 2509 2519 2549 2504 2473 2496 2434 2394 2421 2465 2478 2403 2314 2274 2263 2230 2204 2243 2476 2411 2312 2304 2259 2343 2431 2355 2476 2472 2486 2583 2497 2528 2674 2706 2662 2674 2811 2835 2839 2897 2950 2975 2948 2911 2943 3029 3070 3091 3250 3323 3246 3342 3638 3955 3944 3778 3854 3955 3930 3827 3732 3788 3780 3775 4095 4322 4360 4234 4327 4424 4574 4739 4489 4309 4381 4400 4423 4313 4289
2519 2510 2532 2568 2615 2619 2612 2617 2618 2575 2502 2448 2414 2444 2506 2501 2426 2370 2340 2294 2184 2195 2300 2461 2394 2252 2326 2483 2407 2337 2288 2449 2473 2509 2527 2352 2439 2615 2654 2622 2577 2700 2882 2934 2948 2953 2941 2913 2903 2927 2964 2991 3016 3136 3356 3414 3484 3671 3834 3874 3837 3885 3948 4094 4118 4025 3942 4007 4073 4271 4333 4373 4471 4622 4666 4672 4726 4536 4355 4161 4137 4410 4457 4413
2538 2520 2523 2551 2578 2592 2609 2578 2541 2551 2513 2459 2442 2466 2507 2494 2438 2413 2390 2358 2299 2309 2353 2343 2335 2316 2340 2427 2347 2351 2358 2371 2429 2605 2524 2336 2470 2592 2635 2628 2615 2697 2874 2935 2942 2880 2818 2809 2838 2900 2943 2962 3104 3203 3285 3300 3344 3480 3646 3753 3889 3986 3988 4006 4046 3989 3997 4249 4326 4300 4443 4477 4544 4644 4679 4449 4359 4402 4324 4217 4221 4502 4602 4551
2597 2602 2593 2542 2446 2424 2492 2540 2501 2474 2446 2436 2463 2498 2512 2472 2413 2391 2379 2399 2402 2384 2383 2373 2345 2337 2321 2343 2374 2347 2346 2349 2405 2566 2532 2481 2653 2649 2631 2637 2686 2752 2921 3016 2985 2886 2808 2817 2882 2970 3082 3172 3374 3397 3231 3143 3172 3324 3503 3632 3811 3921 3956 3906 4089 4287 4337 4375 4292 4323 4396 4311 4220 4297 4445 4427 4352 4350 4368 4565 4395 4412 4604 4440
2520 2459 2518 2559 2464 2385 2468 2602 2511 2397 2402 2411 2462 2518 2521 2451 2397 2383 2376 2411 2398 2346 2356 2370 2364 2351 2336 2357 2410 2393 2330 2316 2321 2367 2422 2515 2626 2615 2603 2568 2576 2644 2894 3062 3040 2959 2904 2904 2972 3056 3272 3276 3235 3303 3221 3237 3397 3474 3445 3537 3718 3698 3927 4177 4293 4520 4695 4582 4297 4140 4091 4036 3964 4163 4396 4437 4390 4290 4234 4290 4178 4202 4380 4265
2568 2438 2472 2627 2681 2597 2498 2506 2488 2434 2448 2454 2494 2538 2516 2446 2427 2422 2414 2415 2349 2302 2332 2386 2399 2354 2315 2320 2390 2392 2304 2304 2340 2377 2426 2494 2538 2559 2585 2598 2540 2569 2778 2955 2943 2895 2937 2963 2979 3049 3200 3199 3122 3236 3156 3157 3326 3459 3471 3628 3931 4076 4189 4339 4304 4342 4453 4463 4256 4072 3967 4078 4172 4185 4334 4343 4241 4116 4093 4133 4139 4081 4215 4328
2589 2564 2499 2568 2663 2670 2449 2362 2509 2498 2498 2520 2531 2522 2473 2424 2441 2469 2485 2437 2338 2276 2325 2406 2411 2342 2272 2273 2339 2387 2348 2334 2365 2405 2461 2536 2586 2612 2631 2650 2592 2558 2684 2816 2945 2984 2982 2985 3043 3164 3264 3281 3361 3348 3164 3132 3391 3691 3726 3871 4161 4327 4242 4271 4339 4340 4318 4356 4336 4211 4089 4036 4183 4237 4320 4348 4203 4054 4070 4214 4244 4154 4046 4150
2617 2699 2595 2567 2592 2564 2476 2407 2456 2438 2492 2528 2509 2469 2395 2376 2438 2498 2521 2443 2319 2280 2316 2391 2395 2338 2277 2305 2379 2413 2402 2379 2398 2414 2463 2519 2538 2562 2578 2599 2598 2612 2675 2799 2974 3111 3048 2938 2938 3141 3349 3350 3388 3459 3606 3742 3957 4216 4315 4255 4059 4018 4133 4242 4241 4234 4269 4365 4255 4097 4038 3968 4164 4361 4329 4301 4204 4100 4102 4152 4177 4060 3901 3974
2631 2687 2679 2618 2531 2523 2600 2599 2610 2543 2476 2474 2449 2382 2328 2361 2473 2517 2493 2418 2319 2291 2299 2336 2340 2315 2322 2428 2478 2427 2401 2378 2388 2403 2445 2472 2462 2460 2457 2510 2586 2644 2702 2763 2855 2952 2951 2910 2976 3139 3263 3392 3637 3988 4301 4446 4450 4316 4138 3973 3708 3601 3850 4158 4279 4238 4325 4491 4419 4203 4059 4063 4280 4397 4266 4203 4199 4172 4110 4051 4019 4028 4001 3998
2563 2655 2741 2630 2613 2617 2692 2714 2659 2599 2448 2394 2415 2364 2322 2410 2589 2585 2422 2390 2341 2298 2292 2292 2280 2298 2363 2534 2538 2392 2361 2338 2357 2408 2456 2475 2456 2431 2407 2428 2553 2666 2718 2741 2778 2830 2876 3053 3301 3476 3627 3848 4152 4389 4341 4222 4084 3828 3516 3530 3638 3767 3931 4221 4395 4334 4357 4362 4245 4206 4145 4106 4217 4345 4311 4231 4201 4209 4142 4020 3964 4094 4129 3989
2467 2619 2696 2620 2695 2659 2667 2617 2332 2403 2542 2511 2453 2391 2316 2402 2556 2500 2350 2388 2373 2363 2363 2319 2273 2292 2403 2545 2518 2383 2340 2325 2325 2395 2482 2503 2512 2505 2479 2415 2537 2709 2746 2759 2758 2819 2921 3136 3505 3791 3910 4046 4123 4105 3817 3529 3430 3419 3306 3426 3712 3913 4061 4175 4253 4181 4407 4295 4035 4108 4322 4244 4137 4370 4491 4379 4233 4210 4167 4058 3995 4063 4079 3932
2501 2580 2627 2669 2744 2628 2637 2557 2329 2487 2612 2556 2428 2463 2480 2408 2352 2375 2319 2425 2562 2430 2380 2361 2306 2296 2382 2481 2490 2424 2357 2334 2316 2386 2479 2508 2545 2577 2551 2476 2569 2716 2768 2764 2776 2846 2978 3137 3449 3668 3675 3661 3680 3504 3216 3133 3227 3293 3182 3203 3517 3839 4064 4084 4198 4305 4423 4385 4177 4203 4351 4305 4218 4455 4567 4481 4254 4158 4120 4059 4005 4016 3968 3900
2597 2571 2669 2744 2715 2606 2637 2598 2549 2612 2467 2426 2497 2617 2521 2340 2248 2418 2334 2425 2587 2360 2368 2335 2254 2384 2376 2431 2492 2446 2376 2349 2351 2405 2462 2481 2504 2520 2548 2562 2629 2670 2682 2702 2762 2860 2944 3015 3152 3289 3380 3354 3303 3217 3192 3247 3265 3236 3168 3173 3384 3873 4144 4121 4314 4323 4221 4366 4188 4055 4143 4305 4340 4368 4420 4414 4281 4102 4030 4011 4031 3997 3905 3900
2646 2591 2758 2747 2665 2603 2619 2564 2640 2622 2411 2401 2546 2547 2349 2412 2415 2398 2251 2283 2432 2433 2510 2352 2262 2443 2331 2351 2415 2388 2381 2370 2405 2463 2466 2448 2432 2423 2539 2639 2642 2593 2576 2641 2749 2847 2883 2888 2948 3019 3179 3255 3237 3265 3370 3372 3255 3171 3267 3413 3481 3893 4215 4239 4300 4140 4104 4274 4119 4016 4046 4151 4227 4260 4270 4294 4301 4132 3967 3951 4044 4031 3932 3966
2664 2633 2742 2705 2610 2565 2538 2450 2563 2725 2586 2435 2424 2394 2345 2627 2581 2380 2271 2227 2334 2466 2511 2368 2275 2292 2233 2394 2442 2390 2403 2355 2347 2422 2464 2472 2428 2432 2550 2645 2628 2566 2546 2614 2744 2827 2860 2909 2880 2808 3004 3167 3170 3168 3278 3324 3224 3162 3276 3425 3542 3873 4122 4230 4219 4003 4010 4141 4111 4229 4197 4134 4167 4197 4220 4227 4224 4103 3940 3921 4030 4062 4011 4046
2674 2621 2695 2662 2567 2536 2540 2492 2503 2709 2693 2426 2363 2488 2530 2583 2560 2512 2419 2311 2351 2393 2415 2374 2291 2185 2234 2474 2477 2456 2469 2419 2326 2346 2464 2510 2418 2469 2618 2606 2620 2615 2616 2689 2765 2819 2854 2912 2833 2740 2860 2911 2992 3102 3229 3286 3270 3225 3238 3301 3464 3728 3919 4168 4180 4019 4055 4051 4078 4251 4204 4138 4152 4129 4129 4186 4210 4139 4006 3931 4002 4111 4086 4071
2636 2524 2693 2728 2600 2574 2610 2553 2431 2532 2642 2528 2441 2610 2493 2361 2518 2588 2501 2384 2402 2281 2397 2507 2407 2252 2290 2419 2342 2391 2473 2454 2365 2292 2370 2457 2427 2554 2647 2535 2515 2554 2633 2709 2775 2789 2793 2835 2733 2762 2831 2767 2923 3193 3313 3289 3310 3303 3255 3211 3333 3565 3767 4061 4206 4165 4148 4005 3966 4109 4180 4159 4163 4197 4237 4330 4325 4202 4098 4064 4073 4110 4066 4044
2688 2582 2706 2726 2667 2580 2443 2567 2525 2451 2607 2644 2513 2500 2438 2358 2421 2454 2414 2441 2411 2221 2382 2527 2435 2345 2332 2305 2218 2276 2402 2443 2365 2281 2315 2443 2493 2526 2567 2521 2537 2567 2585 2629 2696 2749 2768 2741 2587 2789 2919 2819 2929 3195 3280 3164 3198 3286 3271 3192 3280 3448 3700 3965 4161 4238 4171 3997 3914 4001 4162 4156 4072 4045 4158 4328 4358 4164 3997 3925 4032 4057 4036 4111
2703 2618 2580 2581 2727 2667 2457 2665 2774 2579 2518 2630 2503 2412 2521 2437 2359 2356 2369 2509 2434 2232 2328 2373 2375 2350 2389 2313 2232 2276 2363 2458 2442 2374 2371 2467 2479 2388 2424 2536 2641 2674 2642 2637 2681 2727 2762 2746 2701 2858 2889 2800 2844 3008 3131 3145 3183 3232 3230 3233 3351 3453 3614 3851 4037 4147 4108 4020 4040 3931 3941 4033 4028 3957 3959 4080 4166 4122 4001 3912 4029 4202 4188 4226
2696 2603 2530 2520 2695 2725 2592 2590 2660 2583 2465 2559 2533 2493 2525 2423 2397 2437 2503 2614 2545 2358 2319 2311 2403 2431 2411 2390 2371 2363 2381 2447 2506 2479 2430 2403 2356 2286 2369 2507 2643 2686 2644 2650 2692 2699 2681 2666 2725 2791 2690 2711 2896 3058 2988 3161 3271 3224 3189 3302 3452 3458 3473 3668 3861 3946 4009 4081 4138 4076 4077 4130 4136 4136 4124 4092 4063 4081 4240 4198 3938 4090 4249 4180
2813 2770 2708 2615 2583 2546 2537 2581 2635 2628 2527 2472 2496 2515 2466 2411 2454 2515 2541 2545 2499 2446 2416 2443 2579 2477 2357 2423 2457 2410 2350 2365 2455 2507 2424 2309 2321 2351 2400 2513 2608 2610 2590 2648 2726 2733 2677 2637 2715 2722 2586 2668 2872 2968 2829 3074 3220 3157 3231 3298 3395 3369 3282 3421 3728 3884 3969 4092 4083 3991 4109 4187 4128 4054 4014 3956 3934 3972 4097 4195 4057 4070 4164 4136
2786 2808 2816 2683 2535 2519 2545 2646 2701 2655 2561 2497 2496 2472 2456 2422 2450 2512 2496 2387 2343 2409 2460 2482 2517 2411 2295 2380 2446 2400 2289 2278 2375 2486 2455 2353 2397 2415 2461 2539 2558 2532 2565 2679 2768 2793 2732 2690 2757 2727 2672 2811 2817 2825 2839 2995 3026 3139 3280 3163 3257 3345 3309 3369 3625 3961 4018 3995 3990 3916 3982 4089 4157 4108 4027 3902 3843 3939 4083 4207 4195 4050 4041 4011
2781 2717 2679 2655 2575 2558 2596 2689 2737 2686 2612 2566 2503 2446 2477 2482 2499 2521 2495 2386 2320 2373 2430 2386 2342 2386 2312 2306 2369 2374 2310 2262 2338 2452 2529 2436 2364 2363 2421 2515 2556 2539 2583 2711 2792 2789 2781 2740 2756 2729 2783 2891 2837 2898 2885 2857 2889 3092 3236 3144 3177 3390 3455 3365 3281 3688 3994 3902 4031 4122 4044 4032 4112 4216 4209 4097 3954 3960 4072 4098 4081 4061 4073 4081
2766 2706 2671 2659 2603 2581 2634 2695 2709 2664 2619 2615 2545 2496 2538 2539 2560 2550 2485 2376 2321 2368 2419 2416 2408 2365 2195 2240 2372 2427 2403 2346 2353 2436 2513 2408 2246 2257 2327 2479 2576 2567 2615 2705 2750 2720 2842 2846 2760 2770 2738 2765 2777 2875 2775 2725 2844 2947 3076 3074 3128 3440 3487 3295 3167 3500 3852 3842 3862 4040 4094 4021 4009 4137 4191 4104 3998 3934 3982 4105 4156 4145 4105 4103
2684 2629 2612 2611 2578 2578 2623 2658 2634 2611 2618 2630 2580 2551 2552 2534 2557 2539 2450 2372 2360 2427 2472 2453 2479 2331 2165 2320 2503 2532 2437 2358 2332 2386 2410 2379 2242 2215 2314 2462 2565 2579 2599 2643 2672 2700 2838 2839 2800 2788 2638 2641 2709 2739 2659 2705 2759 2739 2938 3030 3173 3505 3517 3350 3285 3420 3626 3788 3877 4019 4087 4016 3981 4125 4241 4163 4005 3951 3846 3900 4050 4162 4064 3926
2789 2754 2638 2576 2577 2610 2658 2656 2614 2607 2632 2649 2617 2568 2508 2493 2528 2515 2438 2387 2415 2473 2516 2511 2524 2385 2305 2427 2507 2461 2321 2258 2230 2302 2394 2429 2317 2258 2359 2503 2542 2511 2519 2589 2640 2621 2651 2738 2822 2805 2671 2762 2721 2679 2715 2793 2779 2764 2969 3047 3154 3380 3400 3454 3392 3383 3498 3630 3790 3921 3975 3969 3999 4121 4190 4148 4060 4017 3789 3717 3930 4150 4245 4127
2846 2853 2690 2587 2619 2677 2714 2694 2648 2648 2683 2678 2615 2541 2469 2442 2463 2473 2447 2427 2460 2515 2532 2526 2518 2415 2418 2440 2358 2282 2255 2249 2229 2302 2399 2413 2335 2351 2421 2481 2471 2433 2438 2520 2591 2531 2546 2687 2717 2759 2808 2915 2740 2699 2789 2821 2874 2888 2985 3026 2940 3028 3253 3435 3439 3341 3367 3435 3577 3815 3975 4044 4062 4014 3950 3914 3899 3928 3868 3769 3858 4036 4146 4147
2755 2773 2665 2612 2661 2714 2716 2701 2672 2681 2716 2674 2594 2521 2464 2428 2436 2462 2473 2507 2542 2544 2499 2490 2457 2399 2454 2372 2225 2179 2225 2279 2295 2332 2329 2310 2324 2418 2424 2402 2442 2495 2488 2551 2615 2561 2729 2765 2577 2751 2871 2830 2667 2673 2692 2722 2877 2820 2889 2962 2777 2892 3151 3312 3362 3294 3285 3373 3463 3672 3909 4027 4031 3870 3746 3752 3850 3973 3968 3846 3831 3872 3903 3920
2692 2708 2748 2773 2696 2683 2646 2624 2603 2651 2692 2648 2607 2537 2483 2471 2465 2491 2537 2589 2605 2531 2454 2462 2406 2374 2434 2330 2197 2180 2258 2298 2329 2339 2306 2301 2391 2476 2429 2411 2475 2562 2537 2622 2636 2514 2726 2741 2596 2792 2825 2702 2613 2696 2624 2665 2793 2668 2801 2940 2870 3023 3098 3143 3243 3251 3298 3370 3351 3435 3670 3881 3941 3823 3673 3736 3922 3965 3933 3855 3847 3813 3762 3762
2888 2873 2847 2844 2665 2626 2612 2583 2608 2644 2648 2600 2612 2562 2513 2504 2491 2507 2566 2611 2613 2514 2434 2465 2407 2416 2446 2359 2301 2291 2299 2271 2332 2359 2348 2381 2502 2536 2441 2397 2469 2532 2508 2603 2649 2589 2665 2721 2710 2737 2675 2739 2788 2819 2758 2739 2717 2629 2789 2942 2962 3032 3022 3056 3176 3222 3214 3215 3219 3281 3454 3735 3864 3817 3667 3643 3781 3698 3628 3676 3773 3818 3768 3683
