test/net/g2lab/icchange/view/histogram/change-07_b2.txt
ncols         411
nrows         508
xllcorner     532720
yllcorner     5948510
cellsize      5
NODATA_value  -9999
[rows 304 to 341 of 508, columns 84 to 167 of 411]
3710 3941 4030 3824 3670 3806 3860 3825 3870 3880 3829 3782 3793 3840 3874 3854 3828 3821 3796 3741 3710 3750 3815 3819 3773 3747 3799 3864 3664 3580 3718 3742 3796 3820 3766 3726 3720 3817 3909 3832 3810 3844 3836 3998 4029 3949 3943 3927 4002 4096 4071 3936 3893 3996 4008 3962 4058 4219 4119 4074 4029 3907 4085 4225 4229 4264 4270 4248 4273 4368 4359 4369 4536 4762 4815 4693 4702 4806 4851 4807 4793 4657 4596 4729
3788 3874 3898 3783 3680 3780 3781 3773 3801 3812 3802 3781 3807 3861 3882 3873 3836 3775 3743 3692 3658 3683 3765 3807 3793 3773 3751 3780 3756 3675 3676 3694 3715 3691 3722 3752 3733 3680 3765 3803 3914 3895 3862 3985 3976 3969 3982 3926 3953 4057 4106 4042 3848 3891 4072 4071 4013 4064 4104 4103 3944 3850 4039 4109 4180 4267 4284 4247 4254 4285 4237 4285 4436 4584 4633 4595 4623 4735 4746 4684 4571 4419 4385 4595
3744 3691 3709 3703 3777 3870 3767 3740 3738 3733 3736 3744 3783 3838 3838 3856 3786 3669 3688 3690 3654 3658 3731 3786 3781 3771 3728 3801 3875 3699 3529 3623 3774 3740 3710 3844 3926 3694 3710 3888 3924 3853 3811 3862 3806 3954 4014 3951 3982 3948 4023 4098 3968 3985 4140 4103 3892 3907 4057 4057 3948 3927 4030 4010 4100 4179 4183 4160 4211 4248 4200 4173 4279 4381 4382 4407 4499 4610 4610 4518 4509 4509 4464 4483
3734 3750 3840 3846 3813 3819 3785 3789 3786 3784 3783 3775 3794 3800 3781 3790 3742 3668 3699 3713 3731 3752 3790 3794 3780 3767 3749 3767 3825 3738 3617 3707 3853 3780 3614 3644 3801 3753 3760 3846 3831 3798 3751 3721 3738 3922 4019 3967 3960 3911 3913 4071 4061 4022 4022 3996 3916 4035 4095 4014 4000 4051 4052 3998 4044 4059 4012 3992 4077 4093 4058 4034 4085 4140 4167 4201 4338 4476 4470 4396 4402 4382 4331 4364
3784 3812 3885 3870 3722 3720 3771 3771 3774 3805 3847 3856 3882 3858 3807 3787 3799 3774 3750 3737 3736 3777 3820 3807 3777 3738 3710 3670 3698 3725 3679 3745 3774 3713 3647 3685 3805 3817 3689 3714 3767 3775 3767 3766 3790 3858 3927 3941 3964 4019 3885 4019 4193 4077 3944 3929 3994 4111 4023 3900 3947 4042 3996 3940 3977 3969 3910 3902 3949 3895 3923 3959 3977 3956 3924 4003 4170 4351 4388 4292 4282 4061 4031 4238
3764 3854 3931 3884 3775 3785 3822 3791 3758 3763 3811 3866 3897 3876 3834 3849 3891 3878 3781 3676 3621 3642 3706 3724 3738 3677 3684 3745 3683 3652 3680 3735 3690 3659 3699 3772 3737 3729 3696 3726 3770 3818 3856 3847 3869 3913 3949 3961 3976 4020 3997 4063 4169 4115 4040 3992 3960 3963 3959 3812 3793 3850 3792 3813 3887 3890 3833 3839 3862 3797 3881 3909 3818 3764 3728 3827 4030 4193 4230 4168 4102 3892 3940 4061
3829 3931 3990 3992 3870 3775 3784 3787 3768 3765 3757 3769 3785 3789 3771 3829 3913 3886 3787 3634 3546 3553 3611 3684 3718 3680 3738 3828 3739 3653 3727 3830 3773 3682 3714 3737 3576 3695 3816 3787 3789 3832 3880 3890 3932 3982 4016 4022 3997 4008 4042 3999 3987 3959 3908 3881 3854 3913 4062 3916 3851 3816 3703 3729 3772 3739 3697 3751 3794 3793 3824 3758 3642 3599 3606 3677 3814 3927 3969 3975 3931 3835 3897 3818
3890 3936 3918 3868 3836 3770 3750 3728 3740 3764 3759 3752 3728 3701 3685 3693 3803 3853 3802 3729 3689 3716 3722 3735 3743 3724 3711 3806 3825 3752 3778 3828 3790 3727 3749 3754 3672 3807 3854 3760 3755 3795 3844 3882 3917 3955 3992 4040 4087 4080 4000 3951 3969 3994 3964 3926 3999 3941 3920 3888 3905 3876 3808 3836 3825 3701 3605 3649 3647 3681 3687 3577 3505 3499 3510 3500 3580 3692 3745 3794 3779 3728 3708 3639
3875 3892 3783 3665 3810 3876 3797 3744 3724 3752 3809 3861 3861 3846 3804 3658 3781 3856 3737 3807 3838 3863 3859 3799 3681 3675 3724 3763 3787 3709 3689 3654 3718 3817 3914 3876 3810 3825 3781 3686 3676 3743 3794 3849 3902 3958 4039 4016 4038 4136 4056 3902 3878 3939 4058 4132 4134 3906 3845 3899 3840 3791 3761 3773 3776 3697 3604 3585 3482 3627 3627 3446 3417 3426 3414 3386 3468 3602 3672 3664 3560 3451 3462 3551
3846 3887 3761 3675 3852 3901 3821 3768 3759 3737 3748 3790 3793 3849 3878 3787 3859 3808 3717 3865 3769 3736 3827 3859 3655 3673 3861 3749 3638 3680 3725 3614 3645 3848 3944 3799 3777 3798 3744 3676 3683 3764 3801 3855 3935 4012 4085 3885 3822 4046 4082 3989 3858 3820 3896 4113 4178 4002 3990 3994 3884 3818 3766 3700 3654 3635 3618 3615 3579 3673 3602 3377 3358 3371 3344 3344 3460 3572 3609 3496 3309 3213 3319 3441
3891 3922 3868 3810 3879 3881 3843 3820 3839 3826 3837 3817 3754 3726 3783 3831 3847 3724 3785 3895 3744 3694 3785 3832 3689 3630 3740 3716 3680 3790 3931 3815 3661 3738 3791 3639 3756 3838 3766 3735 3778 3826 3841 3861 3899 3953 3994 3870 3805 3952 4027 4080 4024 3921 3910 4088 4155 4076 4071 4032 3936 3859 3828 3766 3705 3687 3696 3794 3766 3629 3539 3476 3443 3384 3298 3292 3368 3462 3416 3327 3212 3154 3221 3298
3919 3915 3860 3832 3846 3859 3852 3846 3864 3888 3924 3900 3853 3854 3844 3852 3806 3715 3860 3911 3734 3691 3725 3746 3646 3559 3583 3721 3799 3764 3801 3798 3677 3619 3718 3725 3782 3805 3789 3801 3850 3866 3826 3793 3787 3795 3927 4044 4007 3944 3964 4050 4128 4135 4110 4156 4035 3973 4033 4012 3939 3860 3817 3757 3715 3727 3767 3857 3813 3708 3735 3536 3468 3410 3305 3433 3376 3249 3209 3254 3305 3275 3180 3188
3903 3844 3758 3744 3792 3834 3827 3834 3835 3847 3873 3853 3835 3859 3865 3871 3833 3806 3945 3903 3748 3713 3725 3760 3734 3651 3572 3659 3774 3780 3797 3807 3731 3601 3754 3866 3801 3754 3766 3841 3884 3839 3765 3712 3736 3740 3890 4107 4105 4037 3982 4010 4060 4144 4224 4211 4008 3955 4002 3966 3916 3848 3783 3731 3692 3696 3756 3835 3833 3750 3654 3349 3323 3426 3358 3372 3277 3146 3283 3391 3403 3271 3133 3178
3921 3850 3735 3721 3764 3809 3826 3850 3839 3804 3764 3718 3695 3760 3840 3888 3882 3905 3964 3833 3764 3737 3737 3774 3869 3811 3652 3708 3794 3800 3790 3807 3721 3636 3795 3813 3746 3714 3671 3724 3846 3860 3735 3711 3754 3827 3903 3971 4042 4115 4175 4108 3992 3952 4114 4187 4070 4044 4038 3983 3917 3882 3813 3722 3661 3655 3730 3772 3749 3501 3414 3379 3310 3439 3310 3068 3308 3349 3373 3431 3346 3138 3067 3194
3808 3840 3823 3805 3819 3842 3867 3887 3898 3909 3876 3814 3770 3734 3779 3819 3852 3906 3873 3752 3797 3772 3727 3750 3865 3804 3678 3765 3789 3732 3708 3764 3721 3720 3781 3650 3691 3731 3662 3676 3852 3899 3687 3774 3841 3888 3951 3917 3877 3990 4188 4230 4031 3878 3964 4038 4090 4123 4101 4053 3982 3942 3847 3721 3653 3643 3685 3651 3533 3332 3390 3442 3260 3410 3304 3094 3250 3369 3351 3368 3380 3235 3154 3175
3792 3810 3823 3845 3859 3875 3860 3838 3822 3885 3905 3945 3963 3805 3692 3710 3761 3834 3777 3742 3870 3812 3729 3703 3710 3604 3612 3764 3773 3677 3657 3738 3754 3779 3794 3705 3805 3823 3737 3746 3765 3723 3665 3871 3865 3817 3913 3894 3809 3870 4072 4171 4068 3980 4062 4029 4047 4141 4113 4077 4008 3908 3802 3661 3534 3496 3548 3465 3480 3482 3334 3308 3274 3378 3356 3150 3158 3382 3324 3315 3352 3250 3205 3139
3924 3896 3826 3857 3864 3839 3799 3852 3774 3688 3756 3817 3936 3969 3734 3637 3731 3817 3744 3810 3924 3817 3789 3728 3631 3520 3608 3769 3778 3688 3695 3772 3778 3748 3813 3864 3918 3826 3769 3742 3670 3623 3722 3890 3898 3802 3799 3860 3832 3913 4080 4152 4096 4130 4239 4217 4037 3963 3991 3994 3953 3831 3667 3537 3356 3292 3358 3317 3466 3486 3162 3260 3324 3300 3273 3241 3295 3436 3318 3258 3211 3162 3222 3145
3790 3827 3871 3898 3836 3852 3904 3933 3746 3585 3744 3853 3861 3898 3787 3674 3766 3880 3784 3877 3896 3817 3870 3821 3703 3637 3693 3748 3729 3688 3769 3790 3732 3674 3815 3904 3824 3720 3762 3727 3636 3704 3777 3869 3858 3727 3724 3815 3830 3952 4093 4107 4025 4061 4141 4149 4048 3939 3909 3902 3903 3816 3614 3426 3274 3192 3219 3238 3264 3317 3228 3317 3256 3205 3254 3401 3451 3436 3338 3236 3105 3170 3314 3234
3690 3851 3981 3928 3816 3939 4025 3897 3847 3768 3824 3875 3688 3731 3944 3935 3836 3759 3738 3866 3774 3794 3953 3792 3742 3737 3742 3671 3630 3678 3778 3750 3676 3677 3797 3785 3690 3650 3792 3746 3716 3795 3771 3761 3749 3733 3786 3824 3886 4017 4094 4018 3905 3937 3916 3963 4033 3992 3918 3811 3726 3650 3549 3400 3297 3227 3257 3247 3121 3288 3350 3272 3210 3316 3304 3314 3370 3318 3292 3255 3144 3267 3402 3289
3799 3939 3995 3893 3818 4008 3950 3821 3894 3871 3814 3790 3719 3755 3937 3961 3790 3610 3631 3782 3798 3816 3829 3616 3648 3732 3715 3604 3603 3687 3743 3702 3734 3769 3781 3745 3720 3784 3875 3779 3773 3780 3675 3670 3737 3824 3873 3852 3908 4015 4039 3955 3847 3793 3708 3763 3842 3840 3827 3715 3545 3448 3441 3399 3304 3255 3282 3313 3248 3218 3248 3288 3320 3396 3171 3071 3259 3156 3217 3263 3199 3310 3336 3258
3898 3916 3876 3826 3849 3966 3820 3754 3894 3893 3730 3693 3717 3702 3771 3838 3799 3725 3708 3814 3887 3753 3678 3715 3792 3744 3644 3608 3652 3757 3757 3708 3829 3825 3761 3748 3866 3925 3885 3764 3747 3651 3617 3739 3782 3862 3893 3849 3860 3944 3976 3902 3871 3799 3674 3651 3664 3665 3676 3669 3548 3402 3359 3338 3243 3158 3179 3186 3185 3159 3233 3388 3336 3111 3087 3159 3274 3134 3212 3252 3218 3262 3212 3257
3849 3778 3738 3813 3872 3888 3787 3770 3916 3920 3694 3710 3748 3661 3683 3784 3827 3804 3756 3800 3848 3787 3681 3782 3884 3750 3573 3648 3795 3725 3680 3722 3831 3761 3630 3714 3915 3862 3821 3738 3674 3577 3665 3827 3794 3866 3878 3821 3821 3875 3892 3869 3933 3907 3711 3575 3518 3525 3593 3635 3538 3362 3266 3249 3188 3105 3107 3128 3179 3268 3284 3142 3192 3239 3361 3351 3369 3310 3275 3217 3246 3253 3169 3289
3790 3718 3731 3835 3864 3870 3864 3785 3976 3972 3743 3821 3798 3698 3704 3786 3859 3820 3735 3747 3759 3762 3787 3831 3867 3803 3727 3882 3869 3595 3613 3782 3846 3686 3625 3695 3803 3644 3721 3754 3670 3614 3680 3786 3787 3877 3871 3810 3805 3843 3854 3882 3937 3947 3641 3339 3350 3410 3589 3664 3574 3410 3271 3231 3202 3115 3127 3198 3168 3314 3327 3121 3255 3433 3394 3272 3222 3289 3298 3243 3349 3351 3227 3282
3801 3795 3767 3808 3839 3907 3850 3757 3978 3934 3796 3888 3832 3753 3764 3820 3863 3836 3758 3742 3704 3780 3904 3879 3812 3712 3707 3857 3779 3592 3612 3690 3700 3672 3769 3677 3661 3639 3713 3755 3718 3617 3587 3687 3817 3888 3856 3800 3822 3890 3888 3914 3901 3824 3577 3257 3182 3222 3396 3508 3464 3410 3341 3341 3329 3143 3183 3185 3066 3213 3354 3282 3219 3181 3317 3323 3173 3259 3359 3344 3405 3311 3210 3236
3836 3887 3722 3704 3859 3887 3815 3756 3882 3809 3828 3906 3863 3832 3794 3806 3854 3890 3883 3839 3763 3781 3852 3850 3809 3762 3693 3661 3550 3551 3617 3589 3591 3615 3639 3530 3597 3699 3676 3639 3754 3762 3646 3676 3838 3874 3796 3797 3853 3941 3922 3953 3854 3672 3603 3414 3273 3276 3343 3359 3282 3214 3213 3282 3249 3092 3184 3130 2993 3109 3292 3372 3224 3057 3273 3380 3261 3367 3390 3400 3392 3221 3208 3253
3817 3779 3662 3718 3882 3866 3860 3808 3825 3829 3884 3929 3872 3849 3775 3733 3785 3852 3916 3861 3770 3784 3775 3797 3852 3946 3892 3746 3615 3674 3668 3611 3660 3663 3575 3493 3577 3620 3572 3551 3738 3841 3741 3645 3740 3839 3753 3720 3852 3937 4005 4008 3836 3581 3417 3314 3233 3277 3358 3391 3348 3250 3191 3173 3126 3061 3157 3138 3089 3113 3179 3379 3276 3072 3213 3274 3243 3330 3302 3352 3358 3253 3316 3321
3783 3708 3765 3811 3821 3821 3905 3888 3934 3992 3918 3883 3861 3830 3777 3700 3690 3743 3797 3716 3707 3823 3785 3751 3838 3956 3861 3737 3715 3774 3623 3551 3581 3552 3490 3530 3654 3678 3579 3562 3677 3684 3708 3727 3772 3876 3678 3596 3948 3881 3850 3896 3790 3571 3374 3260 3189 3178 3213 3212 3203 3191 3199 3239 3254 3118 3069 3141 3269 3139 3038 3239 3299 3194 3213 3305 3382 3351 3261 3302 3255 3225 3349 3340
3833 3782 3802 3826 3785 3813 3918 3945 3898 3939 3899 3829 3850 3903 3874 3797 3730 3719 3714 3596 3659 3845 3843 3739 3755 3783 3655 3630 3707 3708 3504 3561 3590 3456 3388 3461 3585 3607 3558 3608 3742 3748 3781 3813 3820 3860 3693 3803 4092 3769 3614 3727 3728 3507 3352 3312 3291 3284 3204 3105 3076 3061 3047 3153 3362 3165 2974 3113 3329 3145 2968 3160 3296 3358 3363 3433 3493 3422 3327 3349 3259 3275 3354 3295
3841 3814 3826 3829 3804 3851 3932 3943 3841 3865 3884 3742 3677 3752 3863 3882 3835 3830 3821 3734 3708 3845 3912 3848 3945 3845 3630 3633 3701 3640 3477 3639 3657 3542 3506 3541 3595 3563 3510 3535 3628 3709 3766 3773 3760 3751 3685 3879 4013 3791 3678 3635 3589 3394 3331 3315 3243 3172 3230 3193 3159 3145 3116 3144 3279 3197 2974 3084 3320 3181 3088 3195 3336 3487 3392 3336 3446 3419 3383 3348 3245 3310 3349 3282
3839 3835 3821 3809 3812 3873 3941 3933 3865 3825 3844 3778 3669 3652 3768 3822 3760 3754 3840 3853 3777 3904 3912 3862 4070 4006 3852 3826 3767 3560 3496 3615 3545 3494 3536 3599 3679 3688 3627 3623 3653 3683 3718 3722 3717 3703 3687 3724 3817 3752 3670 3572 3471 3379 3331 3323 3225 3168 3343 3248 3173 3201 3207 3090 3148 3297 3139 3129 3261 3226 3230 3224 3311 3444 3254 3184 3320 3281 3316 3248 3156 3263 3266 3198
3827 3803 3776 3783 3833 3897 3945 3928 3867 3838 3873 3861 3762 3699 3754 3841 3830 3795 3802 3775 3703 3835 3844 3824 3925 3830 3848 3876 3741 3528 3538 3674 3559 3554 3553 3562 3612 3675 3672 3682 3750 3735 3718 3757 3769 3836 3728 3599 3662 3701 3640 3548 3442 3328 3303 3370 3366 3381 3369 3181 3111 3164 3191 3145 3104 3131 3075 3081 3167 3227 3243 3115 3176 3322 3219 3232 3278 3238 3277 3166 3125 3213 3159 3100
3803 3752 3742 3765 3844 3920 3943 3921 3902 3880 3853 3830 3760 3708 3751 3861 3951 3937 3875 3906 3751 3654 3790 3889 3890 3814 3772 3737 3679 3594 3540 3539 3540 3627 3604 3615 3684 3764 3705 3644 3694 3735 3740 3766 3820 3957 3800 3602 3683 3646 3557 3492 3415 3312 3348 3473 3506 3542 3385 3114 3068 3151 3191 3146 3101 3033 2998 2996 3049 3159 3187 3085 3158 3304 3318 3343 3306 3309 3328 3207 3225 3266 3175 3147
3795 3727 3719 3779 3859 3917 3939 3934 3909 3840 3768 3763 3763 3773 3789 3800 3872 3890 3857 3971 3753 3553 3751 3929 3835 3702 3685 3627 3585 3622 3598 3527 3505 3541 3478 3515 3708 3843 3763 3728 3736 3728 3711 3689 3747 3872 3740 3702 3735 3569 3382 3340 3382 3355 3409 3533 3586 3602 3375 3139 3142 3242 3188 3105 3161 3173 3155 3151 3152 3191 3243 3236 3240 3165 3247 3363 3299 3307 3275 3173 3281 3298 3251 3246
3801 3717 3721 3808 3866 3874 3920 3914 3816 3786 3741 3745 3817 3863 3787 3706 3753 3853 3851 3833 3793 3674 3752 3862 3748 3671 3788 3848 3655 3580 3650 3665 3560 3502 3494 3491 3686 3768 3665 3641 3631 3667 3700 3673 3650 3670 3628 3736 3715 3457 3190 3250 3382 3372 3417 3530 3554 3473 3350 3202 3202 3275 3167 3100 3168 3202 3227 3242 3252 3266 3262 3254 3222 3084 3200 3338 3259 3276 3298 3238 3231 3170 3105 3140
3826 3716 3742 3825 3852 3810 3875 3845 3755 3834 3842 3815 3838 3857 3783 3710 3768 3922 3845 3739 3846 3787 3722 3793 3841 3832 3873 3892 3708 3511 3528 3613 3615 3638 3657 3611 3753 3723 3612 3634 3610 3690 3859 3892 3758 3621 3589 3669 3628 3356 3155 3295 3352 3344 3391 3467 3415 3341 3340 3260 3171 3198 3229 3181 3163 3175 3187 3189 3198 3229 3246 3237 3196 3171 3326 3352 3263 3280 3387 3316 3173 3133 3077 3089
3777 3702 3781 3848 3810 3752 3820 3797 3786 3897 3921 3842 3783 3807 3802 3807 3870 3961 3906 3708 3711 3761 3764 3841 3940 3879 3767 3790 3788 3582 3523 3634 3709 3704 3740 3772 3816 3647 3612 3790 3828 3716 3768 3894 3850 3721 3621 3560 3506 3327 3263 3361 3305 3279 3358 3437 3328 3347 3415 3348 3148 3180 3344 3283 3212 3157 3136 3135 3143 3169 3198 3199 3175 3217 3356 3318 3263 3287 3332 3249 3134 3126 3119 3070
3682 3646 3731 3789 3760 3733 3796 3823 3813 3844 3867 3836 3773 3783 3824 3856 3841 3871 3914 3705 3578 3723 3864 3839 3817 3796 3726 3779 3846 3685 3640 3704 3677 3594 3689 3770 3719 3575 3532 3708 3808 3618 3581 3702 3723 3593 3471 3435 3433 3305 3376 3444 3263 3223 3397 3468 3308 3404 3508 3414 3231 3184 3275 3239 3213 3180 3153 3140 3145 3161 3179 3181 3180 3260 3322 3249 3243 3279 3279 3188 3158 3128 3101 3168
3624 3596 3646 3708 3746 3798 3827 3833 3803 3755 3828 3897 3878 3809 3789 3797 3749 3757 3855 3813 3624 3632 3780 3770 3788 3854 3865 3761 3793 3798 3745 3774 3580 3418 3571 3629 3617 3556 3544 3668 3684 3554 3629 3722 3672 3487 3394 3429 3447 3354 3327 3382 3274 3239 3486 3469 3264 3404 3473 3426 3290 3128 3100 3144 3156 3176 3194 3211 3222 3214 3199 3200 3228 3286 3264 3201 3235 3258 3223 3171 3217 3187 3143 3186
