test/net/g2lab/icchange/view/histogram/change-07_b2.txt
ncols         411
nrows         508
xllcorner     532720
yllcorner     5948510
cellsize      5
NODATA_value  -9999
[rows 380 to 417 of 508, columns 84 to 167 of 411]
3717 3794 3836 3849 3884 3957 3923 3851 3831 3763 3739 3771 3798 3817 3820 3856 3940 3956 3837 3754 3795 3804 3740 3733 3877 3941 3844 3753 3809 3821 3817 3905 3933 3938 3970 4012 3982 3809 3682 3737 3677 3585 3433 3274 3192 3168 3135 3171 3248 3272 3481 3520 3574 3643 3585 3601 3728 3812 3747 3721 3700 3630 3490 3490 3537 3527 3621 3624 3542 3468 3494 3611 3607 3575 3610 3563 3444 3372 3310 3423 3564 3381 3376 3529
3813 3811 3884 3969 3945 3926 3932 3902 3860 3778 3736 3774 3833 3859 3860 3927 3999 3981 3870 3794 3831 3819 3737 3758 3904 3953 3884 3823 3861 3881 3871 3856 3831 3837 3904 3967 3935 3698 3486 3505 3472 3457 3482 3423 3297 3223 3157 3135 3297 3391 3401 3425 3556 3625 3576 3608 3732 3748 3630 3595 3619 3552 3484 3618 3542 3466 3614 3597 3518 3481 3502 3693 3749 3619 3557 3522 3493 3467 3413 3412 3528 3563 3516 3551
3845 3753 3763 3856 3849 3800 3880 3926 3889 3812 3783 3797 3817 3821 3816 3888 3945 3910 3847 3796 3830 3850 3767 3783 3901 3922 3862 3803 3844 3912 3924 3856 3778 3791 3854 3913 3873 3688 3500 3458 3545 3615 3601 3484 3323 3245 3249 3239 3209 3324 3344 3423 3555 3597 3595 3650 3736 3716 3593 3558 3721 3635 3529 3669 3512 3471 3613 3573 3561 3530 3544 3688 3726 3621 3552 3544 3614 3671 3642 3595 3603 3644 3563 3506
3809 3813 3894 3950 3881 3776 3804 3868 3874 3828 3804 3801 3767 3723 3710 3749 3814 3832 3811 3785 3843 3872 3782 3787 3886 3884 3772 3778 3868 3951 3937 3848 3832 3891 3897 3876 3811 3751 3838 3722 3578 3571 3573 3490 3384 3332 3329 3287 3193 3328 3412 3503 3668 3660 3627 3659 3718 3687 3633 3663 3783 3584 3441 3528 3459 3573 3676 3646 3659 3624 3593 3642 3658 3649 3635 3652 3697 3723 3689 3648 3581 3606 3662 3634
3868 3868 3972 4022 3935 3813 3755 3811 3861 3851 3795 3769 3723 3655 3646 3684 3742 3780 3770 3761 3864 3877 3807 3813 3912 3868 3747 3850 3930 3911 3833 3785 3882 3954 3884 3791 3738 3779 3892 3767 3522 3482 3586 3622 3497 3383 3336 3359 3335 3335 3459 3605 3707 3672 3618 3609 3605 3554 3647 3641 3598 3423 3311 3367 3477 3627 3693 3649 3658 3671 3652 3653 3676 3723 3768 3754 3705 3662 3634 3605 3567 3595 3616 3647
3877 3829 3851 3853 3790 3760 3715 3783 3896 3939 3851 3733 3681 3658 3688 3720 3684 3694 3689 3742 3888 3876 3797 3824 3950 3883 3800 3874 3881 3808 3722 3712 3844 3912 3812 3728 3727 3719 3749 3728 3609 3571 3666 3731 3654 3458 3351 3348 3279 3309 3498 3598 3611 3579 3567 3555 3515 3482 3582 3417 3353 3412 3352 3381 3474 3584 3665 3606 3593 3670 3689 3662 3685 3750 3816 3806 3719 3641 3609 3631 3634 3625 3575 3626
3800 3736 3759 3730 3709 3743 3713 3761 3871 3914 3817 3702 3663 3663 3633 3677 3703 3704 3637 3708 3841 3754 3662 3775 3941 3850 3836 3858 3813 3791 3757 3798 3903 3898 3803 3746 3795 3705 3701 3805 3780 3735 3760 3792 3753 3573 3409 3396 3299 3341 3509 3586 3627 3619 3602 3572 3571 3627 3671 3545 3418 3503 3486 3453 3368 3489 3704 3621 3582 3674 3725 3680 3655 3727 3808 3858 3801 3714 3690 3703 3749 3747 3675 3684
3724 3689 3735 3735 3772 3773 3724 3756 3838 3844 3755 3720 3704 3683 3636 3619 3753 3822 3765 3733 3740 3648 3567 3710 3826 3720 3932 3905 3819 3856 3898 3977 4002 3932 3853 3825 3873 3837 3806 3856 3876 3853 3806 3793 3774 3644 3468 3411 3415 3437 3517 3582 3613 3650 3642 3601 3573 3640 3693 3673 3506 3486 3585 3518 3412 3561 3781 3702 3684 3728 3759 3700 3662 3714 3814 3875 3850 3782 3771 3784 3823 3837 3797 3791
3722 3701 3801 3850 3856 3795 3731 3750 3805 3792 3736 3740 3750 3734 3675 3557 3619 3757 3780 3733 3736 3742 3692 3714 3698 3724 4033 3940 3816 3904 3967 3996 3974 3905 3870 3836 3914 3957 3833 3755 3802 3856 3838 3806 3758 3648 3491 3470 3531 3509 3500 3512 3548 3602 3612 3562 3527 3557 3535 3577 3631 3494 3530 3597 3620 3660 3624 3559 3701 3758 3775 3733 3748 3803 3839 3829 3798 3762 3772 3797 3771 3782 3773 3768
3719 3717 3835 3919 3867 3791 3733 3746 3783 3736 3701 3735 3755 3730 3712 3698 3744 3788 3777 3751 3774 3769 3709 3649 3652 3713 3852 3880 3878 3907 3896 3839 3746 3764 3837 3813 3906 3943 3774 3643 3698 3852 3878 3826 3735 3654 3585 3573 3590 3532 3460 3438 3503 3574 3595 3551 3512 3525 3511 3672 3739 3484 3506 3628 3632 3580 3585 3564 3664 3740 3871 3832 3754 3816 3818 3740 3663 3670 3733 3764 3698 3710 3676 3663
3738 3713 3791 3906 3885 3807 3757 3767 3767 3693 3679 3721 3732 3691 3736 3829 3862 3828 3775 3758 3766 3743 3649 3572 3545 3650 3813 3935 3951 3919 3958 3971 3867 3800 3834 3830 3855 3894 3809 3710 3724 3848 3891 3817 3746 3741 3725 3679 3641 3550 3462 3458 3537 3629 3647 3609 3609 3612 3589 3655 3734 3600 3547 3613 3649 3646 3814 3644 3574 3714 3862 3792 3656 3720 3697 3665 3598 3580 3689 3786 3791 3783 3619 3589
3788 3729 3776 3888 3900 3819 3808 3823 3801 3728 3721 3748 3736 3691 3717 3793 3792 3731 3667 3634 3647 3655 3621 3588 3580 3595 3766 3931 3985 3927 3961 4049 4024 3906 3773 3740 3779 3865 3921 3839 3773 3742 3775 3791 3781 3838 3840 3736 3696 3605 3522 3528 3604 3670 3684 3681 3758 3735 3621 3563 3745 3695 3520 3550 3729 3845 3857 3586 3580 3763 3783 3722 3697 3705 3640 3666 3577 3523 3678 3694 3741 3784 3654 3603
3854 3841 3881 3870 3845 3826 3869 3892 3855 3806 3807 3819 3801 3762 3747 3750 3728 3664 3618 3586 3553 3533 3526 3563 3569 3536 3663 3836 3876 3810 3822 3844 3870 3895 3889 3806 3786 3820 3867 3872 3822 3768 3756 3764 3764 3818 3837 3779 3746 3658 3587 3590 3633 3631 3619 3660 3753 3729 3640 3606 3732 3651 3471 3559 3825 3852 3730 3625 3748 3818 3769 3730 3751 3680 3586 3622 3541 3536 3658 3598 3611 3750 3810 3764
3908 3891 3895 3812 3777 3807 3885 3908 3857 3837 3875 3898 3877 3878 3887 3855 3780 3700 3665 3647 3578 3498 3474 3516 3546 3573 3649 3712 3730 3720 3755 3760 3790 3888 4000 3914 3810 3822 3838 3860 3905 3941 3943 3867 3766 3735 3807 3821 3747 3665 3618 3619 3610 3574 3527 3558 3652 3682 3753 3690 3622 3615 3563 3625 3794 3723 3690 3773 3836 3794 3754 3755 3767 3615 3522 3558 3530 3543 3627 3631 3608 3666 3762 3758
3878 3749 3801 3845 3796 3788 3845 3870 3820 3809 3832 3878 3886 3898 3918 3863 3780 3694 3657 3637 3575 3500 3490 3527 3529 3550 3580 3605 3651 3777 3851 3834 3812 3856 3942 3932 3911 3884 3848 3839 3872 3939 3971 3909 3767 3727 3813 3830 3760 3695 3693 3652 3621 3559 3539 3597 3670 3716 3811 3664 3550 3696 3696 3630 3689 3757 3800 3805 3763 3709 3727 3778 3738 3580 3528 3596 3621 3589 3672 3668 3578 3570 3633 3684
3841 3751 3841 3828 3746 3764 3809 3738 3708 3793 3863 3841 3822 3791 3811 3780 3679 3606 3556 3519 3489 3473 3532 3565 3508 3539 3561 3569 3604 3786 3909 3867 3817 3811 3871 3921 3937 3903 3849 3849 3891 3946 3940 3873 3788 3775 3827 3810 3752 3786 3793 3623 3583 3584 3615 3736 3770 3691 3677 3618 3599 3732 3762 3626 3732 3916 3833 3768 3686 3673 3753 3806 3761 3639 3621 3728 3767 3709 3786 3732 3591 3579 3627 3658
3875 3801 3817 3758 3682 3780 3933 3856 3749 3888 4065 3934 3721 3666 3719 3729 3708 3676 3652 3536 3434 3423 3495 3594 3607 3635 3620 3569 3567 3668 3740 3726 3708 3734 3714 3755 3812 3842 3841 3845 3876 3912 3903 3836 3773 3790 3808 3764 3714 3794 3757 3564 3605 3582 3530 3597 3751 3601 3538 3676 3558 3594 3759 3776 3834 3874 3754 3727 3685 3727 3811 3823 3820 3757 3728 3826 3830 3782 3841 3737 3635 3636 3667 3652
3907 3764 3761 3874 3816 3874 4013 3976 3812 3791 3935 3830 3736 3718 3725 3649 3703 3753 3724 3664 3539 3512 3550 3644 3722 3729 3712 3627 3542 3525 3511 3567 3646 3701 3594 3602 3709 3750 3783 3791 3805 3844 3861 3826 3784 3788 3783 3722 3682 3763 3694 3589 3631 3585 3534 3578 3723 3535 3586 3821 3750 3598 3732 3889 3753 3720 3686 3696 3723 3765 3803 3796 3891 3831 3741 3798 3765 3716 3707 3652 3655 3702 3694 3598
3856 3713 3771 3973 3895 3828 3841 3864 3860 3887 3917 3855 3867 3847 3737 3609 3674 3654 3576 3642 3583 3580 3619 3615 3657 3657 3626 3564 3520 3487 3460 3519 3707 3755 3602 3610 3672 3704 3733 3723 3740 3790 3806 3850 3819 3761 3761 3681 3636 3687 3644 3622 3619 3551 3544 3597 3644 3548 3706 3907 3837 3614 3627 3749 3666 3594 3705 3721 3712 3732 3652 3718 3920 3819 3705 3684 3649 3578 3535 3557 3636 3700 3620 3466
3811 3823 3893 3952 3842 3766 3697 3748 3864 3991 4022 3931 3861 3850 3718 3613 3661 3572 3532 3601 3555 3586 3610 3558 3608 3587 3482 3419 3444 3378 3340 3459 3690 3756 3624 3640 3650 3672 3693 3681 3678 3714 3764 3865 3808 3711 3704 3635 3581 3614 3619 3617 3557 3478 3498 3547 3589 3623 3780 3810 3689 3585 3667 3739 3669 3575 3847 3821 3646 3664 3610 3712 3919 3809 3718 3699 3640 3528 3464 3475 3534 3584 3495 3363
3799 3893 3917 3863 3873 3938 3890 3774 3788 3914 3964 3859 3774 3799 3685 3668 3727 3611 3596 3569 3511 3547 3623 3631 3621 3568 3440 3385 3429 3384 3331 3395 3534 3635 3591 3548 3557 3598 3643 3642 3617 3641 3740 3824 3737 3666 3649 3595 3526 3586 3627 3582 3498 3437 3460 3509 3580 3672 3738 3717 3648 3635 3737 3763 3699 3664 3854 3738 3634 3729 3779 3714 3715 3711 3759 3793 3715 3524 3442 3418 3441 3476 3415 3323
3729 3799 3875 3854 3911 4011 3975 3793 3689 3792 3891 3836 3763 3759 3673 3739 3777 3668 3669 3535 3411 3441 3525 3602 3567 3500 3363 3311 3394 3430 3448 3511 3527 3424 3458 3426 3421 3495 3555 3581 3579 3610 3719 3763 3671 3667 3637 3540 3472 3600 3649 3541 3483 3445 3467 3523 3585 3613 3658 3672 3699 3742 3762 3740 3747 3743 3766 3704 3753 3820 3795 3648 3592 3689 3751 3669 3617 3485 3388 3389 3407 3371 3335 3345
3728 3741 3819 3789 3784 3791 3808 3789 3792 3845 3886 3831 3806 3714 3624 3709 3679 3608 3621 3467 3323 3303 3337 3441 3473 3405 3339 3347 3387 3390 3393 3494 3450 3293 3446 3430 3350 3405 3467 3532 3588 3639 3729 3739 3687 3698 3651 3498 3442 3643 3633 3526 3512 3528 3514 3531 3563 3528 3591 3729 3834 3804 3742 3742 3807 3749 3724 3774 3849 3894 3797 3660 3658 3734 3728 3600 3605 3466 3314 3333 3422 3420 3352 3353
3928 3838 3763 3833 3853 3676 3684 3847 3956 3893 3795 3765 3803 3707 3617 3643 3504 3471 3490 3398 3355 3293 3282 3362 3388 3388 3427 3495 3503 3442 3398 3429 3411 3399 3481 3355 3247 3311 3423 3513 3600 3632 3634 3725 3736 3741 3677 3419 3445 3667 3584 3505 3537 3597 3510 3528 3541 3478 3606 3839 3906 3784 3669 3729 3828 3729 3741 3844 3914 3903 3780 3678 3691 3754 3734 3623 3598 3470 3374 3419 3507 3485 3345 3274
3775 3853 3858 3986 4147 4012 3858 3935 4002 3797 3702 3745 3803 3727 3707 3641 3444 3395 3374 3369 3431 3413 3389 3403 3380 3380 3484 3604 3624 3554 3468 3432 3346 3411 3437 3286 3218 3250 3347 3403 3526 3557 3534 3723 3688 3563 3554 3459 3525 3652 3497 3445 3538 3579 3478 3588 3580 3546 3685 3859 3859 3698 3623 3721 3809 3740 3776 3860 3882 3824 3745 3710 3767 3805 3759 3602 3472 3410 3406 3472 3488 3413 3321 3262
3807 3900 3924 3800 3729 3806 3939 3993 3927 3770 3814 3868 3838 3750 3799 3692 3471 3424 3320 3322 3404 3415 3454 3444 3384 3331 3406 3552 3608 3600 3584 3456 3276 3352 3366 3286 3292 3293 3285 3314 3436 3570 3553 3563 3640 3586 3616 3698 3643 3486 3384 3450 3556 3505 3483 3709 3689 3649 3738 3805 3746 3649 3661 3713 3771 3770 3800 3808 3790 3759 3741 3768 3824 3816 3730 3564 3404 3381 3400 3430 3416 3342 3307 3320
3870 3797 3838 3776 3626 3709 3954 4078 3876 3695 3830 3909 3838 3762 3846 3689 3524 3461 3329 3311 3344 3346 3415 3438 3378 3335 3389 3474 3537 3582 3686 3496 3255 3345 3295 3297 3363 3358 3251 3264 3421 3516 3542 3604 3817 3875 3845 3799 3658 3483 3452 3574 3658 3460 3436 3705 3732 3705 3699 3678 3627 3695 3709 3689 3744 3797 3793 3759 3733 3722 3750 3786 3804 3777 3708 3635 3519 3436 3412 3406 3347 3308 3340 3391
3818 3723 3804 3885 3830 3773 3860 3936 3852 3745 3799 3846 3789 3695 3678 3578 3542 3473 3357 3421 3384 3340 3395 3425 3406 3417 3497 3511 3517 3574 3668 3470 3326 3366 3229 3240 3311 3294 3184 3233 3421 3534 3572 3696 3803 3816 3815 3738 3675 3654 3637 3507 3423 3414 3398 3575 3701 3708 3634 3608 3639 3762 3731 3673 3778 3811 3790 3745 3724 3746 3764 3765 3765 3736 3731 3730 3626 3501 3424 3382 3328 3334 3400 3438
3887 3830 3870 3906 3829 3752 3752 3852 3918 3904 3938 3952 3861 3744 3623 3561 3579 3640 3564 3511 3464 3438 3451 3443 3417 3495 3583 3544 3481 3472 3491 3380 3379 3351 3208 3211 3213 3150 3103 3214 3460 3618 3572 3621 3715 3801 3853 3782 3651 3636 3690 3513 3377 3533 3556 3667 3760 3723 3662 3687 3735 3735 3628 3644 3804 3825 3776 3739 3764 3807 3775 3736 3737 3743 3761 3702 3564 3494 3424 3362 3333 3368 3423 3428
4029 3983 3916 3831 3769 3760 3774 3850 3901 3845 3869 3888 3865 3920 3838 3711 3686 3787 3634 3413 3422 3465 3451 3404 3395 3483 3562 3505 3406 3342 3344 3334 3401 3349 3262 3268 3254 3126 3100 3268 3489 3720 3852 3886 3801 3795 3922 3945 3758 3626 3672 3681 3573 3611 3702 3732 3736 3746 3770 3841 3869 3774 3667 3591 3740 3849 3873 3847 3834 3836 3780 3708 3745 3801 3761 3634 3487 3446 3405 3326 3294 3365 3423 3378
4005 3966 3907 3796 3799 3865 3856 3797 3764 3704 3723 3701 3760 3910 3896 3768 3692 3724 3565 3396 3410 3470 3418 3374 3409 3496 3531 3480 3377 3288 3311 3381 3416 3317 3290 3337 3330 3191 3172 3337 3486 3597 3787 3901 3772 3633 3613 3672 3643 3633 3667 3641 3504 3577 3689 3634 3632 3689 3743 3776 3814 3873 3836 3635 3783 3967 3960 3925 3906 3862 3797 3711 3729 3842 3799 3649 3518 3441 3384 3285 3242 3302 3373 3347
3831 3870 3851 3803 3866 3930 3845 3637 3668 3749 3714 3644 3699 3814 3801 3712 3672 3641 3521 3427 3447 3498 3434 3428 3498 3548 3526 3536 3407 3237 3312 3394 3348 3216 3190 3240 3275 3222 3259 3342 3431 3527 3599 3635 3635 3716 3729 3635 3565 3658 3796 3676 3428 3538 3564 3507 3576 3691 3699 3621 3627 3723 3747 3674 3788 3916 3838 3775 3905 3911 3786 3693 3588 3666 3764 3695 3573 3504 3421 3270 3161 3210 3323 3343
3715 3777 3796 3786 3847 3898 3797 3632 3727 3870 3820 3733 3742 3761 3744 3701 3732 3688 3573 3536 3534 3521 3482 3511 3573 3571 3532 3567 3454 3286 3317 3296 3252 3243 3310 3313 3245 3223 3318 3426 3418 3468 3565 3431 3434 3667 3831 3696 3473 3486 3569 3540 3451 3590 3492 3452 3590 3727 3697 3642 3697 3835 3706 3642 3687 3788 3832 3750 3785 3840 3731 3611 3613 3607 3699 3647 3446 3327 3268 3182 3119 3163 3285 3344
3786 3761 3723 3743 3813 3868 3860 3745 3690 3805 3821 3763 3792 3774 3785 3830 3901 3813 3692 3664 3636 3566 3535 3567 3592 3514 3467 3522 3491 3350 3268 3258 3215 3332 3482 3459 3347 3297 3375 3435 3334 3363 3646 3498 3363 3533 3681 3534 3343 3383 3494 3483 3576 3629 3455 3447 3607 3691 3618 3638 3809 3951 3650 3696 3910 3795 3747 3748 3687 3718 3761 3662 3603 3560 3603 3533 3317 3222 3170 3153 3132 3185 3232 3292
3822 3735 3624 3654 3797 3878 3887 3747 3609 3688 3680 3686 3749 3753 3800 3926 3978 3837 3774 3768 3728 3612 3579 3606 3577 3423 3366 3428 3430 3328 3275 3299 3259 3339 3402 3350 3284 3312 3352 3331 3392 3448 3545 3491 3396 3493 3688 3620 3485 3505 3617 3489 3558 3566 3420 3474 3571 3554 3428 3535 3739 3841 3713 3640 3765 3778 3715 3861 3934 3774 3655 3609 3498 3510 3568 3440 3278 3252 3215 3146 3137 3192 3164 3226
3738 3647 3620 3666 3830 3881 3815 3825 3729 3653 3585 3650 3704 3706 3751 3889 3895 3750 3800 3810 3711 3610 3621 3658 3574 3412 3361 3358 3331 3294 3317 3340 3307 3362 3367 3291 3260 3348 3378 3327 3328 3351 3343 3382 3434 3504 3614 3639 3578 3460 3497 3561 3630 3491 3401 3508 3549 3442 3389 3532 3580 3612 3635 3709 3726 3822 3837 3781 3800 3709 3546 3612 3569 3502 3536 3387 3273 3258 3237 3168 3152 3171 3143 3200
3922 3833 3772 3731 3883 3827 3691 3907 3863 3689 3637 3764 3811 3729 3715 3844 3817 3706 3770 3772 3653 3570 3623 3697 3620 3469 3435 3358 3286 3274 3316 3305 3317 3376 3364 3331 3365 3452 3401 3357 3335 3340 3287 3265 3345 3427 3495 3501 3440 3382 3379 3512 3580 3439 3404 3463 3394 3307 3489 3699 3652 3690 3774 3875 3778 3648 3713 3764 3702 3699 3624 3474 3501 3541 3498 3355 3297 3283 3243 3164 3155 3137 3112 3153
3920 3960 3840 3770 3897 3817 3779 3934 3798 3694 3676 3751 3815 3765 3744 3881 3872 3769 3755 3768 3630 3541 3606 3688 3634 3521 3480 3395 3284 3256 3284 3238 3284 3377 3390 3406 3483 3534 3443 3373 3401 3389 3297 3195 3245 3385 3447 3467 3425 3375 3340 3375 3463 3457 3467 3448 3324 3237 3490 3644 3544 3660 3745 3800 3852 3830 3815 3856 3733 3541 3550 3529 3486 3531 3420 3285 3303 3305 3213 3116 3144 3110 3060 3077
