test/net/g2lab/icchange/view/histogram/change-07_b3.txt
ncols         411
nrows         508
xllcorner     532720
yllcorner     5948510
cellsize      5
NODATA_value  -9999
[rows 266 to 303 of 508, columns 168 to 251 of 411]
4466 4542 4535 4417 4273 4302 4204 3930 3616 3335 2860 2628 2690 2541 2338 2343 2366 2403 2368 2318 2335 2444 2555 2535 2438 2346 2309 2330 2400 2368 2361 2499 2473 2303 2149 2090 2153 2103 1869 1793 1913 1847 1701 1763 1941 1881 1786 1892 1934 1855 1791 1751 1687 1705 1791 1855 1771 1805 1956 1871 1847 1872 1839 1878 1922 1906 1887 1995 2220 2319 2314 2320 2276 2206 2188 2217 2356 2564 2738 2630 2635 2867 3170 3352
4663 4760 4618 4511 4518 4509 4268 3654 3079 2795 2527 2284 2309 2416 2272 2220 2338 2442 2464 2380 2327 2381 2466 2504 2456 2404 2395 2344 2284 2271 2242 2328 2360 2198 2098 1994 1868 1898 1829 1733 1830 1847 1698 1672 1918 1840 1669 1753 1872 1884 1822 1776 1761 1806 1878 1885 1798 1868 1964 1847 1767 1672 1677 1780 1897 1869 1801 1865 2197 2393 2361 2364 2332 2290 2285 2314 2385 2515 2638 2536 2644 3046 3297 3272
4829 4836 4629 4526 4432 4409 4206 3695 2992 2555 2381 2184 2211 2296 2158 2086 2198 2411 2522 2490 2392 2394 2435 2499 2460 2392 2428 2314 2205 2214 2133 2211 2179 1976 1983 1938 1854 1862 1823 1743 1724 1779 1797 1782 1827 1736 1715 1867 2071 2039 1899 1844 1902 1951 1987 1972 1917 1846 1834 1791 1759 1644 1608 1709 1818 1793 1769 1914 2209 2366 2382 2403 2368 2333 2330 2355 2352 2372 2442 2464 2490 2858 3175 3156
4891 4726 4465 4491 4404 4303 4154 3805 3307 2726 2430 2313 2263 2242 2129 2033 2079 2333 2557 2624 2604 2511 2463 2472 2386 2305 2344 2271 2206 2178 2082 2138 1999 1800 1877 1868 1798 1771 1756 1756 1802 1866 1911 1879 1734 1660 1771 1831 1966 2022 1919 1822 1890 1978 1977 1980 1928 1790 1754 1820 1838 1743 1678 1684 1707 1670 1771 1953 2132 2226 2336 2379 2336 2318 2342 2362 2333 2295 2402 2471 2370 2558 2959 3179
4699 4605 4423 4488 4547 4412 4065 3687 3417 2928 2469 2292 2294 2344 2252 2113 2129 2339 2623 2740 2746 2598 2424 2355 2309 2276 2289 2261 2192 2199 2155 2080 1931 1773 1811 1871 1800 1706 1687 1717 1783 1847 1862 1877 1789 1773 1878 1778 1784 1958 2038 2018 1966 1935 1891 1894 1974 1924 1815 1830 1843 1792 1769 1718 1623 1594 1733 1900 2035 2146 2285 2344 2309 2300 2332 2364 2376 2376 2410 2420 2377 2517 2831 3150
4539 4494 4378 4431 4502 4370 4066 3697 3397 3005 2586 2477 2539 2552 2392 2221 2282 2444 2651 2743 2706 2585 2367 2301 2374 2374 2331 2270 2174 2287 2188 1980 1948 1815 1814 1892 1817 1736 1729 1778 1808 1795 1776 1781 1721 1832 1946 1887 1897 1990 2087 2085 2029 1940 1876 1852 1914 1951 1827 1786 1734 1732 1773 1774 1648 1606 1747 1891 2040 2193 2321 2364 2336 2305 2316 2347 2443 2452 2307 2393 2603 2755 2838 3022
4354 4331 4412 4513 4570 4440 4245 4028 3605 3170 2804 2655 2713 2651 2471 2354 2386 2477 2588 2672 2633 2560 2445 2404 2478 2466 2370 2246 2186 2282 2081 1902 1921 1816 1820 1832 1766 1735 1759 1833 1869 1838 1808 1781 1748 1897 1948 1864 1864 1889 1938 1992 2023 1984 1871 1788 1776 1880 1836 1718 1662 1689 1754 1795 1735 1786 1899 1954 2082 2252 2369 2384 2350 2296 2283 2305 2396 2382 2285 2483 2822 2964 2862 2851
4224 4362 4634 4660 4642 4547 4446 4389 4170 3677 3126 2759 2724 2751 2594 2509 2408 2367 2420 2510 2542 2533 2523 2464 2524 2488 2258 2209 2184 2143 1923 1851 1861 1789 1838 1819 1737 1720 1740 1807 1850 1827 1828 1832 1867 1978 1943 1859 1825 1814 1832 1936 2006 1976 1788 1745 1855 1995 1975 1744 1635 1698 1732 1714 1741 1905 2002 1979 2064 2205 2323 2339 2306 2267 2231 2225 2236 2330 2400 2542 2827 2958 2846 2785
4279 4516 4758 4693 4639 4561 4601 4695 4610 4101 3429 3046 2976 2937 2768 2645 2477 2354 2356 2431 2487 2468 2413 2363 2492 2437 2165 2209 2121 1967 1872 1881 1885 1846 1918 1906 1826 1749 1730 1756 1755 1744 1783 1826 1918 1950 1848 1802 1833 1864 1876 1963 2015 1923 1703 1780 1956 1972 1940 1742 1586 1634 1712 1725 1739 1843 2043 2118 2151 2258 2263 2261 2253 2234 2201 2164 2178 2333 2433 2488 2640 2741 2803 2868
4467 4530 4615 4617 4575 4533 4626 4653 4449 4065 3579 3248 3104 3022 2904 2709 2528 2347 2325 2422 2482 2496 2410 2342 2447 2427 2276 2231 2078 1890 1889 1954 2034 1929 1858 1917 1909 1831 1779 1766 1736 1719 1727 1723 1864 1844 1707 1731 1834 1892 1883 1914 1948 1893 1781 1925 1928 1766 1735 1727 1694 1710 1733 1747 1722 1744 1868 2029 2173 2284 2200 2219 2280 2281 2206 2212 2155 2145 2290 2448 2489 2515 2674 2913
4424 4349 4449 4537 4560 4556 4595 4402 4010 3669 3434 3200 3006 2957 2898 2742 2519 2360 2298 2370 2435 2457 2437 2418 2434 2336 2239 2137 2022 1835 1849 1967 1983 1851 1768 1835 1838 1799 1774 1807 1818 1812 1769 1748 1878 1797 1668 1725 1842 1874 1790 1769 1812 1830 1847 1936 1847 1657 1638 1751 1820 1758 1684 1681 1739 1808 1866 1906 2021 2099 2042 2132 2354 2377 2226 2319 2325 2214 2297 2489 2469 2313 2374 2689
4251 4266 4412 4512 4609 4650 4618 4340 3799 3411 3329 3213 2998 2871 2837 2747 2557 2390 2306 2310 2335 2349 2445 2478 2390 2219 2140 2035 1926 1845 1936 2029 1923 1805 1873 1810 1693 1735 1759 1822 1875 1898 1872 1838 1872 1794 1742 1805 1872 1831 1708 1644 1684 1742 1843 1881 1854 1774 1667 1689 1743 1717 1656 1717 1883 2030 1970 1829 1783 1861 2001 2171 2386 2453 2328 2366 2393 2319 2274 2358 2310 2089 2106 2403
4199 4314 4498 4537 4566 4692 4663 4417 4006 3720 3586 3448 3171 2913 2823 2782 2640 2465 2376 2306 2221 2288 2449 2468 2356 2191 2113 1999 1886 1884 2011 2100 1930 1732 1866 1712 1610 1756 1765 1808 1874 1913 1945 1808 1715 1671 1710 1790 1823 1792 1733 1675 1696 1734 1847 1853 1777 1760 1659 1568 1622 1700 1749 1822 1949 2019 1987 1791 1699 1877 2143 2272 2321 2424 2480 2385 2228 2159 2179 2241 2260 2109 2052 2295
4281 4302 4406 4454 4432 4549 4639 4520 4324 4172 3996 3735 3367 2978 2832 2835 2770 2630 2462 2334 2180 2287 2460 2415 2374 2255 2116 2020 1908 1910 1994 2023 1857 1766 1870 1672 1666 1767 1748 1780 1816 1863 1909 1747 1709 1767 1725 1700 1686 1669 1684 1714 1747 1782 1854 1744 1625 1666 1693 1610 1599 1696 1804 1821 1791 1819 1987 1997 1959 2103 2233 2255 2250 2409 2599 2423 2078 2009 1997 2124 2265 2248 2212 2376
4206 4106 4168 4320 4403 4499 4573 4514 4411 4502 4312 3792 3270 2904 2775 2811 2800 2694 2514 2325 2193 2351 2456 2367 2366 2282 2146 2035 1929 1901 1947 1930 1823 1874 1880 1697 1758 1798 1762 1773 1769 1789 1786 1668 1785 1868 1771 1718 1683 1694 1725 1730 1701 1721 1749 1687 1645 1698 1769 1703 1604 1651 1764 1794 1773 1833 2062 2208 2197 2180 2190 2229 2323 2443 2497 2389 2115 2034 1932 2015 2198 2251 2241 2351
4067 4052 4147 4325 4488 4535 4556 4472 4360 4337 4135 3538 2997 2714 2591 2650 2684 2629 2536 2425 2374 2445 2382 2310 2296 2203 2078 1960 1893 1891 1939 1903 1837 1947 1859 1748 1865 1860 1810 1772 1741 1721 1707 1682 1733 1742 1678 1621 1605 1673 1787 1797 1636 1627 1699 1744 1811 1798 1703 1606 1605 1649 1748 1819 1930 1924 2000 2164 2224 2137 2116 2258 2452 2387 2215 2258 2262 2147 1998 2023 2154 2189 2123 2184
3932 3942 4133 4322 4444 4460 4455 4435 4387 4123 3786 3005 2388 2349 2490 2533 2576 2570 2584 2725 2587 2352 2270 2235 2164 2025 1948 1869 1811 1806 1902 1902 1874 1971 1822 1792 1906 1877 1834 1772 1723 1700 1714 1699 1646 1580 1557 1543 1507 1503 1672 1790 1701 1665 1698 1665 1658 1674 1628 1594 1685 1786 1743 1732 1932 1815 1852 2089 2180 2094 2068 2247 2425 2337 2104 2178 2266 2177 1997 1966 2036 2053 2028 2118
3843 3836 4032 4229 4319 4275 4250 4341 4533 4299 3605 2877 2308 2320 2577 2555 2584 2652 2689 2798 2554 2156 2095 2132 2058 1952 1900 1850 1763 1762 1883 1907 1955 1971 1774 1803 1862 1818 1793 1737 1696 1688 1670 1678 1565 1468 1526 1615 1613 1563 1655 1765 1755 1683 1763 1793 1715 1679 1742 1764 1730 1731 1639 1607 1739 1638 1860 2151 2156 2063 2049 2168 2299 2375 2194 2107 2206 2166 1994 1901 1941 1958 1954 2055
3822 3806 3931 4107 4147 4089 4052 4180 4381 4201 3685 3123 2655 2368 2466 2531 2600 2690 2558 2356 2185 2016 2021 2081 2041 1987 2020 2018 1864 1852 1960 2008 2090 1963 1750 1813 1804 1751 1724 1681 1668 1623 1580 1680 1614 1511 1579 1660 1708 1681 1687 1634 1628 1653 1757 1795 1756 1711 1718 1710 1660 1634 1664 1687 1689 1641 1838 2068 2068 2008 2130 2161 2160 2272 2222 2139 2212 2174 2050 1939 1947 1958 1946 1983
3834 3814 3818 3910 3992 4011 3989 4016 4046 3907 3779 3315 2696 2380 2388 2547 2561 2533 2403 2164 2088 2038 2012 2091 2168 2067 1985 2040 2007 2037 2140 2161 2200 1950 1768 1817 1751 1709 1691 1661 1670 1552 1534 1716 1698 1581 1534 1547 1614 1701 1667 1553 1622 1723 1716 1635 1565 1578 1622 1639 1633 1673 1752 1785 1747 1705 1724 1843 1954 1995 2099 2112 1997 1992 2161 2127 2090 2107 2087 2030 2049 2089 2057 1969
3899 3834 3735 3716 3880 4015 4007 3937 3781 3650 3688 3336 2694 2363 2390 2550 2548 2422 2324 2228 2140 2024 1892 1971 2128 2029 1820 1889 2106 2128 2226 2247 2189 1894 1781 1807 1720 1706 1705 1697 1685 1551 1566 1699 1674 1593 1486 1472 1529 1677 1691 1598 1671 1790 1754 1600 1501 1540 1645 1674 1644 1622 1706 1787 1749 1736 1804 1856 1918 1943 1954 2017 2128 2074 2046 1987 1963 1967 1993 1981 2062 2157 2133 2022
4016 3904 3701 3614 3746 3953 3993 3962 3750 3555 3520 3306 2755 2339 2350 2502 2507 2362 2333 2245 2113 1968 1854 1892 2034 2076 2032 2115 2176 2078 2249 2225 2067 1897 1793 1751 1715 1702 1696 1751 1718 1593 1604 1615 1577 1583 1589 1609 1653 1717 1646 1568 1638 1782 1836 1706 1582 1598 1699 1727 1660 1560 1619 1711 1652 1674 1757 1833 1880 1894 1898 1954 2091 1996 1871 1970 2100 2019 1864 1838 1949 2075 2037 1887
4111 4005 3744 3605 3648 3811 3932 3931 3826 3613 3474 3316 2915 2331 2199 2359 2451 2398 2308 2225 2133 2007 1921 1937 2021 2100 2157 2281 2159 2096 2252 2173 2073 1966 1785 1728 1780 1788 1706 1688 1689 1574 1594 1528 1523 1632 1712 1778 1786 1706 1482 1486 1610 1714 1763 1704 1613 1600 1615 1633 1594 1533 1640 1682 1614 1631 1689 1782 1844 1862 1842 1872 1936 1873 1846 1926 2033 1942 1768 1761 1893 1922 1956 1923
4138 4105 3909 3717 3680 3733 3806 3883 3919 3714 3607 3454 3041 2410 2133 2314 2470 2422 2303 2243 2168 2051 1950 1953 1992 2080 2212 2304 2170 2229 2327 2176 2147 2040 1864 1802 1806 1777 1659 1562 1662 1719 1627 1538 1526 1617 1691 1722 1756 1626 1417 1552 1668 1631 1601 1581 1610 1641 1622 1593 1555 1591 1726 1714 1650 1666 1702 1781 1844 1850 1835 1862 1890 1860 1893 1897 1882 1844 1761 1764 1851 1828 1990 2066
4033 4007 3965 3854 3758 3747 3727 3831 3888 3715 3727 3635 3205 2666 2312 2399 2560 2485 2327 2217 2136 2028 1896 1921 2028 2134 2236 2276 2195 2378 2387 2194 2187 2087 1939 1830 1751 1679 1708 1713 1650 1677 1639 1563 1476 1491 1587 1636 1685 1669 1555 1565 1629 1588 1552 1593 1720 1819 1763 1676 1579 1631 1762 1721 1704 1731 1771 1807 1849 1858 1855 1892 1880 1887 1958 1883 1842 1827 1761 1740 1780 1819 1898 1917
4174 4106 4015 3887 3779 3731 3719 3805 3801 3672 3739 3803 3443 2883 2506 2453 2612 2573 2338 2208 2152 2052 1922 1952 2125 2234 2272 2235 2246 2428 2360 2190 2130 2070 1989 1852 1727 1655 1746 1775 1614 1610 1633 1604 1546 1538 1623 1699 1702 1649 1622 1580 1595 1596 1563 1597 1728 1826 1805 1735 1671 1660 1696 1681 1703 1720 1757 1798 1842 1845 1839 1871 1813 1890 1970 1865 1877 1872 1794 1715 1745 1755 1765 1797
4258 4246 4077 3828 3672 3709 3820 3904 3882 3804 3776 3788 3556 2898 2428 2363 2565 2635 2401 2293 2270 2173 2034 2018 2121 2220 2243 2274 2311 2367 2297 2213 2094 1996 1980 1914 1758 1644 1695 1768 1719 1686 1664 1639 1631 1654 1698 1680 1593 1527 1616 1624 1568 1602 1654 1628 1599 1611 1617 1624 1659 1664 1651 1654 1683 1694 1718 1772 1823 1828 1817 1816 1782 1889 1931 1852 1939 1956 1828 1727 1795 1720 1696 1822
4030 4015 4015 3917 3821 3801 3961 4064 3955 3789 3676 3648 3582 3165 2666 2479 2531 2707 2601 2378 2294 2183 2069 2059 2064 2088 2171 2344 2345 2321 2314 2297 2101 1933 1938 1947 1817 1660 1655 1755 1786 1711 1657 1606 1595 1641 1697 1677 1553 1484 1568 1507 1462 1577 1707 1672 1526 1495 1544 1669 1727 1714 1709 1742 1748 1710 1707 1753 1797 1799 1791 1820 1854 1898 1897 1906 1993 1969 1831 1769 1861 1776 1697 1828
4032 4067 4231 4263 4093 3937 3934 3968 3849 3650 3536 3637 3741 3638 3158 2664 2548 2565 2698 2580 2380 2122 2038 2129 2123 1957 2078 2354 2330 2291 2316 2285 2101 1903 1869 1897 1819 1701 1637 1645 1656 1639 1618 1591 1573 1629 1698 1701 1641 1604 1633 1508 1438 1540 1672 1702 1618 1557 1625 1768 1832 1735 1653 1656 1714 1716 1721 1772 1804 1792 1789 1871 1900 1886 1910 1952 1969 1906 1799 1775 1823 1775 1613 1709
3995 4101 4295 4342 4074 3804 3760 3821 3793 3648 3554 3753 3985 3915 3402 2723 2435 2380 2689 2853 2609 2383 2194 2140 2091 1918 1965 2265 2293 2184 2160 2160 2039 1897 1831 1813 1742 1699 1606 1526 1527 1592 1655 1654 1637 1642 1665 1684 1704 1709 1688 1604 1538 1543 1632 1669 1673 1650 1631 1647 1649 1643 1604 1570 1608 1708 1729 1728 1716 1738 1796 1900 1828 1812 1919 1935 1936 1874 1787 1714 1687 1687 1618 1700
4034 3951 3995 4127 4246 4040 3834 3857 3844 3731 3673 3847 4050 3859 3376 2732 2282 2295 2549 2728 2655 2532 2364 2087 1975 1996 1924 1998 2104 1999 1937 1926 1940 1935 1894 1795 1707 1708 1678 1588 1566 1622 1697 1722 1689 1641 1595 1598 1643 1678 1697 1687 1644 1591 1552 1564 1609 1668 1654 1610 1593 1631 1695 1650 1560 1584 1679 1678 1617 1607 1742 1868 1790 1771 1906 1930 1921 1918 1817 1669 1599 1742 1853 1793
4129 4038 3943 4028 4367 4354 3945 3872 3738 3624 3651 3813 3962 3792 3328 2928 2413 2279 2479 2627 2697 2632 2502 2240 2061 2015 1867 1836 1930 2074 2107 1976 1936 1987 1973 1850 1813 1839 1806 1716 1634 1665 1714 1727 1668 1607 1548 1511 1585 1668 1671 1707 1712 1645 1525 1497 1585 1667 1678 1686 1699 1632 1644 1639 1564 1548 1669 1792 1746 1631 1654 1783 1809 1751 1759 1855 1939 1998 1858 1659 1652 1799 1929 1845
3959 4036 4045 4041 4120 4206 4029 3814 3611 3467 3538 3725 3837 3771 3579 3262 2670 2321 2397 2563 2656 2694 2572 2369 2134 1951 1951 2081 1999 2022 2092 2002 1930 1951 1948 1815 1718 1817 1803 1749 1715 1725 1738 1702 1626 1569 1548 1561 1679 1760 1684 1686 1691 1645 1571 1539 1592 1643 1644 1722 1736 1630 1616 1668 1667 1619 1630 1702 1742 1704 1618 1644 1705 1684 1700 1851 1987 1962 1834 1741 1766 1694 1738 1884
4009 4010 4086 4099 4076 4141 4077 3832 3629 3533 3570 3667 3712 3720 3800 3491 2927 2560 2408 2456 2516 2646 2618 2387 2102 1951 2012 2129 1945 1833 1845 1900 2000 2051 1936 1696 1422 1621 1833 1707 1733 1755 1762 1703 1616 1557 1607 1697 1781 1786 1671 1637 1630 1632 1626 1645 1668 1630 1584 1628 1707 1705 1679 1687 1689 1611 1537 1529 1682 1765 1666 1625 1662 1711 1761 1882 1975 1898 1770 1729 1738 1652 1756 1914
4010 3909 3952 4112 4127 4041 3985 3855 3723 3666 3648 3578 3546 3617 3820 3676 3161 2828 2486 2301 2340 2507 2582 2340 2032 1996 1956 1938 1860 1850 1840 1882 1965 2000 1904 1748 1606 1581 1647 1610 1697 1646 1665 1649 1552 1545 1638 1718 1658 1646 1659 1669 1661 1655 1696 1735 1756 1686 1598 1602 1659 1723 1684 1600 1572 1586 1566 1534 1631 1734 1682 1659 1695 1741 1752 1785 1857 1826 1709 1583 1689 1786 1826 1840
3947 3958 3967 4064 4004 3824 3747 3612 3491 3489 3517 3459 3424 3536 3714 3653 3333 2884 2522 2194 2184 2402 2515 2320 2086 2065 1872 1787 1852 1899 1828 1783 1802 1829 1766 1779 1763 1569 1542 1634 1699 1619 1676 1651 1529 1570 1634 1640 1535 1538 1698 1831 1834 1757 1693 1726 1769 1749 1705 1631 1569 1602 1621 1578 1582 1668 1701 1613 1539 1574 1632 1670 1730 1744 1699 1672 1753 1832 1749 1630 1776 1866 1813 1854
3798 3873 3934 3908 3741 3643 3569 3450 3266 3196 3279 3319 3306 3443 3555 3459 3387 2981 2496 2203 2134 2344 2461 2340 2261 2135 1887 1780 1794 1820 1755 1745 1768 1761 1704 1752 1783 1684 1691 1728 1681 1609 1702 1735 1705 1713 1660 1628 1598 1554 1641 1795 1817 1730 1651 1639 1724 1772 1745 1639 1515 1530 1616 1691 1700 1694 1675 1602 1519 1530 1580 1670 1763 1795 1700 1653 1752 1846 1777 1667 1746 1790 1757 1797
3655 3717 3869 3854 3652 3508 3383 3268 3176 3095 3072 3116 3157 3280 3368 3311 3433 3081 2505 2196 2145 2252 2369 2349 2325 2139 1879 1766 1736 1751 1774 1846 1911 1848 1712 1669 1728 1772 1765 1755 1601 1527 1635 1700 1775 1773 1689 1654 1782 1840 1729 1662 1667 1674 1722 1749 1639 1611 1665 1669 1663 1635 1621 1714 1706 1627 1584 1638 1655 1622 1620 1695 1785 1790 1709 1683 1774 1825 1715 1597 1643 1747 1735 1703
