test/net/g2lab/icchange/view/histogram/change-07_b3.txt
ncols         411
nrows         508
xllcorner     532720
yllcorner     5948510
cellsize      5
NODATA_value  -9999
[rows 304 to 341 of 508, columns 252 to 335 of 411]
1734 1796 1855 2063 2240 2231 2204 2234 2255 2190 1969 1890 2189 2519 2693 2619 2568 2719 3122 3429 3652 4118 4447 4291 3907 3353 2761 2283 2246 2143 1913 1860 2036 2093 2083 2010 1963 2059 2178 2052 1891 1998 2105 2205 2331 2261 2204 2285 2069 1982 2134 2174 2082 2140 2280 2254 2221 2241 2470 2865 3110 3000 2990 2993 3171 3331 3512 3373 3626 3753 3509 3457 3489 3621 3643 3533 3450 3286 2905 2898 2916 2782 2661 2228
1856 1859 1976 2212 2292 2214 2153 2102 2141 2141 2006 1916 2163 2552 2731 2684 2651 2855 3162 3375 3477 3781 4281 4219 3859 3540 3239 2567 2113 2237 2056 1980 2051 2054 2162 2142 2052 2051 2184 2181 2016 2104 2125 2064 2142 2203 2075 2072 2060 1950 2124 2324 2266 2254 2408 2594 2684 2593 2572 2766 2936 2782 2767 3090 3494 3533 3434 3546 3903 3771 3467 3686 3677 3654 3610 3453 3333 3028 2852 3073 2943 2606 2304 1908
1921 1885 2028 2187 2148 2158 2145 1990 2025 2169 2185 2142 2274 2588 2801 2792 2792 2985 3208 3385 3414 3609 4050 4185 4053 3849 3410 2718 2189 2216 2202 2103 1983 1839 1992 2076 2110 2116 2130 2281 2174 2007 2018 1989 1965 1975 1793 1915 2153 2060 2196 2384 2452 2492 2502 2696 2906 2812 2601 2578 2804 2796 2883 3299 3542 3483 3593 3801 3811 3620 3448 3624 3732 3646 3480 3343 3288 2761 2654 3002 2883 2526 2233 2019
1834 1817 1974 2132 2088 2174 2151 1983 2031 2188 2279 2253 2259 2477 2823 2962 2959 3074 3297 3413 3385 3497 3988 4382 4223 3944 3598 3094 2425 2173 2208 1922 1826 1816 1929 2057 2281 2329 2172 2280 2155 1873 1931 1899 1726 1704 1801 1997 2118 2069 2270 2345 2365 2446 2476 2651 2748 2689 2720 2620 2829 3185 3046 3239 3532 3461 3589 3661 3582 3624 3747 3833 3757 3559 3432 3211 2955 2564 2472 2677 2606 2221 2106 2216
1719 1795 1977 2118 2115 2164 2122 2063 2132 2226 2226 2121 2129 2313 2682 3021 3119 3246 3493 3773 3923 3771 3953 4397 4297 4189 3958 3360 2682 2178 2041 1890 2021 2106 2189 2329 2459 2359 2148 2177 2240 2008 1833 1836 1751 1783 1969 1913 2108 2241 2390 2456 2508 2386 2262 2352 2445 2457 2529 2628 3074 3471 3170 3259 3421 3382 3388 3570 3669 3715 3805 3863 3676 3480 3519 3286 2848 2536 2400 2335 2258 2144 2175 2206
1720 1945 2072 2015 2074 2161 2110 2163 2251 2265 2200 2100 2096 2235 2422 2894 3371 3656 4107 4593 4651 4133 3736 4070 4334 4249 4143 3494 2611 2105 1972 2128 2257 2362 2413 2417 2329 2287 2172 2163 2226 2143 1953 1988 2136 2072 2027 1997 2201 2397 2350 2321 2405 2277 2036 2012 2062 2229 2526 2857 3218 3500 3444 3353 3345 3393 3437 3628 3662 3584 3614 3752 3654 3499 3511 3274 2917 2538 2371 2253 2125 2133 2155 2133
1816 1934 2052 1869 2072 2273 2144 2181 2285 2324 2292 2247 2226 2241 2280 2742 3314 3868 4396 4761 4896 4410 3669 3914 4415 4229 4094 3460 2579 2176 2160 2221 2356 2545 2515 2293 2219 2404 2385 2328 2335 2333 2204 2092 2159 2146 2117 2112 2089 2304 2395 2339 2339 2284 2225 2158 2097 2228 2709 3149 3358 3470 3498 3424 3437 3616 3593 3485 3500 3556 3602 3688 3626 3556 3385 3107 3031 2776 2438 2219 2015 1955 2078 2121
1835 1875 2059 2079 2247 2213 2061 2149 2257 2360 2363 2347 2365 2250 2354 2831 3227 3668 4039 4118 4726 4602 3892 4013 4542 4512 4123 3610 2912 2461 2356 2242 2340 2507 2434 2290 2216 2337 2340 2364 2391 2371 2297 2213 2204 2241 2150 2160 2226 2336 2391 2464 2401 2218 2242 2318 2383 2461 2809 3399 3541 3255 3370 3543 3579 3680 3517 3361 3585 3769 3707 3563 3543 3612 3314 3012 3118 2930 2343 1992 2083 2111 2198 2296
1948 2017 2095 2129 2149 2055 2041 2156 2178 2229 2403 2428 2375 2310 2454 2882 3095 3436 3763 3900 4723 4851 4200 4098 4519 4843 4506 4028 3358 2670 2423 2336 2300 2363 2356 2325 2186 2127 2162 2199 2256 2280 2278 2286 2319 2321 2245 2296 2338 2297 2270 2452 2550 2408 2312 2426 2706 2926 3032 3469 3554 3205 3405 3637 3592 3479 3483 3570 3731 3775 3608 3443 3484 3589 3280 2901 2804 2592 2096 1874 2112 2166 2254 2380
2067 2123 2096 1995 2004 2126 2213 2156 2063 2131 2566 2578 2236 2316 2479 2723 2993 3252 3638 4090 4669 4692 4401 4342 4728 5122 5059 4309 3536 2767 2461 2464 2339 2323 2270 2179 2089 2055 2099 2117 2146 2209 2265 2293 2317 2321 2310 2347 2282 2218 2241 2375 2499 2461 2408 2614 2805 3054 3210 3372 3552 3482 3503 3577 3573 3492 3619 3737 3695 3555 3489 3467 3389 3268 2976 2631 2357 2152 1968 1882 2051 2131 2182 2273
2154 2153 2071 1960 1993 2122 2151 2095 2099 2255 2554 2560 2224 2267 2454 2651 2886 3130 3744 4245 4257 4083 4292 4461 4737 5088 5257 4550 3599 3015 2716 2572 2357 2329 2133 1981 2041 2096 2098 2091 2124 2223 2302 2329 2355 2377 2338 2253 2138 2108 2127 2202 2280 2363 2533 2844 3019 3153 3293 3332 3447 3457 3432 3500 3699 3658 3579 3678 3668 3534 3475 3493 3112 2733 2582 2463 2264 2090 2019 1903 2019 2171 2184 2149
2128 2105 2034 1973 1991 2009 2012 2132 2305 2323 2292 2461 2287 2135 2297 2281 2628 3223 3735 4298 4083 3721 4128 4243 4455 4995 5417 4825 3932 3478 3061 2704 2415 2255 2054 1914 1969 2039 2029 2039 2122 2231 2302 2308 2311 2354 2317 2171 2071 2137 2143 2195 2315 2411 2665 3040 3279 3252 3259 3410 3511 3455 3416 3450 3468 3335 3398 3673 3792 3668 3549 3405 2851 2526 2487 2433 2328 2154 1994 1909 2085 2286 2234 2074
2045 2045 2000 1985 2068 2013 2048 2243 2431 2191 2030 2339 2247 2117 2087 1999 2509 3207 3799 4243 4315 3967 3950 3996 4132 4678 5211 5023 4464 3851 3296 2875 2353 2133 2127 1969 1999 2060 1991 1970 2066 2164 2188 2143 2153 2244 2301 2180 2177 2344 2340 2389 2517 2657 2789 3096 3386 3395 3308 3362 3487 3468 3444 3383 3289 3196 3481 3734 3666 3470 3525 3282 2723 2693 2493 2303 2238 2053 1906 1910 2109 2318 2243 2054
2000 1991 2013 2071 2172 2150 2157 2237 2239 2073 2037 2259 2185 2157 2098 2097 2450 2857 3376 4011 4586 4233 3798 3859 4081 4298 4908 5239 4677 3994 3486 3072 2381 2135 2212 2019 2114 2149 2025 1990 2081 2144 2079 1999 2029 2126 2193 2142 2280 2511 2562 2678 2885 2983 2932 3066 3382 3524 3413 3366 3368 3405 3497 3575 3488 3420 3661 3724 3587 3459 3462 3057 2658 2852 2534 2128 2020 1939 2030 2136 2220 2325 2214 2088
2011 2015 2099 2089 2103 2135 2172 2050 2022 2161 2147 2122 2108 2203 2313 2276 2308 2419 2732 3577 4324 3998 3631 3742 4043 4031 4554 5143 4966 4505 3845 3256 2713 2303 2285 2232 2221 2180 2037 1969 2113 2157 2066 2006 2054 2044 2047 2095 2240 2485 2732 2948 3184 3201 3104 3172 3313 3492 3548 3595 3551 3501 3570 3731 3706 3550 3591 3546 3657 3578 3259 2879 2803 2822 2337 2029 2008 2146 2179 2290 2356 2378 2230 2193
2089 2050 2098 1986 1956 2056 2092 1956 2015 2152 1997 1976 2088 2243 2349 2305 2215 2324 2487 3158 3866 3757 3683 3603 3729 3938 4465 5201 5373 4894 3945 3154 2803 2427 2490 2460 2139 1963 2054 2143 2174 2128 1997 1976 2096 2047 2061 2148 2244 2460 2810 3135 3297 3367 3347 3396 3417 3457 3535 3611 3650 3573 3537 3614 3634 3545 3468 3476 3676 3480 3027 2862 2885 2515 2034 2115 2119 2151 2161 2344 2431 2380 2291 2313
2208 1981 1920 1909 2002 2016 2000 1959 1991 1976 1896 2055 2195 2201 2190 2296 2343 2443 2564 2709 3287 3692 3701 3614 3652 3938 4299 5085 5414 4845 4042 3508 3019 2587 2603 2506 2209 2071 2280 2357 2249 2171 2031 1979 2102 2159 2288 2373 2443 2625 2932 3217 3382 3497 3530 3507 3656 3748 3702 3654 3655 3589 3588 3696 3744 3665 3510 3472 3550 3327 2915 2736 2708 2255 1933 2099 1939 2035 2224 2409 2509 2487 2399 2375
2359 2063 1941 2059 2111 1942 1836 1932 1956 2008 2093 2276 2360 2175 2123 2375 2357 2444 2476 2378 2856 3460 3619 3547 3609 3826 4232 4921 5548 5184 4393 4053 3368 2679 2580 2502 2383 2314 2358 2233 2132 2114 2077 2005 2081 2218 2244 2374 2617 2882 3131 3278 3386 3480 3451 3208 3271 3658 3748 3703 3624 3546 3506 3539 3583 3582 3509 3415 3316 3055 2714 2470 2389 2138 1940 1877 1821 2205 2418 2476 2529 2524 2475 2392
2391 2152 2152 2124 1984 1881 1892 2003 2083 2275 2338 2432 2522 2339 2309 2405 2282 2309 2292 2267 2566 3096 3298 3322 3532 3844 4268 4898 5571 5737 5001 4255 3669 3174 2859 2659 2448 2366 2385 2252 2231 2179 2102 2076 2074 2104 2143 2322 2652 2938 3082 3204 3315 3320 3158 3088 3328 3694 3717 3742 3620 3432 3309 3285 3216 3135 3252 3354 3055 2620 2464 2241 2111 2063 1934 1828 2011 2485 2526 2445 2432 2451 2527 2518
2363 2228 2255 2128 1962 1976 2068 2111 2155 2303 2387 2544 2672 2570 2491 2479 2348 2224 2268 2219 2294 2616 2922 3146 3511 4015 4228 4556 5258 5955 5579 4540 4026 3643 3224 2834 2508 2328 2244 2275 2445 2357 2158 2093 2130 2123 2270 2533 2798 2935 3027 3219 3221 3302 3364 3475 3677 3772 3707 3711 3666 3406 3230 3322 3481 3317 3133 3218 2783 2342 2304 2121 1918 1945 2021 2039 2165 2398 2420 2391 2358 2420 2558 2634
2402 2296 2260 2101 2011 2089 2172 2156 2212 2337 2453 2626 2714 2633 2533 2456 2372 2278 2366 2257 2204 2458 2822 3081 3407 3936 4149 4158 4856 5856 5961 5099 4280 3867 3338 2935 2652 2456 2178 2195 2377 2292 2122 2113 2266 2234 2302 2524 2727 2851 3116 3326 3291 3432 3634 3728 3775 3685 3696 3768 3717 3473 3246 3303 3507 3502 3126 2962 2591 2289 2235 2079 1797 1889 2087 2048 1954 2069 2324 2413 2408 2457 2565 2607
2407 2321 2221 2091 2089 2182 2277 2264 2312 2425 2533 2651 2712 2611 2440 2297 2262 2287 2344 2302 2288 2487 2866 3220 3411 3790 4181 4163 4582 5463 5788 5547 4768 4026 3517 3120 2876 2650 2310 2206 2210 2092 2061 2136 2252 2246 2286 2392 2585 2763 3164 3355 3313 3377 3546 3736 3837 3706 3750 3798 3653 3455 3389 3351 3311 3451 3135 2732 2592 2268 2122 2018 1793 1925 1997 1858 1858 1987 2248 2413 2481 2551 2550 2518
2429 2361 2243 2172 2211 2303 2359 2358 2401 2494 2514 2487 2510 2463 2373 2309 2302 2285 2252 2241 2268 2313 2634 3125 3450 3800 4215 4299 4495 5067 5652 5838 5534 4684 3835 3330 2976 2729 2503 2458 2220 2037 2088 2145 2296 2396 2436 2450 2593 2977 3456 3607 3450 3348 3530 3782 3832 3731 3760 3732 3603 3493 3569 3352 3081 3152 2911 2570 2414 2094 1986 2015 1955 1967 1967 1976 2062 2102 2228 2411 2544 2637 2589 2462
2496 2425 2312 2302 2377 2407 2381 2392 2461 2525 2461 2346 2335 2301 2274 2286 2317 2274 2205 2174 2194 2167 2330 2910 3579 4156 4263 4252 4456 4974 5738 6013 5657 4940 3968 3331 2926 2639 2618 2696 2401 2203 2173 2090 2248 2552 2697 2607 2502 2869 3481 3691 3801 3667 3602 3679 3685 3706 3779 3738 3635 3567 3558 3253 2915 2771 2619 2343 2131 2027 1943 1953 2059 2113 2224 2261 2317 2350 2379 2441 2570 2657 2616 2443
2551 2474 2415 2447 2467 2419 2382 2429 2489 2502 2494 2414 2332 2272 2278 2351 2365 2271 2174 2124 2162 2223 2260 2700 3383 3963 4023 3945 4275 4728 5479 5863 5432 4724 3940 3323 3036 2691 2754 2796 2496 2444 2355 2180 2242 2536 2859 2875 2725 2851 3159 3337 3544 3623 3540 3550 3554 3707 3820 3735 3594 3534 3451 3156 2757 2487 2362 2207 2014 1926 1937 1992 2143 2329 2447 2449 2505 2557 2550 2489 2519 2562 2486 2404
2600 2536 2494 2508 2441 2375 2367 2450 2451 2477 2552 2481 2348 2293 2341 2432 2455 2367 2285 2275 2296 2294 2227 2364 2887 3434 3655 3865 4085 4362 4778 5644 5519 4533 4096 3414 2974 2882 2965 2874 2567 2642 2566 2350 2307 2495 2894 3134 3132 3249 3355 3475 3556 3517 3518 3525 3562 3746 3793 3591 3411 3378 3333 3079 2712 2428 2251 2068 1943 1899 2035 2188 2261 2276 2335 2431 2521 2557 2629 2711 2540 2425 2352 2328
2680 2586 2520 2480 2380 2339 2405 2487 2409 2453 2519 2437 2318 2262 2327 2418 2443 2410 2412 2489 2392 2356 2332 2275 2418 2887 3315 3625 3759 3960 4366 5431 5678 4712 4273 3700 3112 2969 2894 2850 2704 2695 2619 2285 2225 2545 2916 3193 3277 3373 3358 3512 3638 3482 3522 3633 3701 3750 3678 3445 3242 3226 3261 3028 2652 2452 2247 2113 2046 1967 2024 2157 2168 1980 2097 2355 2403 2404 2592 2738 2469 2485 2419 2312
2667 2660 2538 2432 2350 2410 2545 2539 2397 2452 2501 2405 2291 2217 2257 2327 2339 2345 2431 2495 2335 2420 2503 2360 2232 2442 2917 3292 3483 3793 4336 4960 5396 4963 4427 4360 3470 2948 3000 3108 2899 2764 2817 2660 2380 2613 3031 3236 3397 3409 3298 3418 3553 3565 3614 3753 3796 3730 3627 3492 3345 3261 3246 2883 2424 2281 2168 2155 2124 2019 1966 2003 2002 1893 2089 2301 2290 2267 2487 2533 2381 2509 2454 2365
2658 2795 2612 2430 2418 2517 2669 2618 2454 2450 2505 2460 2344 2285 2285 2314 2316 2315 2427 2445 2310 2416 2534 2383 2163 2207 2614 3080 3352 3753 4001 4393 5098 5296 4798 4437 3848 3350 3330 3385 3195 3090 3126 3048 2641 2601 2947 2945 3114 3397 3539 3706 3815 3751 3674 3758 3812 3773 3735 3763 3648 3393 3192 2867 2488 2235 2096 2051 2010 1898 1833 1898 2049 2109 2199 2252 2227 2272 2485 2492 2465 2573 2470 2440
2575 2693 2532 2483 2469 2529 2634 2497 2429 2481 2504 2485 2388 2343 2360 2400 2426 2445 2537 2504 2354 2327 2430 2350 2264 2427 2678 2969 3193 3406 3550 4136 5264 6022 5844 5202 4712 4006 3399 3304 3293 3419 3357 3169 2989 2812 2843 2908 3062 3572 3886 3842 3786 3723 3662 3728 3811 3900 3956 3944 3752 3440 3079 2792 2570 2288 2123 2100 2056 2015 1984 2029 2119 2261 2293 2251 2189 2270 2451 2414 2504 2554 2417 2378
2513 2539 2480 2518 2459 2511 2545 2367 2470 2551 2488 2480 2420 2370 2385 2423 2458 2516 2593 2586 2382 2279 2357 2297 2475 2817 2947 3042 3104 3253 3540 3943 5140 6351 6669 6255 5383 4335 3514 3369 3514 3508 3429 3318 3193 2888 3101 3421 3505 3596 3657 3701 3734 3688 3716 3828 3950 4015 4039 3852 3585 3278 3042 2766 2447 2135 1956 1971 2068 2236 2336 2331 2303 2327 2305 2204 2101 2099 2160 2184 2360 2450 2358 2311
2494 2482 2534 2579 2468 2481 2523 2457 2555 2475 2346 2415 2459 2399 2373 2426 2476 2517 2548 2570 2390 2293 2339 2224 2547 3065 3318 3365 3292 3360 3693 3793 4537 5958 6715 6585 5771 4775 3974 3794 3548 3135 3081 2901 2844 3019 3506 3809 3830 3675 3564 3823 4047 3895 3865 3905 3965 3978 4024 3789 3352 3054 3135 2877 2358 2073 1926 1925 2000 2140 2286 2258 2181 2248 2244 2153 2045 1962 1888 1966 2196 2332 2360 2340
2466 2459 2591 2627 2488 2448 2543 2482 2365 2277 2249 2386 2529 2537 2430 2425 2517 2582 2421 2395 2564 2489 2285 2194 2569 3198 3612 3595 3424 3270 3469 3797 4101 5172 6488 6736 6276 5319 4403 3983 3280 2655 2487 2271 2640 3271 3767 3821 3906 3897 3866 3944 4027 3968 3960 3825 3809 3852 3870 3689 3233 2932 3120 2736 2227 2082 2060 2074 2057 2108 2141 2083 2046 2181 2208 2194 2129 2029 1909 1923 2096 2210 2308 2331
2384 2420 2561 2636 2502 2412 2519 2386 2201 2263 2290 2336 2394 2407 2364 2406 2595 2768 2484 2422 2708 2512 2192 2153 2559 3112 3577 3460 3148 3085 3419 3921 4104 4734 6050 6574 5986 5367 4604 3990 3352 2641 2360 2439 2936 3525 3748 3624 3827 3957 3913 3846 3840 3943 3924 3714 3723 3706 3603 3496 3177 2953 2883 2463 2130 2033 2031 2223 2133 2063 2168 2224 2168 2136 2137 2234 2258 2161 2054 2018 2059 2091 2105 2167
2293 2367 2510 2633 2519 2362 2396 2388 2304 2335 2354 2273 2184 2212 2295 2413 2576 2681 2528 2445 2475 2354 2285 2305 2574 2967 3396 3212 2909 3150 3484 3747 4048 4550 5606 6211 5507 4979 4593 4154 3694 3134 2851 3048 3387 3559 3692 3668 3719 3743 3813 3818 3789 3949 3854 3634 3745 3618 3407 3206 2884 2673 2459 2207 1990 1903 1995 2204 2078 2105 2282 2275 2151 2155 2221 2237 2240 2207 2172 2151 2089 1968 1909 1977
2304 2358 2520 2646 2529 2322 2336 2497 2320 2197 2239 2245 2212 2273 2409 2485 2445 2417 2445 2459 2451 2427 2470 2503 2564 2844 3175 3301 3195 3290 3428 3538 3808 4453 5152 6332 5964 4836 4570 4382 4024 3565 3462 3547 3601 3609 3901 3859 3691 3705 3866 3936 3884 4007 3806 3702 3809 3612 3365 2932 2494 2331 2178 2008 1896 1922 1992 2081 2091 2201 2361 2314 2131 2285 2390 2303 2301 2301 2265 2203 2127 1924 1803 1872
2393 2366 2516 2625 2491 2348 2391 2459 2241 2073 2149 2312 2376 2410 2479 2498 2398 2346 2438 2538 2653 2572 2495 2546 2599 2779 3173 3529 3489 3342 3359 3401 3463 3935 4807 6009 6216 5199 4676 4461 4269 4024 3952 3767 3728 3830 4062 3920 3798 3916 3910 3908 3944 4006 3797 3802 3828 3605 3443 2905 2349 2220 2073 1914 1870 1967 2002 2117 2211 2258 2316 2295 2181 2234 2291 2276 2316 2348 2310 2278 2243 1987 1895 1927
2438 2315 2443 2513 2425 2388 2473 2488 2314 2197 2171 2281 2373 2428 2454 2471 2456 2423 2450 2625 2790 2621 2466 2630 2847 2923 3055 3302 3299 3292 3356 3395 3307 3699 4660 5537 6077 5609 4730 4514 4451 4303 4058 3898 4080 4117 4013 3893 3961 3968 3826 3857 3972 3966 3784 3830 3796 3592 3417 2965 2464 2214 2046 1931 1843 1899 2017 2177 2289 2240 2170 2322 2319 2252 2251 2258 2276 2305 2300 2333 2282 2071 2125 2128
