test/net/g2lab/icchange/view/histogram/change-07_b2.txt
ncols         411
nrows         508
xllcorner     532720
yllcorner     5948510
cellsize      5
NODATA_value  -9999
[rows 152 to 189 of 508, columns 168 to 251 of 411]
4630 4592 4651 4708 5033 5519 5507 4918 4666 4414 4314 4393 4501 4514 4398 4217 3915 3747 3914 4224 4114 4138 4428 4772 4566 4471 4780 4976 4903 4746 4611 4643 4742 4643 4449 4642 4773 4527 4459 4364 4460 4517 4506 4419 4252 4155 4163 4190 4200 4164 4212 4335 4435 4512 4517 4486 4483 4507 4555 4616 4665 4702 4662 4525 4382 4322 4310 4364 4450 4506 4341 4266 4377 4284 4253 4265 4300 4527 4659 4498 4313 4132 4008 3951
4589 4689 4940 5236 5396 5334 5155 4725 4604 4431 4318 4430 4566 4440 4187 4028 3930 3725 3792 4085 3989 4024 4379 4677 4597 4596 4917 5084 4953 4807 4694 4540 4594 4598 4451 4441 4603 4492 4360 4282 4415 4509 4409 4403 4255 4188 4284 4312 4265 4221 4243 4393 4465 4474 4493 4510 4489 4458 4452 4537 4635 4673 4693 4523 4362 4347 4325 4365 4463 4552 4314 4207 4304 4204 4091 3955 3802 3930 4285 4517 4515 4421 4269 4068
4602 4899 5327 5593 5469 5089 4893 4730 4647 4652 4437 4271 4204 4003 3799 3869 4028 4047 3998 4134 4269 4278 4343 4627 4952 5065 5088 5082 4982 4964 4785 4516 4599 4663 4589 4453 4590 4509 4233 4195 4193 4318 4324 4342 4229 4260 4392 4388 4370 4300 4332 4503 4465 4407 4465 4508 4513 4479 4476 4549 4630 4619 4557 4325 4184 4232 4265 4296 4352 4373 4244 4302 4367 4143 3818 3685 3607 3519 3608 4037 4300 4250 4174 4160
4763 5105 5298 5286 4998 4630 4657 4661 4542 4469 4325 4169 4027 3875 3805 3917 4195 4334 4374 4476 4509 4323 4069 4382 4905 4984 4926 4959 5096 5098 4888 4693 4707 4668 4720 4595 4408 4405 4287 4139 3984 4310 4556 4492 4342 4324 4323 4310 4373 4283 4270 4412 4394 4380 4451 4496 4509 4505 4545 4624 4666 4593 4423 4239 4104 4124 4177 4201 4259 4307 4271 4380 4290 3910 3559 3575 3595 3457 3318 3576 4062 4203 4133 4257
5025 5066 4922 4454 4352 4368 4397 4424 4104 3982 4159 4295 4238 4099 4057 4078 4160 4297 4414 4473 4310 3976 3789 4045 4330 4285 4335 4698 5103 5165 4934 4786 4692 4562 4601 4495 4368 4482 4408 4194 4155 4450 4722 4659 4425 4331 4198 4241 4371 4230 4117 4240 4365 4369 4402 4442 4444 4458 4538 4643 4675 4603 4511 4395 4270 4189 4155 4162 4216 4339 4376 4279 3932 3614 3379 3456 3625 3658 3576 3661 3890 4110 4175 4328
5016 4665 4109 3684 3885 4240 4329 4083 3598 3631 4103 4295 4155 3969 4002 4099 4111 4147 4224 4234 3980 3820 3780 3859 3658 3618 3980 4434 4825 4947 4888 4851 4680 4530 4556 4463 4506 4592 4471 4247 4246 4573 4842 4748 4427 4318 4258 4256 4322 4232 4138 4209 4342 4306 4337 4387 4383 4363 4408 4530 4612 4587 4621 4626 4495 4357 4189 4155 4246 4470 4465 4063 3655 3576 3456 3428 3577 3540 3417 3456 3618 3891 4299 4565
4643 4200 3635 3335 3415 3728 4184 4106 3697 3667 4012 4115 3821 3569 3708 4106 4283 4408 4291 4088 3869 4010 4061 3847 3516 3677 4101 4346 4461 4710 4896 4901 4766 4657 4600 4490 4567 4652 4593 4516 4455 4658 4927 4906 4516 4194 4178 4156 4202 4241 4233 4174 4175 4232 4323 4401 4353 4264 4276 4392 4501 4514 4545 4643 4599 4443 4303 4242 4387 4560 4433 3941 3513 3631 3520 3569 3725 3662 3479 3380 3494 3698 4147 4511
4173 3845 3454 3141 3132 3367 3852 4229 4035 3879 3811 3772 3636 3503 3549 3934 4340 4605 4440 3936 3778 4110 4193 3953 3825 4101 4360 4430 4476 4647 4847 4851 4768 4746 4610 4438 4472 4465 4511 4629 4696 4610 4625 4573 4414 4081 3967 4068 4208 4198 4126 4060 4020 4119 4223 4214 4258 4219 4252 4313 4397 4399 4380 4549 4606 4507 4431 4378 4490 4482 4170 3703 3468 3568 3493 3755 4056 4021 3823 3617 3535 3618 3815 4109
3838 3619 3368 3249 3294 3354 3405 3783 3865 3695 3659 3755 3934 3987 3983 4087 4294 4426 4378 3792 3524 3909 3975 3965 4021 4325 4406 4523 4658 4669 4795 4757 4641 4666 4549 4400 4381 4277 4346 4621 4853 4573 4261 4292 4399 4225 4023 4069 4195 4098 3993 4070 4105 4156 4145 4055 4168 4139 4136 4265 4340 4315 4389 4590 4596 4493 4425 4420 4526 4243 3735 3466 3516 3529 3468 3712 4082 4219 4059 3837 3645 3584 3638 3761
3695 3534 3391 3447 3569 3527 3438 3558 3570 3631 3883 4085 4363 4509 4416 4318 4251 4181 4020 3697 3509 3728 3810 4030 4220 4278 4230 4384 4580 4674 4794 4682 4552 4595 4567 4550 4452 4316 4420 4517 4623 4478 4353 4457 4546 4359 4015 3936 4124 4169 4081 4109 4205 4186 4230 4177 4136 4085 4146 4305 4317 4183 4268 4483 4460 4415 4342 4340 4440 3971 3511 3482 3698 3656 3511 3649 3854 4129 4204 4138 3969 3796 3772 3809
3417 3446 3442 3476 3552 3461 3439 3628 3726 3855 4075 4312 4502 4509 4341 4249 4241 4197 4069 3946 3793 3881 4035 4151 4127 4039 4052 4184 4143 4400 4705 4643 4595 4618 4645 4703 4557 4441 4531 4178 4230 4576 4649 4722 4593 4274 3968 3897 4041 4135 4122 4147 4173 4144 4274 4232 4166 4245 4270 4408 4435 4286 4337 4417 4415 4454 4540 4424 4183 3794 3645 3672 3721 3762 3767 3812 3875 4171 4492 4510 4308 4124 4058 4162
3428 3498 3471 3498 3620 3669 3778 4072 4232 4315 4379 4307 4213 4184 4080 4034 4105 4223 4240 4133 4087 4221 4287 4086 3830 3738 3892 4012 3758 3970 4508 4591 4677 4687 4683 4683 4467 4387 4395 4101 4197 4547 4706 4773 4611 4328 4154 4113 4052 4083 4149 4145 4107 4123 4275 4252 4317 4439 4411 4587 4570 4426 4505 4544 4526 4541 4616 4323 3855 3612 3653 3680 3660 3832 4063 4106 4142 4423 4682 4704 4539 4514 4406 4462
3671 3632 3467 3419 3699 4058 4231 4407 4629 4639 4515 4142 3928 3951 3879 3862 3916 3961 4057 4110 4189 4308 4284 3947 3583 3450 3735 3893 3641 3555 3828 4125 4281 4551 4708 4657 4451 4432 4454 4408 4420 4456 4599 4726 4722 4630 4551 4504 4276 4095 4127 4138 4155 4174 4262 4309 4410 4516 4520 4642 4529 4386 4472 4550 4595 4502 4337 4067 3677 3510 3634 3686 3676 3730 3921 4333 4506 4582 4660 4605 4616 4726 4636 4583
3830 3814 3716 3683 3916 4310 4554 4592 4520 4424 4356 4065 3856 3858 3822 3848 3825 3816 3927 3978 4011 4081 4106 3870 3586 3572 3796 3762 3610 3613 3543 3644 3873 4371 4781 4779 4616 4648 4533 4505 4547 4402 4453 4691 4813 4794 4780 4689 4474 4106 4016 4182 4337 4269 4275 4334 4328 4393 4418 4464 4468 4377 4425 4525 4571 4390 4063 3814 3584 3603 3722 3714 3766 3809 4056 4563 4612 4556 4670 4595 4663 4805 4819 4756
3752 3775 3939 4136 4361 4642 4662 4394 4074 4032 4067 3864 3808 3812 3794 3852 3741 3721 3854 3858 3833 3886 3962 3966 3917 3976 4136 3870 3878 4018 3751 3800 3926 4193 4627 4762 4715 4662 4470 4550 4662 4505 4428 4582 4730 4727 4763 4715 4458 4132 4111 4359 4485 4322 4286 4212 4075 4187 4214 4339 4514 4419 4431 4519 4494 4248 3853 3639 3642 3754 3751 3683 3847 3959 4260 4631 4598 4670 4717 4633 4719 4803 4785 4711
3839 3764 3932 4202 4391 4375 4289 4047 3812 3836 3850 3736 3813 3727 3731 3824 3733 3727 3814 3833 3825 3864 3986 4079 4089 4116 4159 3996 4152 4262 3992 3874 3818 3947 4352 4504 4603 4646 4553 4503 4691 4661 4468 4604 4678 4666 4784 4886 4657 4369 4434 4500 4522 4382 4305 4065 3947 4106 4166 4283 4405 4332 4417 4521 4389 4064 3755 3633 3700 3771 3789 3870 4091 4079 4319 4598 4612 4807 4745 4575 4619 4696 4703 4631
4165 3958 4034 4238 4170 3911 3939 3861 3655 3801 3753 3805 3893 3732 3734 3850 3823 3759 3737 3792 3876 3944 3979 4022 4037 4030 4127 4206 4255 4333 4139 3896 3932 3870 4173 4508 4593 4647 4560 4381 4568 4766 4680 4698 4666 4630 4652 4726 4728 4655 4666 4554 4573 4480 4262 4093 3984 4080 4130 4074 4104 4186 4306 4385 4195 3883 3729 3658 3639 3679 3818 4108 4301 4301 4467 4648 4786 4909 4730 4535 4567 4685 4718 4651
4307 4228 4173 4098 3979 3829 3835 3775 3743 3844 3755 3912 3980 3717 3691 3804 3901 3855 3774 3803 3887 3909 3860 3896 4040 4153 4331 4440 4407 4369 4252 4056 4085 3951 4300 4830 4801 4584 4494 4427 4509 4639 4727 4637 4546 4696 4749 4651 4725 4762 4756 4689 4669 4520 4269 4160 3955 3909 3955 3879 3988 4139 4180 4129 3941 3767 3727 3729 3595 3663 3930 4141 4280 4353 4513 4677 4893 4984 4812 4741 4758 4809 4780 4718
4471 4402 4066 3852 3808 3788 3792 3823 3807 3846 3909 3975 3939 3733 3665 3608 3773 3892 3848 3805 3802 3779 3695 3762 4138 4440 4490 4460 4364 4298 4285 4073 3995 4135 4333 4810 4931 4573 4576 4648 4517 4423 4632 4772 4706 4799 4744 4684 4756 4756 4754 4732 4662 4576 4350 4159 3996 3864 3902 3977 4138 4236 4117 3897 3749 3694 3742 3767 3624 3793 4175 4339 4466 4550 4591 4602 4687 4703 4686 4812 4907 4858 4778 4718
4281 4190 3875 3730 3785 3826 3829 3829 3794 3785 3829 3817 3857 3869 3771 3626 3692 3865 3843 3764 3766 3787 3774 3788 4099 4318 4189 4100 4145 4130 4055 3933 3940 4074 3982 4374 4991 5010 4771 4684 4563 4439 4579 4637 4579 4583 4517 4600 4802 4787 4743 4687 4658 4653 4543 4317 4153 4019 4122 4171 4187 4323 4111 3771 3608 3558 3629 3691 3674 3859 4196 4487 4714 4817 4798 4741 4675 4546 4544 4688 4853 4829 4655 4576
3839 3859 3776 3762 3858 3843 3834 3821 3774 3726 3686 3728 3813 3927 3878 3751 3761 3813 3760 3645 3762 3827 3853 3830 3862 3917 3898 3920 3949 3838 3705 3919 3933 3855 3780 4030 4801 5098 4643 4526 4556 4496 4385 4319 4338 4488 4629 4604 4684 4761 4776 4742 4691 4667 4622 4447 4157 4004 4141 4251 4215 4269 4045 3600 3421 3543 3583 3565 3679 3983 4224 4582 4800 4794 4782 4764 4758 4697 4695 4754 4753 4652 4480 4433
3612 3675 3743 3817 3832 3792 3794 3792 3789 3788 3736 3760 3884 4011 3889 3829 3889 3813 3693 3646 3764 3704 3691 3701 3629 3678 3924 4022 3769 3645 3687 3975 3981 4021 4003 3998 4146 4634 4680 4543 4512 4402 4271 4331 4475 4663 4755 4613 4545 4623 4700 4709 4671 4602 4533 4445 4251 4156 4239 4398 4236 3940 3686 3453 3490 3723 3748 3632 3734 4147 4397 4707 4846 4723 4647 4718 4830 4800 4769 4723 4601 4493 4394 4419
3618 3686 3691 3728 3732 3709 3737 3763 3844 3899 3866 3842 3903 3931 3736 3775 3839 3708 3717 3690 3746 3773 3770 3763 3720 3719 3744 3718 3579 3643 3734 3971 4206 4297 4273 3957 3708 4405 4901 4748 4524 4369 4439 4580 4630 4564 4633 4669 4556 4513 4590 4648 4638 4562 4571 4626 4669 4528 4375 4350 3989 3553 3455 3556 3608 3726 3762 3747 3817 4254 4657 4716 4727 4628 4606 4753 4961 4959 4762 4657 4542 4457 4414 4501
3799 3726 3623 3646 3668 3701 3739 3758 3828 3898 3886 3837 3791 3771 3688 3807 3784 3690 3756 3646 3689 3785 3732 3804 3879 3862 3775 3633 3537 3600 3807 4071 4293 4342 4284 4148 3982 4204 4589 4869 4679 4432 4451 4506 4435 4365 4424 4608 4546 4510 4545 4577 4576 4497 4465 4619 4780 4591 4196 3888 3584 3513 3562 3610 3560 3666 3799 3911 3993 4353 4765 4754 4671 4639 4698 4847 4839 4812 4696 4620 4517 4430 4453 4585
3855 3752 3638 3647 3679 3741 3766 3755 3768 3762 3759 3751 3720 3737 3783 3834 3789 3746 3796 3714 3780 3732 3586 3650 3746 3784 3740 3638 3538 3646 3910 4144 4299 4338 4315 4320 4080 3911 4167 4763 4964 4595 4452 4303 4345 4427 4189 4285 4469 4481 4464 4411 4220 4025 3957 4121 4301 4132 3682 3387 3485 3675 3620 3477 3457 3727 3893 4067 4234 4476 4798 4820 4650 4717 4787 4779 4613 4653 4690 4569 4466 4484 4545 4623
3800 3852 3730 3658 3689 3750 3761 3728 3702 3642 3665 3742 3763 3779 3816 3823 3816 3707 3751 3837 3864 3771 3611 3653 3772 3817 3729 3600 3541 3704 4025 4229 4380 4471 4474 4430 4170 3884 3980 4292 4705 4733 4546 4394 4449 4395 4085 4260 4400 4299 4148 3939 3632 3448 3467 3627 3677 3534 3380 3405 3566 3667 3507 3369 3549 3892 3968 4295 4625 4682 4843 4712 4540 4701 4641 4616 4655 4689 4738 4640 4544 4666 4662 4561
3708 3804 3772 3641 3654 3677 3703 3751 3733 3664 3680 3773 3819 3774 3800 3850 3818 3642 3749 3871 3847 3867 3833 3828 3911 3968 3931 3883 3887 4025 4204 4267 4271 4300 4431 4429 4224 4042 3918 3949 4202 4607 4677 4467 4319 4425 4384 4387 4415 4044 3551 3348 3284 3337 3406 3457 3366 3427 3566 3641 3582 3520 3505 3553 3708 4038 4206 4579 4851 4843 4891 4680 4567 4633 4468 4496 4611 4681 4792 4726 4690 4783 4773 4615
3613 3706 3756 3579 3589 3683 3675 3759 3802 3717 3698 3735 3761 3781 3865 3938 3870 3723 3824 3811 3780 3883 3906 3860 3830 3891 3874 3911 4075 4259 4419 4419 4281 4167 4321 4351 4125 4040 3794 3650 3783 4107 4418 4512 4468 4618 4402 3952 3807 3653 3291 3163 3270 3412 3515 3534 3474 3544 3701 3690 3519 3519 3707 3806 3799 4133 4536 4748 4849 4832 4813 4743 4670 4605 4483 4513 4597 4712 4792 4688 4733 4871 4868 4761
3495 3598 3574 3554 3696 3752 3642 3630 3744 3781 3702 3663 3661 3770 3898 3877 3872 3832 3874 3805 3736 3743 3733 3779 3838 3839 3763 3704 3838 4088 4238 4292 4227 4142 4158 4028 3857 3829 3696 3555 3606 3792 4071 4557 4701 4425 4041 3488 3301 3519 3441 3350 3471 3518 3502 3545 3608 3508 3485 3581 3656 3673 3794 3920 3935 4313 4762 4873 4837 4696 4667 4727 4635 4602 4523 4501 4579 4713 4774 4720 4810 4951 4923 4782
3060 3180 3463 3724 3816 3788 3682 3658 3742 3767 3707 3639 3581 3687 3789 3719 3760 3707 3695 3753 3676 3659 3657 3672 3781 3827 3769 3706 3778 3953 4048 4071 4107 3960 3760 3567 3548 3735 3806 3777 3761 3845 3961 4309 4550 4247 3877 3415 3296 3454 3394 3523 3662 3574 3430 3463 3490 3286 3329 3638 3849 3709 3633 3898 4265 4489 4876 4999 4814 4631 4578 4568 4489 4592 4553 4502 4578 4643 4685 4714 4815 4983 4976 4798
2913 3100 3496 3830 3954 3999 4043 3970 3812 3674 3623 3667 3691 3679 3745 3755 3722 3630 3650 3734 3636 3707 3699 3643 3764 3824 3781 3751 3782 3888 3995 4034 4118 3916 3525 3371 3459 3785 4042 4129 4126 4050 4076 4230 4463 4295 3858 3544 3436 3500 3469 3617 3727 3681 3579 3479 3447 3425 3567 3652 3850 3824 3682 4067 4523 4669 4780 4819 4755 4699 4626 4522 4496 4636 4629 4640 4657 4603 4600 4643 4765 4934 4921 4732
3322 3327 3585 3770 4000 4260 4360 4237 3949 3732 3678 3786 3854 3777 3779 3761 3698 3674 3746 3823 3753 3715 3628 3645 3805 3869 3808 3736 3763 3819 3900 3947 3989 3955 3665 3466 3532 3788 4144 4269 4228 4171 4276 4440 4548 4340 3878 3622 3566 3556 3565 3635 3650 3562 3500 3478 3641 3773 3715 3527 3594 3893 4054 4302 4500 4633 4673 4606 4707 4732 4605 4601 4595 4707 4792 4878 4813 4667 4653 4623 4735 4844 4780 4627
3698 3538 3707 3754 4058 4279 4264 4221 4057 3872 3805 3813 3796 3763 3806 3820 3734 3656 3704 3808 3818 3691 3569 3602 3665 3647 3657 3680 3705 3757 3810 3884 3922 3968 3860 3689 3721 3808 3996 4110 4069 3991 4107 4370 4476 4359 4074 3836 3741 3676 3633 3630 3604 3471 3454 3556 3648 3763 3672 3465 3432 3840 4388 4628 4521 4626 4730 4618 4677 4711 4625 4657 4596 4675 4833 4834 4810 4781 4783 4714 4768 4803 4697 4579
3670 3611 3729 3878 4136 4049 3963 4072 4213 4104 3877 3786 3716 3718 3804 3873 3817 3677 3635 3692 3781 3793 3713 3732 3667 3570 3615 3713 3760 3751 3760 3801 3866 3900 4060 4203 4038 3823 3818 3880 3763 3626 3673 3910 4164 4147 4123 4013 3909 3850 3729 3692 3674 3583 3600 3621 3584 3600 3702 3673 3672 4017 4596 4825 4646 4652 4633 4548 4595 4643 4617 4559 4558 4642 4652 4579 4680 4804 4792 4687 4752 4767 4698 4639
3772 3675 3760 3988 4155 3773 3637 4032 4348 4287 4037 3890 3793 3717 3756 3843 3827 3719 3615 3620 3633 3739 3771 3743 3659 3689 3722 3635 3423 3412 3572 3587 3867 4001 4037 4236 4154 3790 3687 3731 3721 3618 3538 3489 3537 3668 3862 3983 4064 4020 3861 3755 3727 3712 3700 3742 3675 3642 3853 3899 3962 4252 4547 4833 4781 4676 4573 4487 4500 4539 4592 4588 4590 4600 4529 4477 4542 4580 4638 4628 4659 4637 4580 4638
4103 3920 3791 3926 3890 3444 3552 4076 4419 4385 4315 4162 3979 3788 3648 3671 3726 3768 3723 3612 3555 3634 3694 3551 3379 3364 3403 3285 3065 3067 3402 3646 3790 3833 3707 3733 3820 3614 3541 3765 3910 4095 3999 3586 3376 3410 3621 3787 4122 4181 3939 3764 3578 3563 3653 3823 3827 3776 3896 3934 4193 4474 4535 4813 4854 4648 4584 4460 4431 4510 4634 4667 4617 4580 4534 4535 4519 4441 4546 4691 4686 4591 4542 4597
4630 4123 3824 3740 3523 3371 3715 4056 4320 4381 4458 4387 4150 3903 3670 3570 3684 3810 3866 3755 3647 3658 3613 3517 3340 3258 3215 3227 3202 3199 3231 3454 3558 3670 3843 3910 3860 3478 3392 3703 3915 4027 4138 3968 3761 3579 3568 3755 4227 4335 4058 3793 3541 3475 3595 3734 3773 3820 3971 4098 4470 4683 4652 4737 4759 4655 4579 4458 4426 4566 4712 4683 4581 4547 4550 4531 4517 4474 4494 4544 4523 4493 4573 4585
5028 4388 3929 3706 3409 3560 4047 4094 4269 4379 4417 4430 4351 4151 3930 3721 3715 3844 3887 3808 3736 3692 3511 3380 3444 3502 3398 3318 3401 3466 3330 3344 3548 3605 3774 4006 3873 3397 3201 3366 3583 3628 3964 4197 3995 3765 3839 4097 4380 4447 4286 3975 3719 3626 3568 3605 3689 3891 4224 4501 4679 4763 4630 4567 4637 4650 4567 4473 4480 4640 4719 4630 4513 4515 4562 4478 4459 4501 4545 4536 4445 4453 4593 4686
