test/net/g2lab/icchange/view/histogram/change-07_b3.txt
ncols         411
nrows         508
xllcorner     532720
yllcorner     5948510
cellsize      5
NODATA_value  -9999
[rows 342 to 379 of 508, columns 84 to 167 of 411]
2458 2420 2332 2276 2291 2266 2267 2392 2514 2523 2636 2705 2634 2608 2623 2631 2575 2633 2623 2520 2449 2521 2631 2701 2695 2681 2676 2681 2678 2634 2546 2528 2573 2503 2405 2331 2401 2421 2396 2325 2284 2310 2321 2288 2374 2367 2258 2168 2233 2213 2145 2276 2212 2078 2036 2011 2117 2135 2014 2007 2038 2060 2046 2047 1965 1907 1951 1939 1869 1848 1946 1919 1950 2000 1891 1932 1971 1897 1908 1930 2028 2049 2109 1946
2487 2348 2178 2128 2143 2174 2226 2374 2488 2531 2627 2724 2729 2675 2617 2541 2506 2571 2584 2474 2432 2552 2645 2703 2704 2695 2722 2770 2764 2701 2563 2469 2488 2465 2374 2366 2430 2367 2373 2420 2424 2350 2307 2314 2400 2318 2256 2236 2245 2177 2156 2221 2115 1998 1954 2004 2158 2146 2002 1965 1979 2017 2043 2025 1897 1893 1940 1900 1847 1866 1924 1883 1928 1938 1892 1944 2016 2023 1975 1860 1932 2069 2083 1956
2513 2447 2294 2270 2282 2284 2289 2348 2422 2534 2665 2748 2806 2758 2684 2617 2576 2600 2627 2513 2519 2626 2603 2639 2660 2670 2706 2765 2759 2669 2557 2462 2435 2431 2435 2447 2433 2323 2307 2461 2506 2338 2239 2264 2324 2272 2322 2295 2204 2206 2144 2122 2058 1966 1921 1987 2090 2038 1962 1928 1959 2016 2067 1971 1797 1919 1980 1900 1870 1879 1893 1872 1907 1905 1943 2006 2001 2031 1977 1886 1920 1982 1971 1934
2398 2438 2461 2390 2315 2381 2404 2383 2387 2562 2689 2665 2751 2765 2731 2733 2635 2661 2697 2619 2631 2634 2570 2607 2612 2617 2646 2690 2684 2614 2537 2499 2471 2467 2463 2432 2384 2313 2277 2314 2374 2337 2341 2293 2270 2250 2272 2281 2237 2232 2106 2080 2045 1945 1964 1963 1954 1901 1915 1947 1998 2056 2130 2008 1840 1959 1957 1916 1922 1914 1907 1880 1880 1879 1975 1987 1867 1915 1920 1914 1970 1979 1906 1880
2494 2516 2543 2344 2114 2241 2409 2345 2261 2472 2617 2592 2676 2708 2754 2699 2522 2595 2688 2646 2596 2622 2631 2656 2643 2639 2644 2642 2613 2560 2540 2555 2510 2516 2469 2342 2359 2400 2382 2358 2373 2374 2397 2403 2343 2311 2297 2305 2263 2212 2171 2130 2018 1929 1993 1957 1834 1806 1919 1989 1999 2051 2133 2090 1931 1885 1865 1902 1931 1919 1947 1886 1830 1848 1925 1916 1839 1897 1891 1961 2054 2046 1935 1908
2578 2485 2527 2391 2178 2220 2376 2268 2102 2277 2496 2668 2760 2735 2763 2617 2415 2585 2718 2626 2531 2667 2731 2704 2676 2691 2709 2674 2624 2561 2575 2565 2485 2549 2458 2307 2390 2464 2452 2393 2408 2258 2276 2416 2392 2367 2336 2283 2222 2171 2142 2088 1959 1894 1901 1884 1845 1861 1957 1990 1908 1902 2019 2081 1949 1804 1796 1860 1880 1914 1965 1900 1841 1851 1881 1936 1961 1950 1908 1974 2054 2025 1929 1934
2474 2453 2534 2462 2263 2222 2352 2305 2185 2315 2534 2772 2875 2808 2679 2528 2485 2664 2786 2707 2631 2766 2730 2629 2598 2664 2729 2732 2667 2601 2623 2560 2450 2515 2430 2341 2380 2374 2317 2337 2379 2195 2244 2401 2345 2345 2312 2235 2148 2106 2074 2006 1905 1966 1953 1874 1898 1929 1959 1958 1889 1847 1922 2009 1974 1832 1799 1859 1831 1942 2007 1916 1905 1919 1919 1919 1964 1933 1896 1953 1972 1909 1848 1910
2403 2459 2522 2476 2324 2272 2376 2361 2235 2341 2595 2699 2780 2740 2618 2595 2596 2626 2671 2655 2660 2738 2670 2499 2421 2502 2643 2717 2679 2625 2653 2586 2456 2418 2354 2333 2333 2269 2187 2296 2420 2328 2346 2345 2285 2298 2266 2197 2133 2114 2086 1965 1882 2009 1955 1824 1797 1808 1824 1875 1937 1946 1887 1901 1957 1861 1854 1878 1820 1961 1997 1903 1946 1984 1920 1846 1892 1860 1884 1966 1955 1838 1794 1877
2494 2472 2411 2379 2356 2332 2357 2334 2209 2312 2531 2600 2660 2681 2670 2648 2602 2566 2564 2599 2623 2753 2791 2561 2539 2537 2574 2662 2664 2639 2665 2673 2489 2355 2337 2340 2356 2325 2273 2348 2442 2440 2407 2350 2292 2280 2273 2248 2224 2175 2122 2019 1909 1905 1858 1797 1774 1772 1763 1824 1920 1976 1952 1950 1947 1836 1902 1908 1848 1967 1893 1854 1907 1905 1935 1902 1884 1832 1912 2007 1972 1845 1817 1872
2645 2433 2264 2301 2372 2346 2273 2219 2206 2304 2424 2475 2549 2616 2700 2708 2639 2573 2594 2660 2700 2700 2672 2607 2740 2669 2540 2586 2627 2623 2668 2728 2543 2452 2445 2376 2391 2439 2405 2354 2330 2400 2429 2370 2324 2316 2327 2302 2306 2290 2215 2127 1921 1802 1811 1829 1859 1867 1848 1867 1924 1955 1952 2013 1948 1828 1850 1898 1939 1938 1752 1737 1827 1877 2039 2049 1916 1811 1873 1958 1926 1835 1848 1850
2650 2344 2227 2328 2421 2312 2201 2211 2234 2268 2353 2412 2476 2557 2705 2744 2679 2643 2720 2766 2719 2576 2640 2613 2572 2624 2617 2595 2594 2561 2557 2605 2618 2637 2532 2352 2307 2369 2343 2274 2288 2388 2441 2364 2349 2337 2317 2307 2355 2341 2240 2108 1936 1820 1833 1873 1910 1920 1909 1899 1885 1816 1832 1990 1974 1824 1805 1955 2023 2001 1874 1807 1828 1927 2047 1997 1900 1840 1852 1868 1815 1772 1846 1839
2507 2311 2290 2399 2411 2290 2233 2328 2292 2239 2362 2411 2416 2472 2589 2662 2664 2684 2790 2781 2664 2617 2834 2694 2539 2656 2701 2641 2522 2452 2591 2699 2709 2651 2522 2405 2358 2346 2284 2332 2442 2416 2399 2358 2338 2310 2260 2245 2280 2257 2157 2002 1883 1825 1818 1836 1855 1836 1842 1864 1855 1763 1797 1963 1966 1861 1899 2061 2031 2079 2024 1875 1863 1902 1931 1878 1860 1865 1900 1913 1826 1771 1832 1854
2340 2313 2367 2386 2354 2339 2352 2417 2284 2249 2384 2410 2361 2376 2492 2570 2611 2639 2690 2667 2663 2733 2874 2676 2554 2646 2679 2645 2579 2578 2721 2770 2673 2535 2427 2411 2435 2420 2402 2438 2439 2340 2355 2376 2338 2274 2180 2162 2197 2192 2119 1938 1803 1776 1768 1786 1787 1769 1800 1881 1913 1867 1883 1941 1941 1932 2003 2082 1990 2060 1970 1842 1886 1919 1924 1872 1808 1749 1775 1835 1845 1823 1843 1906
2248 2358 2383 2324 2293 2425 2387 2297 2287 2302 2392 2409 2375 2414 2525 2593 2609 2610 2569 2568 2697 2665 2638 2619 2579 2605 2648 2671 2789 2702 2629 2703 2652 2487 2392 2415 2424 2367 2321 2286 2368 2361 2343 2394 2320 2215 2182 2168 2207 2195 2145 1969 1783 1731 1736 1773 1796 1815 1868 1942 1984 1982 1995 1921 1909 1962 1981 2002 1952 1941 1869 1850 1926 1935 1979 1963 1864 1763 1745 1844 1916 1918 1935 1993
2279 2378 2361 2328 2315 2362 2275 2239 2391 2421 2417 2443 2482 2523 2582 2637 2657 2708 2526 2516 2737 2557 2547 2662 2592 2651 2710 2735 2807 2588 2497 2668 2696 2606 2512 2502 2481 2384 2239 2201 2452 2506 2375 2372 2232 2230 2261 2170 2198 2212 2115 1979 1823 1712 1689 1749 1811 1871 1935 1970 1964 1987 2028 1897 1871 1908 1853 1989 1954 1855 1857 1897 1922 1901 1926 1950 1904 1852 1881 1990 2083 2085 2077 2072
2281 2267 2204 2303 2307 2231 2344 2382 2289 2218 2376 2483 2590 2618 2558 2596 2716 2807 2516 2541 2796 2648 2723 2721 2602 2689 2758 2686 2591 2477 2514 2722 2783 2736 2646 2589 2543 2450 2344 2306 2430 2469 2427 2348 2212 2275 2300 2174 2169 2084 1975 1807 1724 1695 1707 1742 1782 1871 1945 1950 1870 1929 1998 1884 1852 1826 1862 2043 1989 1901 1923 1878 1911 1884 1873 1904 1944 1967 1996 2047 2110 2109 2085 2062
2239 2149 2126 2304 2342 2264 2299 2309 2157 2104 2380 2394 2534 2705 2670 2563 2724 2837 2650 2615 2798 2789 2796 2662 2568 2676 2736 2651 2560 2599 2651 2740 2775 2750 2711 2617 2528 2485 2482 2374 2328 2411 2487 2401 2255 2291 2232 2127 2057 1899 1970 1951 1787 1783 1805 1835 1855 1891 1918 1912 1842 1879 1961 1933 1880 1875 1943 2077 2028 1991 1906 1832 1961 1930 1862 1910 1985 2047 2069 2061 2034 2011 1994 1995
2236 2199 2228 2369 2357 2270 2300 2398 2448 2355 2377 2383 2471 2764 2859 2546 2552 2727 2718 2619 2743 2711 2512 2506 2558 2682 2749 2727 2680 2693 2693 2686 2666 2657 2660 2584 2480 2447 2486 2413 2345 2425 2483 2440 2286 2191 2098 2052 2013 1923 2002 2027 1895 1849 1782 1842 1946 1975 1891 1937 2009 1989 1986 1956 1944 2045 2014 2017 2029 1958 1870 1822 1915 1885 1861 1925 2007 2074 2060 1996 1966 2004 1990 1927
2278 2291 2343 2411 2383 2402 2457 2609 2620 2369 2308 2461 2473 2452 2613 2647 2672 2634 2694 2684 2656 2495 2347 2481 2611 2716 2798 2820 2651 2619 2648 2605 2555 2569 2603 2569 2494 2462 2484 2485 2460 2416 2391 2370 2264 2117 2028 2023 2073 1974 1830 1878 1922 1866 1762 1798 2003 2067 1923 1889 2004 2026 1965 1898 1882 1957 1937 1971 1969 1848 1861 1750 1727 1802 1816 1847 1900 1934 1926 1901 1936 2013 1945 1840
2245 2285 2380 2405 2456 2581 2385 2348 2458 2374 2383 2524 2553 2417 2579 2784 2767 2646 2661 2716 2599 2514 2480 2559 2664 2672 2689 2672 2495 2558 2632 2570 2553 2557 2577 2567 2540 2568 2534 2476 2469 2388 2318 2307 2244 2151 2036 1987 2009 1904 1725 1803 1924 1868 1739 1777 1964 2044 1916 1851 1937 1965 1871 1834 1810 1844 1924 1962 1939 1861 1875 1726 1681 1813 1829 1807 1779 1786 1793 1772 1835 1912 1834 1799
2126 2223 2390 2422 2503 2589 2356 2266 2406 2508 2496 2530 2552 2523 2616 2544 2518 2664 2736 2755 2675 2592 2554 2611 2658 2602 2496 2511 2502 2492 2663 2685 2589 2538 2481 2501 2574 2680 2565 2436 2474 2418 2396 2329 2213 2151 2022 1898 1860 1944 1879 1821 1889 1843 1766 1814 1955 2013 1970 1967 2062 2026 1904 1879 1880 1908 1933 1938 1937 1933 1907 1866 1801 1880 1921 1823 1803 1833 1870 1817 1810 1834 1809 1824
2073 2241 2480 2463 2464 2607 2637 2568 2475 2456 2429 2441 2528 2595 2606 2617 2692 2816 2787 2748 2694 2652 2638 2628 2633 2633 2599 2636 2635 2569 2770 2829 2681 2575 2527 2488 2594 2712 2668 2576 2521 2456 2508 2371 2175 2153 2032 1923 1907 2022 1967 1879 1908 1856 1867 1971 2048 2003 2011 2084 2150 2096 2010 1985 1966 1955 1949 1932 1928 1982 1908 1817 1823 1889 1920 1853 1950 1916 1906 1915 1875 1881 1890 1879
2249 2397 2543 2500 2464 2601 2840 2765 2443 2337 2422 2473 2520 2620 2700 2810 2847 2827 2754 2689 2671 2693 2681 2630 2585 2579 2629 2730 2786 2722 2724 2759 2666 2598 2633 2552 2563 2675 2702 2652 2496 2406 2515 2396 2284 2239 2102 2100 2036 1973 1972 2011 2002 1952 1997 2088 2072 1960 1942 2070 2151 2094 2059 2054 2050 2010 1952 1904 1916 1992 1907 1832 1862 1806 1837 1861 1920 1864 1851 1911 1893 1868 1877 1865
2446 2540 2560 2558 2584 2517 2630 2721 2514 2495 2557 2569 2524 2674 2662 2675 2757 2770 2723 2674 2682 2723 2694 2607 2542 2506 2588 2723 2817 2731 2670 2738 2664 2550 2573 2611 2625 2633 2613 2547 2456 2444 2531 2494 2472 2362 2165 2175 2046 1935 2047 2137 2105 2008 2006 2047 2007 1931 1950 2051 2103 2062 2077 2095 2092 2020 1931 1877 1913 1977 1932 1931 1902 1811 1875 1820 1783 1834 1802 1848 1860 1815 1841 1864
2445 2545 2568 2664 2753 2706 2549 2670 2707 2616 2589 2511 2512 2711 2540 2455 2687 2751 2793 2777 2737 2730 2677 2581 2531 2528 2598 2698 2759 2669 2692 2805 2742 2576 2606 2714 2661 2637 2592 2556 2533 2532 2577 2562 2448 2297 2208 2201 2074 2054 2141 2191 2068 1946 1963 2025 1985 2007 2064 2078 2098 2103 2135 2137 2116 2026 1915 1882 1948 1969 1923 1938 1889 1845 1913 1784 1786 1840 1736 1777 1806 1813 1891 1903
2458 2506 2592 2721 2802 2746 2579 2711 2671 2457 2505 2661 2649 2676 2683 2565 2661 2813 2889 2869 2743 2646 2545 2494 2562 2645 2693 2697 2672 2658 2696 2809 2787 2650 2696 2700 2613 2676 2674 2691 2688 2627 2558 2480 2350 2251 2276 2247 2043 2040 2079 2069 1982 1930 2040 2149 2081 2100 2111 2107 2156 2199 2210 2182 2135 2047 1955 1929 1989 1942 1840 1852 1877 1873 1875 1818 1838 1822 1733 1790 1772 1843 1958 1946
2495 2471 2560 2683 2742 2693 2657 2714 2630 2531 2605 2748 2655 2550 2669 2599 2673 2849 2882 2850 2705 2525 2427 2411 2587 2726 2688 2632 2661 2673 2617 2689 2758 2716 2696 2653 2637 2736 2713 2788 2806 2674 2521 2396 2313 2262 2218 2194 2084 2054 1962 1980 2108 2220 2330 2312 2147 2076 1982 2014 2151 2231 2226 2183 2145 2091 2011 1957 1969 1920 1840 1862 1943 1853 1850 1874 1843 1842 1845 1845 1771 1861 1961 1916
2510 2455 2557 2662 2643 2568 2570 2649 2593 2670 2619 2496 2574 2652 2690 2622 2718 2798 2834 2798 2720 2569 2433 2411 2568 2653 2600 2621 2714 2699 2583 2641 2750 2695 2634 2708 2726 2687 2636 2766 2849 2691 2476 2369 2321 2235 2130 2198 2203 2085 1975 1917 2069 2301 2395 2310 2150 2083 1986 1989 2104 2180 2208 2156 2142 2148 2054 1957 1946 1965 1943 1997 2020 1859 1914 1916 1825 1900 1939 1895 1816 1859 1888 1860
2559 2519 2617 2675 2581 2515 2514 2557 2570 2692 2643 2562 2674 2755 2713 2679 2781 2716 2739 2807 2801 2702 2568 2502 2534 2546 2624 2715 2762 2711 2663 2729 2768 2610 2553 2762 2788 2607 2536 2682 2826 2693 2436 2361 2329 2210 2070 2134 2171 2120 2058 2013 2091 2229 2278 2227 2169 2120 2071 2068 2045 2055 2100 2212 2204 2172 2086 1984 1899 1946 2010 2077 2061 1942 1990 1902 1843 1934 1938 1922 1875 1860 1840 1834
2624 2619 2669 2695 2592 2508 2503 2528 2619 2729 2668 2666 2758 2788 2748 2845 2898 2687 2728 2863 2848 2715 2571 2457 2482 2566 2781 2833 2694 2679 2743 2775 2707 2516 2529 2779 2832 2655 2548 2675 2795 2689 2441 2341 2344 2212 2039 1965 1995 1991 2015 2096 2228 2338 2341 2276 2260 2188 2118 2114 2041 2009 2137 2356 2199 2051 2048 2032 1913 1895 2006 2034 2095 2031 1958 1913 1883 1946 1954 1941 1925 1882 1837 1858
2670 2664 2681 2718 2652 2557 2555 2564 2640 2707 2670 2712 2799 2791 2712 2648 2790 2783 2777 2881 2836 2668 2598 2444 2441 2591 2744 2769 2627 2641 2740 2675 2560 2562 2633 2769 2840 2709 2654 2726 2784 2680 2480 2335 2293 2199 2105 2058 2007 1943 1936 2053 2188 2263 2273 2268 2300 2246 2193 2182 2127 2097 2242 2331 2121 2022 2067 2105 2074 2021 2036 2034 2113 2025 1915 1978 1950 2025 2024 1924 1946 1931 1895 1904
2686 2705 2723 2749 2698 2605 2589 2612 2646 2663 2663 2706 2805 2690 2530 2509 2765 2889 2668 2704 2806 2748 2754 2727 2665 2665 2649 2729 2698 2603 2605 2555 2560 2709 2825 2678 2646 2700 2698 2727 2746 2647 2501 2336 2249 2179 2037 1993 1973 1940 1964 2087 2225 2246 2233 2221 2232 2266 2260 2231 2205 2171 2331 2325 2116 2113 2129 2135 2132 2065 2027 2048 2079 2048 1957 1952 1947 2092 2026 1872 2000 2019 1941 1891
2669 2731 2767 2746 2692 2607 2613 2660 2646 2656 2655 2692 2769 2692 2624 2767 2737 2822 2744 2685 2826 2663 2589 2888 2811 2676 2671 2754 2788 2682 2575 2595 2625 2643 2686 2631 2589 2643 2618 2607 2648 2622 2508 2382 2289 2162 1966 1928 1877 1850 1923 2047 2191 2270 2304 2414 2358 2256 2242 2236 2219 2243 2387 2295 2163 2213 2210 2168 2081 1996 1974 2017 2078 2107 2041 1947 1919 1954 1933 1939 2069 2065 1922 1817
2645 2748 2773 2724 2639 2579 2654 2695 2656 2668 2653 2705 2784 2805 2736 2772 2872 2890 2886 2758 2665 2669 2702 2876 2764 2617 2574 2716 2839 2839 2668 2569 2635 2742 2748 2767 2673 2613 2609 2611 2652 2651 2532 2432 2418 2217 2010 2000 1941 1949 2044 2116 2142 2145 2190 2336 2330 2212 2222 2242 2221 2274 2369 2225 2202 2274 2260 2207 2067 1952 1914 1969 2087 2153 2131 2085 2078 2070 2012 2043 2113 2092 1923 1905
2622 2736 2742 2690 2565 2547 2707 2718 2698 2715 2667 2742 2739 2647 2822 2766 2820 2872 2789 2797 2783 2773 2821 2809 2807 2687 2529 2549 2729 2841 2806 2661 2678 2822 2781 2665 2674 2678 2680 2684 2704 2742 2636 2457 2401 2237 2031 1970 1925 1975 2145 2266 2238 2161 2158 2236 2280 2246 2244 2287 2266 2315 2308 2169 2248 2295 2262 2255 2162 2056 2045 2113 2183 2175 2120 2104 2165 2189 2115 2109 2177 2140 2011 2109
2577 2680 2728 2719 2629 2612 2753 2742 2805 2780 2673 2734 2754 2664 2749 2643 2721 2956 2861 2706 2798 2827 2900 2787 2719 2740 2632 2441 2464 2628 2781 2757 2633 2630 2659 2666 2729 2759 2712 2587 2543 2580 2555 2398 2236 2201 2090 1954 1893 1922 2066 2208 2219 2192 2243 2310 2315 2273 2316 2383 2360 2380 2270 2178 2302 2269 2234 2248 2209 2216 2272 2311 2308 2235 2151 2135 2177 2220 2174 2149 2228 2193 2116 2154
2520 2711 2866 2838 2837 2766 2736 2712 2765 2744 2652 2692 2805 2672 2598 2792 2873 2908 2816 2656 2833 2905 2697 2665 2677 2788 2773 2604 2458 2527 2681 2749 2644 2590 2676 2702 2756 2771 2698 2513 2354 2354 2415 2435 2285 2162 2081 1969 1944 2008 2073 2140 2184 2218 2313 2348 2301 2279 2394 2455 2418 2400 2253 2239 2331 2238 2202 2209 2232 2292 2331 2337 2307 2230 2164 2186 2236 2258 2199 2169 2250 2220 2160 2166
2743 2849 2923 2892 2894 2838 2736 2653 2612 2624 2640 2714 2839 2703 2637 2806 2790 2700 2762 2846 2794 2709 2709 2842 2715 2697 2750 2719 2618 2525 2579 2667 2635 2655 2735 2703 2737 2758 2666 2515 2354 2330 2400 2451 2276 2077 2033 1969 1961 2027 2070 2099 2168 2266 2353 2355 2319 2325 2424 2461 2429 2353 2213 2294 2310 2208 2233 2245 2255 2251 2246 2246 2220 2193 2195 2255 2313 2319 2228 2202 2259 2240 2180 2163
