test/net/g2lab/icchange/view/histogram/change-07_b1.txt
ncols         376
nrows         508
xllcorner     532895
yllcorner     5948510
cellsize      5
NODATA_value  -9999
[rows 272 to 305 of 508, columns 154 to 230 of 376]
-9999 -9999 -9999 -9999 -9999 5047 4923 4787 4840 5010 4899 4824 4860 4794 4765 4667 4669 4767 4767 4711 4685 4730 4751 4797 4847 4705 4747 4842 4798 4830 -9999 -9999 4853 -9999 -9999 -9999 4615 4570 4672 4792 4686 4753 4841 4842 4934 5167 -9999 -9999 -9999 -9999 -9999 -9999 -9999 -9999 -9999 -9999 -9999 -9999 -9999 -9999 -9999 -9999 -9999 -9999 -9999 -9999 -9999 -9999 -9999 -9999 -9999 -9999 -9999 -9999 -9999 -9999 -9999
-9999 -9999 -9999 -9999 -9999 -9999 4912 4872 4880 4905 4823 4809 4783 4727 4769 4770 4716 4775 4814 4715 4636 4692 4782 4985 4972 4751 4793 4841 4875 4998 -9999 -9999 -9999 -9999 -9999 -9999 4668 4852 4769 4713 4754 4846 4755 4707 4894 5224 -9999 -9999 -9999 -9999 -9999 -9999 -9999 -9999 -9999 -9999 -9999 -9999 -9999 -9999 -9999 -9999 -9999 -9999 -9999 -9999 -9999 -9999 -9999 -9999 -9999 -9999 -9999 -9999 -9999 -9999 -9999
-9999 -9999 -9999 -9999 -9999 -9999 4913 4879 4903 4841 4744 4735 4823 4860 4874 4946 4821 4771 4908 4852 4699 4670 4790 5040 4990 4780 4821 4821 4869 4981 4915 -9999 -9999 -9999 -9999 -9999 4872 4894 4669 4525 4691 4865 4825 4795 5007 -9999 -9999 -9999 -9999 -9999 -9999 -9999 5022 5005 5093 -9999 -9999 -9999 -9999 -9999 -9999 -9999 -9999 -9999 -9999 -9999 -9999 -9999 -9999 -9999 -9999 -9999 -9999 -9999 -9999 -9999 -9999
-9999 -9999 -9999 -9999 -9999 4947 4890 4870 4896 4793 4685 4706 4789 4814 4851 4944 4878 4687 4742 4852 4798 4706 4749 4937 4821 4729 4810 4785 4656 4879 5146 5057 -9999 -9999 -9999 -9999 -9999 -9999 4705 -9999 -9999 -9999 -9999 4947 5201 -9999 -9999 -9999 -9999 -9999 -9999 -9999 5112 4997 -9999 -9999 -9999 -9999 -9999 -9999 -9999 -9999 -9999 -9999 -9999 -9999 -9999 -9999 -9999 -9999 -9999 -9999 -9999 -9999 -9999 -9999 -9999
5152 -9999 -9999 -9999 4970 4978 4946 4912 4863 4723 4609 4626 4694 4693 4737 4901 5027 4830 4645 4744 4827 4859 4795 4739 4668 4729 4888 4944 4768 4750 4977 4978 4889 -9999 -9999 -9999 -9999 -9999 -9999 -9999 -9999 -9999 -9999 -9999 -9999 -9999 -9999 -9999 -9999 -9999 -9999 -9999 -9999 -9999 -9999 -9999 -9999 -9999 -9999 -9999 -9999 -9999 -9999 -9999 -9999 -9999 -9999 -9999 -9999 -9999 -9999 -9999 -9999 -9999 -9999 -9999 -9999
-9999 -9999 -9999 -9999 4879 4864 4872 4909 4835 4697 4626 4644 4696 4696 4772 4847 4929 4854 4623 4626 4766 4795 4815 4727 4725 4843 4778 4826 4854 4557 4609 4857 4942 5167 -9999 4590 -9999 -9999 -9999 -9999 -9999 -9999 -9999 -9999 -9999 -9999 -9999 -9999 -9999 5025 -9999 -9999 -9999 -9999 -9999 -9999 -9999 -9999 -9999 -9999 -9999 -9999 5112 -9999 -9999 -9999 -9999 -9999 -9999 -9999 -9999 -9999 -9999 -9999 -9999 -9999 -9999
-9999 -9999 -9999 5075 4950 4825 4791 4831 4735 4599 4614 4687 4758 4827 4935 4817 4780 4801 4669 4827 4878 4764 4907 4833 4798 4899 4822 4789 4830 4669 4792 4897 4916 4980 4943 4682 4641 -9999 -9999 -9999 -9999 -9999 -9999 -9999 -9999 -9999 -9999 -9999 -9999 5035 -9999 -9999 -9999 -9999 -9999 -9999 -9999 -9999 -9999 -9999 -9999 5054 5225 5153 -9999 -9999 -9999 -9999 -9999 -9999 -9999 -9999 -9999 -9999 -9999 -9999 -9999
-9999 -9999 -9999 5192 5005 4926 4958 4979 4843 4696 4638 4639 4651 4771 4907 4832 4858 4817 4716 4945 4851 4736 4876 4739 4710 4856 4936 4848 4671 4640 4779 4831 4831 4824 -9999 4817 4648 4614 -9999 -9999 -9999 -9999 -9999 -9999 -9999 -9999 -9999 -9999 -9999 -9999 -9999 -9999 -9999 -9999 -9999 -9999 -9999 -9999 -9999 -9999 -9999 -9999 -9999 -9999 5320 -9999 -9999 -9999 -9999 -9999 -9999 -9999 -9999 -9999 -9999 -9999 -9999
-9999 -9999 -9999 -9999 4833 4787 4884 4943 4887 4854 4822 4767 4692 4701 4779 4853 4903 4792 4728 4837 4679 4623 4718 4629 4713 4744 4813 4885 4508 4460 4697 4806 4990 4890 4698 4790 4719 4593 -9999 -9999 -9999 -9999 -9999 -9999 -9999 -9999 -9999 -9999 -9999 -9999 -9999 -9999 -9999 -9999 -9999 -9999 -9999 -9999 -9999 -9999 -9999 -9999 -9999 -9999 5414 -9999 -9999 -9999 -9999 -9999 -9999 -9999 -9999 -9999 -9999 -9999 -9999
-9999 -9999 -9999 -9999 4901 4804 4810 4756 4681 4710 4750 4724 4675 4727 4694 4737 4841 4801 4762 4793 4734 4671 4685 4722 4809 4698 4628 4686 4567 4553 4787 4868 4873 4846 4600 4565 4552 4659 -9999 -9999 -9999 -9999 -9999 -9999 -9999 -9999 -9999 4976 4956 5025 -9999 -9999 -9999 -9999 -9999 -9999 -9999 -9999 -9999 -9999 -9999 -9999 -9999 -9999 -9999 -9999 -9999 -9999 -9999 -9999 -9999 -9999 -9999 -9999 -9999 -9999 -9999
-9999 -9999 4979 4907 4936 4880 4868 4742 4639 4694 4727 4656 4558 4574 4610 4751 4868 4828 4882 4938 4881 4719 4774 4772 4679 4467 4598 4787 4872 4735 4667 4731 4725 4774 -9999 -9999 -9999 4717 -9999 -9999 -9999 -9999 -9999 -9999 -9999 -9999 4840 4944 4955 -9999 -9999 -9999 -9999 -9999 -9999 -9999 -9999 -9999 -9999 -9999 -9999 -9999 -9999 -9999 -9999 -9999 -9999 -9999 -9999 -9999 -9999 -9999 -9999 -9999 -9999 -9999 -9999
-9999 -9999 4976 4825 4844 4888 4883 4898 4755 4743 4817 4774 4746 4693 4669 4879 4843 4738 4798 4802 4725 4663 4780 4658 4564 4577 4809 4834 4774 4836 4733 4599 4635 4590 -9999 4724 -9999 -9999 -9999 -9999 -9999 -9999 -9999 -9999 4774 5098 4930 4815 4921 4991 -9999 -9999 -9999 -9999 -9999 -9999 -9999 -9999 -9999 -9999 -9999 -9999 -9999 5026 -9999 5156 -9999 -9999 -9999 -9999 -9999 -9999 -9999 -9999 -9999 -9999 -9999
-9999 -9999 -9999 4803 4781 4775 4827 4920 4742 4700 4767 4739 4803 4762 4711 4888 4617 4585 4740 4589 4543 4649 4822 4725 4730 4751 4655 4785 4771 4809 4804 4466 4537 4799 -9999 -9999 -9999 -9999 -9999 -9999 -9999 -9999 -9999 -9999 4919 5219 4983 4777 4827 4864 4931 -9999 5094 5106 5056 -9999 -9999 -9999 -9999 5164 5189 -9999 5074 5094 -9999 5082 -9999 -9999 -9999 -9999 -9999 -9999 -9999 -9999 -9999 -9999 -9999
-9999 -9999 -9999 5017 4829 4679 4711 4775 4677 4716 4761 4753 4779 4751 4800 4867 4646 4650 4777 4689 4765 4814 4800 4751 4761 4795 4719 4676 4623 4709 4829 4732 4665 -9999 -9999 -9999 -9999 -9999 -9999 -9999 -9999 -9999 -9999 -9999 4921 5052 5087 5068 5062 5034 5000 -9999 5034 5054 5050 4942 -9999 5056 5087 5085 5097 5190 5261 -9999 -9999 4920 4750 4918 -9999 -9999 -9999 -9999 -9999 -9999 -9999 -9999 -9999
-9999 -9999 -9999 -9999 -9999 4731 4732 4778 4799 4881 4841 4791 4807 4763 4754 4762 4734 4693 4696 4707 4787 4865 4680 4617 4820 4899 4856 4654 4622 4824 -9999 -9999 -9999 -9999 -9999 4767 4726 -9999 -9999 -9999 -9999 -9999 -9999 -9999 4801 4918 5023 5024 5077 5121 5104 5044 4968 4966 5013 5018 4955 4968 4994 4992 4989 5043 5144 -9999 -9999 4948 -9999 -9999 5435 -9999 -9999 -9999 -9999 -9999 -9999 -9999 -9999
-9999 -9999 -9999 -9999 -9999 4887 4886 4854 4904 4967 4883 4657 4672 4800 4730 4648 4669 4734 4748 4640 4644 4827 4776 4616 4648 4739 4868 4800 4639 -9999 -9999 4602 4821 4733 4504 4497 4607 4639 -9999 -9999 -9999 -9999 -9999 -9999 4846 5064 5038 4884 4864 4925 4988 4961 4904 4905 5014 5073 4986 4919 4925 4934 4992 5097 5150 -9999 -9999 -9999 -9999 -9999 -9999 -9999 -9999 -9999 -9999 -9999 -9999 -9999 -9999
-9999 -9999 -9999 -9999 -9999 -9999 4921 4930 4931 4956 4940 4833 4716 4777 4764 4718 4791 4882 4827 4630 4570 4694 4701 4684 4611 4600 4596 4702 -9999 -9999 -9999 4511 4693 4694 4447 4532 4662 4487 4633 -9999 -9999 -9999 -9999 -9999 -9999 4893 4921 4804 4807 4881 5022 5062 4983 4941 5002 5071 5018 4944 4888 4895 4948 5055 5106 5082 -9999 -9999 -9999 -9999 -9999 -9999 -9999 -9999 -9999 -9999 -9999 -9999 -9999
-9999 -9999 -9999 -9999 -9999 -9999 4922 5013 5007 5005 4931 4832 4659 4676 4768 4749 4816 4867 4815 4693 4644 4692 4717 4757 4819 4736 4623 4669 -9999 4729 4626 4619 4615 4642 4612 4776 4860 4735 4724 -9999 -9999 -9999 -9999 -9999 -9999 -9999 4725 4758 4762 4833 4975 5110 5114 5064 5020 4995 4983 4948 4894 4870 4915 4988 5021 5069 5148 5248 -9999 -9999 -9999 -9999 -9999 -9999 -9999 -9999 -9999 -9999 -9999
-9999 -9999 4772 -9999 -9999 -9999 4958 5060 5010 4952 4663 4562 4632 4683 4743 4720 4732 4681 4713 4714 4687 4687 4643 4599 4713 4751 4718 4693 4657 4619 4657 4738 4721 4623 4639 4729 4686 4698 4675 4519 -9999 -9999 -9999 -9999 -9999 -9999 4744 4854 4853 4783 4784 -9999 -9999 -9999 4889 4850 4865 4916 4926 4939 4971 4995 4976 5050 5271 5397 5180 -9999 -9999 5258 -9999 -9999 -9999 -9999 -9999 -9999 -9999
-9999 -9999 4908 5066 -9999 -9999 4962 4885 4876 4878 4559 4536 4763 4698 4666 4705 4696 4581 4679 4732 4636 4584 4583 4623 4719 4726 4759 4784 4761 4692 4750 4870 4876 4647 4552 4603 4502 4558 4678 4644 -9999 -9999 -9999 -9999 -9999 -9999 -9999 4906 4882 4807 4780 4803 -9999 -9999 4824 4767 4793 4857 4924 4986 5051 5010 4925 4937 5161 5246 5000 4945 5010 5139 5194 -9999 -9999 -9999 -9999 -9999 -9999
-9999 -9999 -9999 4945 4887 -9999 5048 4923 -9999 -9999 4901 4805 4763 4648 4621 4762 4738 4590 4705 4669 4580 4576 4670 4773 4766 4673 4652 4671 4704 4721 4803 4824 4755 4643 4598 4647 4633 4614 4709 4790 4810 -9999 -9999 -9999 -9999 -9999 -9999 4796 4746 4743 4824 4927 4993 5126 4978 4714 4762 4795 4835 4905 5005 4967 4857 4830 4909 5026 5008 5099 5073 5073 -9999 -9999 -9999 -9999 -9999 -9999 -9999
-9999 -9999 -9999 4947 -9999 -9999 5048 5129 -9999 -9999 4894 4858 4764 4660 4630 4781 4703 4609 4699 4563 4624 4694 4704 4808 4780 4665 4618 4620 4640 4688 4779 4809 4623 4516 4634 4746 4659 4549 4678 4713 4726 4724 -9999 -9999 -9999 -9999 -9999 4798 4781 4796 4835 4901 4903 4875 4779 4697 4805 4787 4749 4805 4908 4931 4899 4885 4906 5028 5138 5126 5022 5016 5087 -9999 -9999 -9999 -9999 -9999 -9999
-9999 -9999 -9999 -9999 -9999 -9999 -9999 5156 -9999 4929 4808 4877 4900 4859 4830 4819 4598 4647 4647 4460 4649 4736 4649 4740 4734 4702 4697 4699 4662 4694 4740 4669 4535 4467 4644 4807 4787 4679 4722 4601 4680 4857 -9999 -9999 -9999 -9999 -9999 -9999 -9999 4851 4759 4718 4753 4764 4834 4848 4856 4833 4748 4765 4890 4946 4967 4993 5012 5042 5078 4974 4869 4934 5017 -9999 -9999 -9999 -9999 -9999 -9999
-9999 -9999 -9999 -9999 -9999 -9999 -9999 -9999 4960 4937 4880 4835 4813 4750 4779 4747 4589 4802 4750 4551 4710 4709 4706 4696 4633 4665 4728 4741 4716 4734 4675 4564 4660 4745 4735 4707 4720 4768 4797 4649 4639 4772 4807 -9999 -9999 -9999 -9999 -9999 -9999 4887 4871 4858 4946 5014 5041 5001 4906 4848 4805 4847 4914 4947 4950 4979 4915 4877 4970 4875 4802 4897 -9999 -9999 -9999 -9999 -9999 -9999 -9999
-9999 -9999 -9999 -9999 -9999 -9999 -9999 -9999 4960 4955 4914 4914 4822 4652 4629 4672 4706 4864 4745 4640 4713 4591 4617 4655 4627 4630 4609 4611 4651 4750 4725 4592 4590 4756 4722 4583 4579 4495 4562 4639 4663 4712 4590 4482 -9999 -9999 -9999 -9999 -9999 4766 4816 4908 5079 5010 4804 4799 4725 4720 4815 4937 4946 4862 4800 4782 4709 4772 4990 4955 4880 4872 4893 -9999 -9999 -9999 -9999 -9999 -9999
-9999 -9999 -9999 -9999 -9999 -9999 -9999 -9999 4977 4995 4898 4955 4918 4789 4739 4657 4685 4704 4613 4527 4521 4531 4670 4760 4794 4819 4747 4573 4581 4758 4847 4793 4733 4808 4721 4740 4795 4635 4682 4751 4809 4983 4802 4622 4698 -9999 -9999 -9999 -9999 -9999 4779 4813 4879 4949 4863 4750 4640 4586 4692 4845 4893 4842 4746 4696 4747 4804 4966 5031 4932 4824 4871 5026 -9999 -9999 -9999 -9999 -9999
-9999 -9999 -9999 -9999 -9999 -9999 -9999 -9999 -9999 -9999 4846 4887 4825 4768 4716 4612 4623 4625 4549 4540 4593 4732 4850 4865 4760 4703 4725 4634 4577 4666 4721 4829 4854 4828 4722 4727 4774 4749 4845 4756 4713 4836 4676 4668 4780 -9999 -9999 -9999 -9999 -9999 4864 4973 5005 4986 4984 4907 4803 4702 4710 4794 4861 4907 4994 4938 4842 4712 4861 4989 4889 4863 4934 5023 4893 -9999 -9999 -9999 -9999
-9999 -9999 -9999 -9999 -9999 -9999 -9999 -9999 -9999 -9999 4881 4779 4664 4643 4642 4626 4685 4668 4686 4746 4736 4819 4895 4879 4712 4589 4653 4725 4725 4658 4653 4795 4807 4772 4723 4634 4679 4712 4720 4686 4641 4670 4619 4571 4584 4623 -9999 -9999 -9999 -9999 4684 4767 4895 4918 4918 4886 4842 4816 4832 4809 4782 4812 4953 4929 4766 4720 4939 4970 4764 4820 4905 4826 4767 4883 -9999 -9999 -9999
-9999 -9999 -9999 -9999 -9999 -9999 -9999 -9999 -9999 -9999 4965 4728 4561 4589 4625 4713 4810 4754 4837 4816 4622 4660 4728 4735 4694 4664 4631 4623 4615 4574 4644 4795 4804 4713 4616 4568 4733 4710 4642 4644 4578 4769 4867 4737 4635 4589 -9999 -9999 -9999 -9999 -9999 4673 4813 4891 4818 4774 4743 4796 4869 4848 4805 4807 4844 4811 4855 4949 4940 4839 4676 4723 4908 4727 4648 -9999 -9999 -9999 -9999
-9999 -9999 -9999 -9999 -9999 -9999 -9999 -9999 -9999 -9999 4880 4735 4627 4671 4664 4768 4799 4694 4775 4751 4610 4632 4611 4626 4675 4720 4700 4624 4568 4547 4577 4716 4765 4642 4502 4619 4808 4639 4564 4617 4577 4765 4843 4666 4580 4582 4681 4744 -9999 -9999 -9999 4853 4950 4978 4861 4760 4673 4709 4810 4829 4848 4896 4914 4913 4867 5033 5058 4838 4758 4751 4780 4748 4792 -9999 -9999 -9999 -9999
-9999 -9999 -9999 -9999 -9999 4727 -9999 -9999 -9999 -9999 4762 4730 4733 4727 4671 4718 4647 4561 4633 4645 4664 4697 4664 4640 4708 4779 4762 4730 4745 4775 4817 4773 4686 4586 4438 4527 4698 4573 4614 4662 4653 4725 4626 4502 4472 4493 4615 4658 -9999 -9999 -9999 4821 4870 4922 4913 4841 4769 4769 4781 4779 4817 4948 4902 4829 4986 5144 5168 4813 4721 4864 4892 4894 4970 4896 -9999 -9999 -9999
-9999 -9999 -9999 -9999 -9999 -9999 -9999 -9999 -9999 -9999 4710 4690 4773 4746 4650 4657 4561 4568 4610 4542 4651 4741 4711 4652 4703 4772 4754 4731 4795 4808 4764 4773 4608 4556 4626 4740 4676 4615 4739 4703 4624 4601 4522 4566 4646 4651 4674 4644 -9999 -9999 -9999 4825 4751 4807 4859 4868 4851 4862 4792 4712 4725 4808 4800 4820 5087 5053 5001 4942 4896 4967 4947 4827 5072 4847 -9999 -9999 -9999
-9999 -9999 -9999 -9999 4777 4860 4897 -9999 -9999 -9999 4712 4697 4797 4740 4666 4647 4576 4694 4672 4510 4613 4698 4664 4608 4671 4754 4743 4703 4692 4654 4604 4790 4781 4633 4664 4808 4657 4547 4742 4825 4747 4623 4628 4718 4698 4650 4688 4738 4668 -9999 -9999 -9999 4725 4774 4776 4752 4754 4790 4767 4738 4736 4756 4760 4790 4933 5135 5020 4989 4977 4859 4964 4976 4956 4826 4647 -9999 -9999
-9999 -9999 -9999 -9999 4732 4856 4938 -9999 -9999 4662 4705 4713 4752 4703 4651 4562 4535 4695 4709 4631 4693 4703 4630 4602 4689 4782 4770 4661 4590 4696 4667 4544 4536 4608 4582 4613 4657 4733 4767 4806 4833 4632 4519 4658 4686 4621 4647 4766 4764 -9999 -9999 -9999 -9999 4779 4770 4713 4666 4641 4620 4664 4802 4823 4744 4901 4954 5008 4981 4973 5057 5034 4877 4849 4841 4914 4781 -9999 -9999
