test/net/g2lab/icchange/view/histogram/change-07_b2.txt
ncols         411
nrows         508
xllcorner     532720
yllcorner     5948510
cellsize      5
NODATA_value  -9999
[rows 266 to 303 of 508, columns 84 to 167 of 411]
3829 3832 3816 3845 3883 3738 3702 3727 3686 3732 3743 3641 3616 3773 3869 3750 3726 3610 3514 3638 3673 3666 3683 3720 3749 3714 3696 3749 3790 3792 3820 3889 3850 3831 3902 3928 3896 3922 4029 4101 4158 4260 4412 4568 4501 4374 4469 4305 4261 4353 4409 4296 4238 4366 4333 4477 4655 4711 4919 4995 4977 4932 4769 4589 4686 4950 5030 4905 4881 5071 5021 4935 5083 5043 5148 5239 5206 5256 5149 5091 5178 5229 5264 5290
3927 3934 3879 3938 3979 3840 3688 3695 3712 3741 3773 3762 3748 3805 3811 3761 3727 3591 3573 3653 3660 3634 3618 3674 3752 3767 3752 3757 3784 3780 3814 3860 3799 3805 3848 3856 3815 3878 4015 4065 4035 4111 4272 4386 4318 4302 4371 4266 4328 4368 4279 4207 4153 4283 4388 4408 4572 4770 4978 4929 4794 4765 4701 4440 4478 4801 4987 4883 4782 4908 4898 4968 5009 4977 5112 5203 5272 5385 5233 5169 5241 5272 5422 5553
3906 3792 3662 3722 3849 3853 3726 3684 3729 3754 3805 3809 3741 3700 3683 3750 3776 3682 3721 3788 3799 3768 3682 3658 3720 3759 3788 3784 3766 3740 3788 3798 3736 3783 3815 3784 3756 3864 4060 4083 3978 4004 4132 4216 4166 4230 4253 4195 4325 4301 4214 4260 4320 4401 4415 4330 4607 4840 4908 4847 4745 4721 4714 4474 4389 4681 4949 4869 4770 4773 4841 4986 5026 5019 5127 5193 5374 5462 5293 5297 5337 5407 5613 5719
3927 3763 3577 3610 3651 3714 3759 3771 3781 3770 3774 3765 3727 3673 3676 3754 3685 3585 3679 3833 3882 3873 3784 3675 3676 3736 3798 3804 3767 3742 3781 3749 3711 3760 3770 3731 3775 3928 4125 4120 3978 4014 4091 4148 4134 4170 4122 4154 4304 4332 4312 4314 4363 4337 4282 4308 4560 4721 4840 4925 4954 4846 4646 4461 4408 4634 4853 4780 4756 4770 4838 4974 5059 5090 5181 5282 5435 5495 5403 5431 5425 5511 5676 5696
3910 3813 3740 3799 3798 3775 3803 3821 3822 3772 3728 3717 3720 3735 3766 3819 3693 3562 3625 3792 3668 3709 3823 3677 3628 3719 3842 3896 3841 3787 3803 3745 3745 3788 3772 3725 3834 4016 4102 4014 3971 4077 4107 4155 4160 4150 4090 4185 4270 4209 4268 4320 4228 4103 4239 4463 4648 4681 4820 4924 4887 4862 4706 4516 4456 4592 4724 4711 4728 4802 4804 4839 5014 5077 5249 5412 5463 5543 5521 5477 5461 5495 5600 5616
3834 3797 3850 3936 3929 3764 3750 3802 3789 3725 3669 3680 3715 3748 3794 3812 3713 3631 3689 3755 3555 3675 3815 3617 3642 3606 3616 3709 3781 3828 3833 3801 3827 3840 3785 3733 3887 3994 3936 3857 3967 4078 4057 4117 4140 4120 4117 4249 4216 4102 4196 4362 4251 4080 4279 4493 4638 4673 4642 4848 4969 4937 4888 4736 4680 4741 4754 4708 4656 4682 4868 4931 5047 5115 5319 5510 5543 5644 5569 5456 5446 5454 5493 5568
3764 3711 3791 3841 3814 3713 3728 3765 3726 3677 3656 3690 3729 3761 3758 3763 3746 3696 3768 3755 3598 3758 3732 3652 3762 3731 3604 3601 3710 3878 3845 3751 3846 3841 3762 3724 3929 3919 3802 3822 3989 4016 3973 4044 4048 4040 4088 4223 4234 4103 4142 4297 4179 4115 4289 4279 4447 4648 4718 4915 5014 4919 4827 4674 4590 4669 4745 4757 4650 4688 4999 5112 5199 5391 5446 5336 5401 5625 5542 5417 5473 5520 5407 5511
3816 3778 3839 3763 3756 3791 3776 3759 3720 3692 3687 3737 3778 3768 3718 3764 3789 3751 3821 3777 3736 3846 3668 3624 3779 3835 3812 3763 3779 3815 3779 3749 3836 3763 3791 3814 3864 3868 3807 3929 4132 4020 3966 4012 3981 3996 4075 4170 4225 4094 4021 4120 4084 4206 4263 4194 4316 4681 4870 4830 4858 4894 4869 4752 4536 4422 4544 4687 4787 4896 5101 5224 5297 5393 5413 5277 5255 5497 5596 5400 5396 5478 5287 5319
3757 3755 3876 3859 3845 3836 3793 3763 3742 3721 3715 3758 3775 3732 3717 3791 3771 3724 3768 3737 3813 3835 3617 3560 3643 3722 3770 3806 3743 3695 3807 3862 3912 3872 3889 3785 3749 3907 3880 3973 4134 4059 4052 4051 4036 4077 4140 4117 4058 4017 4062 4154 4179 4271 4290 4195 4273 4593 4757 4695 4758 4931 5071 5016 4819 4530 4515 4769 5012 5173 5217 5318 5394 5526 5651 5691 5717 5618 5466 5231 5224 5348 5386 5428
3714 3711 3796 3803 3803 3762 3717 3715 3730 3739 3730 3722 3716 3668 3682 3783 3741 3672 3672 3665 3809 3809 3629 3585 3599 3649 3731 3802 3727 3706 3807 3734 3788 3853 3802 3743 3770 3907 3884 3878 4011 4142 4189 4165 4114 4139 4215 4209 4068 4022 4143 4367 4327 4200 4166 4143 4228 4447 4642 4701 4776 4937 5067 5064 4939 4758 4748 4976 5184 5366 5363 5408 5602 5865 5805 5742 5834 5623 5275 5208 5374 5445 5537 5588
3792 3796 3863 3802 3682 3659 3627 3642 3696 3732 3731 3689 3670 3624 3671 3767 3751 3699 3671 3711 3816 3792 3702 3717 3792 3654 3617 3752 3770 3807 3813 3647 3664 3723 3775 3860 3865 3879 3874 3880 3970 4103 4158 4165 4097 4019 4039 4124 4058 4015 4110 4344 4373 4225 4253 4156 4268 4492 4552 4613 4718 4814 4772 4751 4866 5019 5141 5192 5344 5521 5502 5410 5625 5904 5621 5454 5639 5607 5350 5321 5546 5506 5487 5524
3791 3825 3892 3776 3645 3684 3701 3743 3774 3758 3752 3735 3724 3720 3683 3752 3802 3769 3751 3779 3804 3764 3691 3737 3815 3608 3533 3680 3747 3762 3789 3748 3736 3761 3936 4040 3865 3860 3904 3915 3933 3970 4039 4097 4121 4119 4027 3988 4027 4150 4262 4319 4313 4378 4462 4284 4159 4337 4450 4387 4630 4840 4791 4739 4956 5297 5464 5484 5480 5484 5438 5218 5245 5463 5339 5334 5496 5585 5507 5429 5445 5385 5421 5496
3775 3817 3835 3778 3703 3717 3745 3804 3837 3802 3758 3717 3731 3751 3673 3740 3801 3773 3745 3749 3755 3695 3600 3588 3677 3638 3618 3721 3725 3601 3766 3878 3857 3864 3923 3902 3754 3849 3921 3933 3919 3927 4013 4106 4157 4218 4120 3971 4111 4357 4367 4213 4224 4296 4286 4193 4176 4252 4374 4204 4404 4856 5132 5150 5234 5492 5604 5501 5424 5262 5130 4945 4912 5188 5414 5473 5378 5432 5531 5347 5194 5186 5228 5332
3758 3790 3813 3825 3798 3748 3727 3746 3772 3771 3738 3711 3705 3676 3675 3850 3840 3734 3678 3638 3674 3690 3631 3604 3698 3817 3815 3861 3708 3545 3716 3778 3831 3859 3704 3693 3726 3816 3873 3911 3936 3976 4059 4156 4190 4186 4256 4143 4104 4298 4380 4212 4178 4317 4284 4225 4356 4244 4366 4630 4874 5156 5349 5357 5346 5436 5366 5236 5257 5016 4889 4982 5032 5252 5461 5442 5254 5239 5369 5254 5112 5004 5034 5167
3756 3791 3816 3841 3823 3780 3757 3768 3757 3740 3750 3778 3804 3753 3776 3910 3828 3782 3804 3763 3691 3735 3809 3884 3831 3812 3798 3804 3748 3629 3686 3663 3800 3854 3706 3755 3808 3813 3830 3875 3942 4030 4128 4195 4194 4132 4092 4099 4092 4237 4434 4436 4227 4222 4335 4392 4470 4704 4963 5262 5345 5384 5297 5161 5103 5150 5145 5100 5135 5032 5055 5181 5216 5308 5329 5319 5265 5096 5211 5228 5062 4926 4958 5126
3784 3828 3794 3780 3803 3817 3814 3804 3779 3755 3762 3806 3832 3815 3770 3808 3805 3776 3795 3786 3703 3712 3775 3757 3642 3667 3638 3582 3749 3764 3719 3736 3815 3934 3909 3906 3881 3840 3821 3833 3885 4010 4121 4163 4176 4012 3922 4168 4284 4239 4226 4286 4322 4393 4595 4958 5277 5355 5284 5163 5044 4917 4805 4870 4972 5060 5245 5255 5209 5236 5247 5064 5172 5479 5296 5259 5276 5039 5119 5181 5005 4919 4931 5041
3771 3809 3789 3771 3783 3811 3832 3836 3819 3791 3762 3787 3783 3743 3688 3785 3832 3713 3673 3725 3722 3673 3680 3668 3617 3703 3853 3745 3701 3744 3811 3781 3704 3765 3858 3880 3869 3861 3845 3836 3846 3934 4038 4062 4040 4057 4092 4296 4395 4295 4286 4529 4850 5030 5198 5474 5561 5225 4870 4718 4617 4522 4608 4935 5168 5191 5233 5284 5229 5228 5280 5094 5240 5543 5324 5197 5182 5139 5239 5210 5025 4854 4815 4800
3698 3792 3890 3859 3823 3804 3813 3829 3845 3829 3789 3785 3701 3638 3654 3793 3838 3688 3657 3761 3726 3594 3667 3791 3774 3646 3877 3871 3621 3661 3798 3708 3565 3636 3747 3814 3828 3896 3932 3906 3869 3883 3930 3943 3968 4212 4223 4228 4427 4707 4942 5188 5420 5534 5277 5042 5012 4741 4343 4246 4452 4631 4834 5075 5210 5295 5242 5243 5156 5160 5182 5090 5222 5409 5357 5237 5160 5209 5305 5318 5198 4965 4782 4629
3683 3829 3980 3926 3861 3790 3766 3781 3809 3824 3802 3779 3668 3640 3739 3794 3842 3749 3690 3788 3692 3599 3703 3692 3870 3858 3799 3832 3664 3538 3721 3792 3706 3776 3881 3948 3853 3838 3961 3966 3923 3892 3896 3950 3975 4075 4120 4186 4590 5119 5431 5346 5160 5070 4721 4392 4493 4442 4187 4219 4605 4831 5005 5070 5108 5322 5351 5225 5124 5113 5058 5057 5283 5408 5380 5277 5215 5094 5134 5242 5179 5028 4801 4666
3712 3775 3907 3892 3821 3771 3732 3741 3778 3786 3764 3745 3708 3780 3816 3778 3844 3775 3685 3713 3716 3677 3708 3708 3871 3854 3626 3586 3681 3657 3695 3840 3814 3738 3864 3953 3796 3755 3924 3840 3858 3928 3960 4016 3982 3991 4158 4225 4490 4867 4991 4732 4330 4328 4430 4280 4261 4416 4353 4346 4564 4796 5020 4990 4954 5170 5281 5212 5155 5164 5024 5096 5354 5384 5383 5380 5350 5214 5130 5111 5008 5000 4805 4683
3832 3832 3796 3807 3764 3742 3731 3775 3805 3769 3709 3746 3825 3845 3800 3774 3827 3706 3570 3665 3821 3767 3718 3693 3667 3650 3704 3743 3799 3718 3584 3617 3792 3763 3761 3840 3764 3901 3998 3818 3858 3979 3987 3937 4003 4040 4134 4109 4290 4446 4365 4178 4111 4181 4272 4245 4315 4450 4390 4352 4402 4671 4965 4982 4816 4875 5097 5191 5247 5215 5011 5104 5317 5335 5359 5448 5433 5274 5075 4966 4984 5036 4835 4774
3918 3907 3724 3745 3795 3794 3802 3845 3873 3845 3770 3811 3815 3758 3770 3800 3757 3589 3512 3721 3922 3795 3679 3693 3676 3637 3839 3934 3790 3646 3716 3749 3742 3736 3720 3780 3796 4024 4059 3900 3926 3982 3939 3889 4060 4033 3909 3914 4036 4181 4229 4233 4343 4300 4256 4338 4381 4347 4329 4360 4320 4579 4953 4997 4867 4794 4993 5119 5296 5208 4978 5061 5206 5261 5289 5418 5377 5151 4967 4920 5025 5056 4858 4934
3822 3843 3731 3783 3817 3834 3861 3892 3807 3805 3843 3821 3665 3631 3807 3828 3692 3583 3600 3796 3889 3760 3699 3834 3830 3649 3765 3919 3820 3722 3942 3865 3703 3780 3725 3708 3821 4017 3992 3902 3926 3961 3917 3900 3997 4035 3970 3949 4062 4211 4294 4261 4296 4259 4305 4402 4449 4401 4357 4372 4325 4522 4855 5010 5087 4927 4922 5096 5300 5157 4940 5055 5151 5187 5184 5241 5170 5043 4945 4933 5015 4966 4860 5014
3772 3840 3833 3799 3778 3768 3809 3830 3682 3726 3841 3740 3624 3688 3857 3805 3653 3659 3810 3803 3747 3812 3882 3751 3757 3654 3629 3857 3871 3726 3838 3869 3842 3823 3682 3656 3774 3909 3863 3841 3885 3943 3957 3911 3930 3992 4026 4067 4122 4166 4165 4141 4157 4230 4409 4386 4271 4291 4336 4307 4270 4461 4689 4960 5151 4996 4901 5068 5186 5030 4983 5121 5181 5166 5110 5084 5068 5070 4991 4905 4888 4871 4874 5024
3714 3866 3850 3780 3771 3739 3752 3763 3702 3683 3837 3836 3712 3746 3806 3800 3797 3757 3792 3742 3680 3745 3828 3670 3771 3825 3696 3612 3634 3611 3643 3849 3915 3771 3626 3695 3752 3813 3796 3797 3855 3960 3999 3940 3917 3949 3972 4021 4064 4050 4001 4025 4190 4343 4437 4363 4205 4223 4277 4377 4373 4410 4528 4772 5001 4991 4853 4902 5007 4939 5074 5195 5194 5158 5128 5067 5045 5139 5040 4829 4793 4905 4970 5031
3707 3836 3759 3761 3780 3743 3716 3773 3754 3686 3773 3799 3676 3706 3707 3804 3887 3695 3661 3780 3783 3619 3690 3810 3840 3737 3633 3555 3617 3719 3712 3697 3818 3677 3653 3778 3774 3791 3803 3818 3864 3962 4035 4024 4003 3948 3930 3979 4018 3985 3953 4007 4234 4386 4371 4386 4355 4292 4268 4332 4317 4310 4482 4730 4965 5022 4883 4854 4875 4920 5142 5193 5119 5112 5158 5064 5053 5146 5049 4797 4840 5128 5133 5026
3756 3759 3657 3757 3824 3752 3693 3815 3817 3705 3696 3663 3658 3705 3704 3803 3842 3731 3710 3737 3766 3625 3631 3740 3768 3685 3704 3799 3794 3677 3755 3743 3735 3604 3720 3839 3776 3801 3825 3852 3898 3960 4008 4046 4064 4002 3964 4013 4049 4019 3977 4027 4176 4237 4269 4366 4383 4323 4240 4229 4228 4273 4415 4565 4828 5013 5031 4977 4885 4930 5103 5113 5026 5040 5135 5014 5003 5104 5062 4868 5019 5296 5191 5022
3814 3726 3695 3825 3859 3730 3661 3812 3829 3795 3819 3799 3815 3829 3794 3805 3778 3763 3824 3846 3818 3836 3782 3722 3701 3710 3712 3692 3723 3739 3903 3817 3619 3573 3814 3834 3724 3779 3825 3863 3900 3930 3898 3962 4052 4049 4055 4071 4077 4034 3969 3976 4057 4106 4202 4304 4324 4315 4257 4245 4272 4306 4343 4449 4662 4875 4921 4889 4883 4923 5033 5099 5068 5128 5100 4921 4939 5131 5176 5031 5116 5205 5122 5028
3836 3791 3813 3878 3860 3708 3667 3808 3847 3859 3881 3861 3863 3867 3808 3734 3635 3675 3885 4032 3778 3656 3711 3672 3651 3706 3752 3728 3727 3763 3768 3667 3616 3707 3847 3776 3685 3736 3787 3847 3893 3904 3845 3923 4045 4072 4086 4064 4018 3986 3950 3981 4051 4105 4172 4186 4230 4312 4283 4316 4373 4361 4355 4370 4581 4817 4932 4919 4918 4966 5063 5105 5088 5137 5046 4851 4878 5055 5140 5045 5068 5011 5046 5131
3791 3856 3837 3851 3833 3760 3726 3834 3883 3775 3760 3762 3741 3784 3769 3688 3615 3581 3741 3882 3700 3654 3721 3685 3646 3694 3782 3791 3748 3617 3576 3607 3679 3761 3786 3786 3756 3771 3825 3869 3900 3966 4003 4061 4068 4042 4038 4028 3962 3939 3982 4080 4080 4072 4105 4054 4190 4346 4295 4364 4377 4317 4365 4233 4338 4676 4886 4979 4968 4968 5009 5045 5053 5054 5062 4956 4898 4954 4958 4985 5058 5076 5077 5168
3809 3874 3785 3712 3781 3835 3759 3837 3863 3714 3743 3744 3739 3808 3788 3771 3727 3621 3601 3767 3855 3843 3851 3802 3721 3692 3721 3778 3793 3726 3695 3747 3722 3727 3721 3704 3702 3769 3860 3904 3908 4010 4070 4061 4057 4031 4028 4019 3969 3946 4036 4153 4028 4008 4073 4006 4185 4323 4281 4362 4279 4220 4269 4175 4208 4470 4675 4869 4926 4899 4909 4972 5138 5238 5203 5064 4941 4946 4904 4948 5079 5153 5003 5029
3920 3694 3617 3670 3807 3843 3719 3781 3832 3829 3903 3888 3916 3923 3794 3812 3799 3725 3704 3776 3920 3898 3873 3810 3743 3698 3661 3682 3739 3771 3802 3812 3790 3777 3744 3698 3689 3741 3813 3857 3875 3964 3938 3884 3934 3921 3993 4032 3989 3964 4029 4081 3910 4034 4088 4013 4159 4162 4201 4334 4235 4188 4305 4360 4297 4282 4479 4700 4917 4952 4893 4915 5084 5245 5194 5058 4936 4878 4851 4935 5056 5054 4947 5018
3977 3716 3665 3848 3932 3839 3701 3764 3797 3851 3861 3797 3937 3904 3727 3755 3732 3772 3838 3703 3724 3793 3797 3762 3750 3752 3724 3687 3642 3684 3750 3720 3697 3706 3729 3747 3787 3839 3847 3828 3841 3915 3943 3956 3951 3876 3990 3996 3926 4001 4072 3986 3898 4122 4103 3997 4032 3909 4124 4308 4232 4250 4408 4513 4399 4235 4277 4599 4903 5103 5015 4886 4851 5057 5136 5007 4914 4841 4863 4959 5045 5038 5011 5117
3912 3903 3791 3810 3842 3819 3803 3780 3689 3767 3783 3707 3812 3819 3774 3823 3703 3725 3780 3669 3733 3831 3816 3762 3753 3771 3774 3760 3648 3708 3885 3805 3740 3708 3696 3687 3718 3751 3747 3721 3803 3923 3993 4073 4005 3916 3998 3966 3950 4058 4072 3978 3914 4101 4031 3986 3904 3727 4044 4238 4197 4283 4336 4407 4341 4219 4183 4440 4810 5043 5051 4879 4806 4996 5137 5044 4968 4920 4922 4961 4995 5012 5110 5238
3732 3816 3816 3830 3873 3893 3945 3856 3689 3779 3845 3794 3745 3717 3797 3849 3724 3698 3775 3800 3836 3883 3856 3755 3701 3668 3737 3823 3833 3797 3827 3791 3785 3793 3805 3804 3801 3739 3638 3561 3740 3944 4021 4066 3970 3915 4005 3999 4048 4037 3981 4062 3984 3954 3969 4023 4030 3963 4063 4178 4156 4220 4223 4261 4278 4229 4193 4270 4506 4729 4866 5002 4996 5004 5108 5109 5041 5003 4962 4906 4889 4953 5123 5273
3816 3839 3792 3882 3985 3944 3824 3720 3707 3838 3864 3819 3748 3739 3795 3809 3719 3677 3765 3844 3805 3777 3767 3756 3727 3668 3686 3792 3854 3806 3733 3701 3679 3705 3747 3813 3878 3862 3773 3704 3754 3857 3935 3972 3910 3890 3976 4042 4122 4044 4001 4146 3981 3933 4028 4097 4126 4028 3977 4198 4126 4069 4186 4267 4297 4304 4322 4341 4364 4485 4698 5019 5047 4962 5100 5074 5052 5055 5003 4877 4819 4909 5090 5194
3840 3825 3765 3760 3829 3830 3709 3674 3721 3788 3792 3772 3757 3810 3887 3900 3835 3759 3753 3763 3746 3716 3718 3766 3822 3831 3826 3821 3776 3722 3731 3750 3747 3742 3722 3739 3798 3826 3857 3794 3717 3765 3824 3874 3884 3882 3936 4048 4135 4109 4023 4030 3978 4148 4212 4129 4071 3970 3840 3906 3945 3996 4210 4360 4353 4357 4381 4399 4414 4471 4657 4913 4994 5008 5057 4972 4989 5033 4996 4893 4864 4943 5030 4984
3733 3857 3855 3750 3695 3776 3819 3791 3829 3846 3794 3746 3741 3798 3874 3891 3880 3829 3780 3761 3736 3736 3753 3759 3742 3771 3824 3859 3683 3577 3646 3726 3819 3832 3797 3796 3836 3876 3922 3808 3737 3782 3778 3902 3967 3918 3921 3989 4086 4130 3999 3895 3981 4201 4164 4022 4042 4111 3966 3895 4000 3955 4125 4297 4291 4321 4306 4284 4332 4442 4534 4666 4829 5026 4985 4808 4834 4923 4935 4869 4888 4896 4846 4794
